0.000 0.00000e+00
0.001 -4.26037e-08
0.002 -8.52112e-08
0.003 -1.27826e-07
0.004 -1.70452e-07
0.005 -2.13093e-07
0.006 -2.55752e-07
0.007 -2.98433e-07
0.008 -3.41140e-07
0.009 -3.83877e-07
0.010 -4.26646e-07
0.011 -4.69452e-07
0.012 -5.12299e-07
0.013 -5.55189e-07
0.014 -5.98126e-07
0.015 -6.41114e-07
0.016 -6.84156e-07
0.017 -7.27255e-07
0.018 -7.70416e-07
0.019 -8.13640e-07
0.020 -8.56933e-07
0.021 -9.00295e-07
0.022 -9.43732e-07
0.023 -9.87246e-07
0.024 -1.03084e-06
0.025 -1.07452e-06
0.026 -1.11828e-06
0.027 -1.16213e-06
0.028 -1.20608e-06
0.029 -1.25012e-06
0.030 -1.29425e-06
0.031 -1.33849e-06
0.032 -1.38283e-06
0.033 -1.42727e-06
0.034 -1.47183e-06
0.035 -1.51649e-06
0.036 -1.56126e-06
0.037 -1.60615e-06
0.038 -1.65116e-06
0.039 -1.69628e-06
0.040 -1.74152e-06
0.041 -1.78689e-06
0.042 -1.83238e-06
0.043 -1.87800e-06
0.044 -1.92374e-06
0.045 -1.96962e-06
0.046 -2.01562e-06
0.047 -2.06175e-06
0.048 -2.10802e-06
0.049 -2.15442e-06
0.050 -2.20096e-06
0.051 -2.24763e-06
0.052 -2.29444e-06
0.053 -2.34139e-06
0.054 -2.38847e-06
0.055 -2.43570e-06
0.056 -2.48306e-06
0.057 -2.53056e-06
0.058 -2.57820e-06
0.059 -2.62598e-06
0.060 -2.67390e-06
0.061 -2.72195e-06
0.062 -2.77015e-06
0.063 -2.81849e-06
0.064 -2.86696e-06
0.065 -2.91557e-06
0.066 -2.96432e-06
0.067 -3.01320e-06
0.068 -3.06222e-06
0.069 -3.11137e-06
0.070 -3.16066e-06
0.071 -3.21007e-06
0.072 -3.25962e-06
0.073 -3.30930e-06
0.074 -3.35910e-06
0.075 -3.40903e-06
0.076 -3.45908e-06
0.077 -3.50925e-06
0.078 -3.55955e-06
0.079 -3.60996e-06
0.080 -3.66049e-06
0.081 -3.71113e-06
0.082 -3.76188e-06
0.083 -3.81274e-06
0.084 -3.86370e-06
0.085 -3.91477e-06
0.086 -3.96594e-06
0.087 -4.01721e-06
0.088 -4.06857e-06
0.089 -4.12003e-06
0.090 -4.17157e-06
0.091 -4.22320e-06
0.092 -4.27491e-06
0.093 -4.32670e-06
0.094 -4.37856e-06
0.095 -4.43050e-06
0.096 -4.48250e-06
0.097 -4.53457e-06
0.098 -4.58670e-06
0.099 -4.63889e-06
0.100 -4.69113e-06
