0.000 0.00000e+00
0.001 -2.43131e-11
0.002 -4.86282e-11
0.003 -7.29475e-11
0.004 -9.72728e-11
0.005 -1.21606e-10
0.006 -1.45950e-10
0.007 -1.70306e-10
0.008 -1.94676e-10
0.009 -2.19062e-10
0.010 -2.43466e-10
0.011 -2.67890e-10
0.012 -2.92337e-10
0.013 -3.16807e-10
0.014 -3.41303e-10
0.015 -3.65827e-10
0.016 -3.90381e-10
0.017 -4.14966e-10
0.018 -4.39585e-10
0.019 -4.64239e-10
0.020 -4.88929e-10
0.021 -5.13658e-10
0.022 -5.38428e-10
0.023 -5.63240e-10
0.024 -5.88095e-10
0.025 -6.12995e-10
0.026 -6.37942e-10
0.027 -6.62938e-10
0.028 -6.87983e-10
0.029 -7.13080e-10
0.030 -7.38229e-10
0.031 -7.63433e-10
0.032 -7.88691e-10
0.033 -8.14007e-10
0.034 -8.39380e-10
0.035 -8.64812e-10
0.036 -8.90305e-10
0.037 -9.15858e-10
0.038 -9.41474e-10
0.039 -9.67153e-10
0.040 -9.92896e-10
0.041 -1.01870e-09
0.042 -1.04458e-09
0.043 -1.07052e-09
0.044 -1.09652e-09
0.045 -1.12260e-09
0.046 -1.14874e-09
0.047 -1.17496e-09
0.048 -1.20124e-09
0.049 -1.22759e-09
0.050 -1.25401e-09
0.051 -1.28050e-09
0.052 -1.30706e-09
0.053 -1.33369e-09
0.054 -1.36040e-09
0.055 -1.38717e-09
0.056 -1.41401e-09
0.057 -1.44093e-09
0.058 -1.46791e-09
0.059 -1.49496e-09
0.060 -1.52209e-09
0.061 -1.54928e-09
0.062 -1.57654e-09
0.063 -1.60387e-09
0.064 -1.63126e-09
0.065 -1.65872e-09
0.066 -1.68625e-09
0.067 -1.71384e-09
0.068 -1.74150e-09
0.069 -1.76922e-09
0.070 -1.79700e-09
0.071 -1.82484e-09
0.072 -1.85274e-09
0.073 -1.88070e-09
0.074 -1.90872e-09
0.075 -1.93679e-09
0.076 -1.96492e-09
0.077 -1.99309e-09
0.078 -2.02132e-09
0.079 -2.04960e-09
0.080 -2.07793e-09
0.081 -2.10630e-09
0.082 -2.13472e-09
0.083 -2.16318e-09
0.084 -2.19167e-09
0.085 -2.22021e-09
0.086 -2.24878e-09
0.087 -2.27739e-09
0.088 -2.30603e-09
0.089 -2.33469e-09
0.090 -2.36339e-09
0.091 -2.39211e-09
0.092 -2.42085e-09
0.093 -2.44961e-09
0.094 -2.47839e-09
0.095 -2.50718e-09
0.096 -2.53599e-09
0.097 -2.56480e-09
0.098 -2.59363e-09
0.099 -2.62245e-09
0.100 -2.65128e-09
