0.000 0.00000e+00
0.001 -2.41449e-26
0.002 -4.82962e-26
0.003 -7.24602e-26
0.004 -9.66434e-26
0.005 -1.20852e-25
0.006 -1.45093e-25
0.007 -1.69372e-25
0.008 -1.93696e-25
0.009 -2.18071e-25
0.010 -2.42504e-25
0.011 -2.67001e-25
0.012 -2.91569e-25
0.013 -3.16214e-25
0.014 -3.40942e-25
0.015 -3.65761e-25
0.016 -3.90676e-25
0.017 -4.15695e-25
0.018 -4.40823e-25
0.019 -4.66069e-25
0.020 -4.91437e-25
0.021 -5.16935e-25
0.022 -5.42570e-25
0.023 -5.68349e-25
0.024 -5.94278e-25
0.025 -6.20363e-25
0.026 -6.46613e-25
0.027 -6.73034e-25
0.028 -6.99632e-25
0.029 -7.26416e-25
0.030 -7.53391e-25
0.031 -7.80566e-25
0.032 -8.07946e-25
0.033 -8.35540e-25
0.034 -8.63355e-25
0.035 -8.91398e-25
0.036 -9.19676e-25
0.037 -9.48197e-25
0.038 -9.76968e-25
0.039 -1.00600e-24
0.040 -1.03529e-24
0.041 -1.06486e-24
0.042 -1.09471e-24
0.043 -1.12485e-24
0.044 -1.15528e-24
0.045 -1.18602e-24
0.046 -1.21707e-24
0.047 -1.24844e-24
0.048 -1.28015e-24
0.049 -1.31219e-24
0.050 -1.34457e-24
0.051 -1.37731e-24
0.052 -1.41041e-24
0.053 -1.44389e-24
0.054 -1.47774e-24
0.055 -1.51198e-24
0.056 -1.54662e-24
0.057 -1.58167e-24
0.058 -1.61714e-24
0.059 -1.65302e-24
0.060 -1.68935e-24
0.061 -1.72612e-24
0.062 -1.76334e-24
0.063 -1.80103e-24
0.064 -1.83918e-24
0.065 -1.87783e-24
0.066 -1.91696e-24
0.067 -1.95660e-24
0.068 -1.99675e-24
0.069 -2.03743e-24
0.070 -2.07864e-24
0.071 -2.12039e-24
0.072 -2.16271e-24
0.073 -2.20558e-24
0.074 -2.24904e-24
0.075 -2.29309e-24
0.076 -2.33773e-24
0.077 -2.38299e-24
0.078 -2.42887e-24
0.079 -2.47539e-24
0.080 -2.52255e-24
0.081 -2.57038e-24
0.082 -2.61887e-24
0.083 -2.66805e-24
0.084 -2.71793e-24
0.085 -2.76851e-24
0.086 -2.81982e-24
0.087 -2.87186e-24
0.088 -2.92466e-24
0.089 -2.97821e-24
0.090 -3.03254e-24
0.091 -3.08766e-24
0.092 -3.14358e-24
0.093 -3.20032e-24
0.094 -3.25790e-24
0.095 -3.31632e-24
0.096 -3.37560e-24
0.097 -3.43575e-24
0.098 -3.49680e-24
0.099 -3.55876e-24
0.100 -3.62164e-24
