0.000 0.00000e+00
0.001 -6.05540e-10
0.002 -1.21113e-09
0.003 -1.81683e-09
0.004 -2.42268e-09
0.005 -3.02874e-09
0.006 -3.63506e-09
0.007 -4.24169e-09
0.008 -4.84868e-09
0.009 -5.45609e-09
0.010 -6.06396e-09
0.011 -6.67236e-09
0.012 -7.28132e-09
0.013 -7.89090e-09
0.014 -8.50116e-09
0.015 -9.11214e-09
0.016 -9.72389e-09
0.017 -1.03365e-08
0.018 -1.09499e-08
0.019 -1.15643e-08
0.020 -1.21797e-08
0.021 -1.27961e-08
0.022 -1.34136e-08
0.023 -1.40322e-08
0.024 -1.46520e-08
0.025 -1.52730e-08
0.026 -1.58953e-08
0.027 -1.65190e-08
0.028 -1.71440e-08
0.029 -1.77704e-08
0.030 -1.83984e-08
0.031 -1.90279e-08
0.032 -1.96589e-08
0.033 -2.02916e-08
0.034 -2.09260e-08
0.035 -2.15621e-08
0.036 -2.22000e-08
0.037 -2.28397e-08
0.038 -2.34813e-08
0.039 -2.41248e-08
0.040 -2.47703e-08
0.041 -2.54178e-08
0.042 -2.60674e-08
0.043 -2.67191e-08
0.044 -2.73730e-08
0.045 -2.80291e-08
0.046 -2.86875e-08
0.047 -2.93481e-08
0.048 -3.00112e-08
0.049 -3.06766e-08
0.050 -3.13445e-08
0.051 -3.20149e-08
0.052 -3.26878e-08
0.053 -3.33633e-08
0.054 -3.40415e-08
0.055 -3.47224e-08
0.056 -3.54060e-08
0.057 -3.60923e-08
0.058 -3.67816e-08
0.059 -3.74736e-08
0.060 -3.81686e-08
0.061 -3.88666e-08
0.062 -3.95676e-08
0.063 -4.02717e-08
0.064 -4.09788e-08
0.065 -4.16891e-08
0.066 -4.24026e-08
0.067 -4.31194e-08
0.068 -4.38395e-08
0.069 -4.45628e-08
0.070 -4.52896e-08
0.071 -4.60198e-08
0.072 -4.67535e-08
0.073 -4.74907e-08
0.074 -4.82315e-08
0.075 -4.89758e-08
0.076 -4.97239e-08
0.077 -5.04756e-08
0.078 -5.12311e-08
0.079 -5.19904e-08
0.080 -5.27535e-08
0.081 -5.35206e-08
0.082 -5.42915e-08
0.083 -5.50665e-08
0.084 -5.58455e-08
0.085 -5.66285e-08
0.086 -5.74157e-08
0.087 -5.82070e-08
0.088 -5.90026e-08
0.089 -5.98024e-08
0.090 -6.06065e-08
0.091 -6.14150e-08
0.092 -6.22279e-08
0.093 -6.30452e-08
0.094 -6.38671e-08
0.095 -6.46934e-08
0.096 -6.55244e-08
0.097 -6.63600e-08
0.098 -6.72002e-08
0.099 -6.80453e-08
0.100 -6.88950e-08
