0.000 0.00000e+00
0.001 -1.69175e-09
0.002 -3.38357e-09
0.003 -5.07552e-09
0.004 -6.76766e-09
0.005 -8.46006e-09
0.006 -1.01528e-08
0.007 -1.18459e-08
0.008 -1.35395e-08
0.009 -1.52336e-08
0.010 -1.69282e-08
0.011 -1.86235e-08
0.012 -2.03195e-08
0.013 -2.20163e-08
0.014 -2.37139e-08
0.015 -2.54124e-08
0.016 -2.71119e-08
0.017 -2.88124e-08
0.018 -3.05139e-08
0.019 -3.22165e-08
0.020 -3.39204e-08
0.021 -3.56255e-08
0.022 -3.73318e-08
0.023 -3.90396e-08
0.024 -4.07487e-08
0.025 -4.24593e-08
0.026 -4.41714e-08
0.027 -4.58850e-08
0.028 -4.76003e-08
0.029 -4.93173e-08
0.030 -5.10359e-08
0.031 -5.27563e-08
0.032 -5.44785e-08
0.033 -5.62026e-08
0.034 -5.79285e-08
0.035 -5.96564e-08
0.036 -6.13862e-08
0.037 -6.31181e-08
0.038 -6.48520e-08
0.039 -6.65880e-08
0.040 -6.83261e-08
0.041 -7.00664e-08
0.042 -7.18089e-08
0.043 -7.35537e-08
0.044 -7.53007e-08
0.045 -7.70500e-08
0.046 -7.88016e-08
0.047 -8.05556e-08
0.048 -8.23120e-08
0.049 -8.40708e-08
0.050 -8.58320e-08
0.051 -8.75957e-08
0.052 -8.93619e-08
0.053 -9.11306e-08
0.054 -9.29019e-08
0.055 -9.46757e-08
0.056 -9.64521e-08
0.057 -9.82311e-08
0.058 -1.00013e-07
0.059 -1.01797e-07
0.060 -1.03584e-07
0.061 -1.05373e-07
0.062 -1.07166e-07
0.063 -1.08961e-07
0.064 -1.10758e-07
0.065 -1.12559e-07
0.066 -1.14362e-07
0.067 -1.16168e-07
0.068 -1.17977e-07
0.069 -1.19789e-07
0.070 -1.21603e-07
0.071 -1.23420e-07
0.072 -1.25240e-07
0.073 -1.27063e-07
0.074 -1.28889e-07
0.075 -1.30718e-07
0.076 -1.32550e-07
0.077 -1.34384e-07
0.078 -1.36222e-07
0.079 -1.38062e-07
0.080 -1.39906e-07
0.081 -1.41752e-07
0.082 -1.43602e-07
0.083 -1.45454e-07
0.084 -1.47310e-07
0.085 -1.49168e-07
0.086 -1.51030e-07
0.087 -1.52895e-07
0.088 -1.54763e-07
0.089 -1.56634e-07
0.090 -1.58508e-07
0.091 -1.60386e-07
0.092 -1.62266e-07
0.093 -1.64151e-07
0.094 -1.66038e-07
0.095 -1.67929e-07
0.096 -1.69823e-07
0.097 -1.71720e-07
0.098 -1.73621e-07
0.099 -1.75525e-07
0.100 -1.77433e-07
