0.000 0.00000e+00
0.001 -3.41026e-09
0.002 -6.82074e-09
0.003 -1.02317e-08
0.004 -1.36432e-08
0.005 -1.70556e-08
0.006 -2.04692e-08
0.007 -2.38840e-08
0.008 -2.73003e-08
0.009 -3.07183e-08
0.010 -3.41383e-08
0.011 -3.75604e-08
0.012 -4.09848e-08
0.013 -4.44119e-08
0.014 -4.78416e-08
0.015 -5.12744e-08
0.016 -5.47103e-08
0.017 -5.81495e-08
0.018 -6.15923e-08
0.019 -6.50389e-08
0.020 -6.84894e-08
0.021 -7.19440e-08
0.022 -7.54029e-08
0.023 -7.88662e-08
0.024 -8.23343e-08
0.025 -8.58072e-08
0.026 -8.92850e-08
0.027 -9.27680e-08
0.028 -9.62564e-08
0.029 -9.97502e-08
0.030 -1.03250e-07
0.031 -1.06755e-07
0.032 -1.10266e-07
0.033 -1.13783e-07
0.034 -1.17307e-07
0.035 -1.20836e-07
0.036 -1.24372e-07
0.037 -1.27915e-07
0.038 -1.31465e-07
0.039 -1.35021e-07
0.040 -1.38584e-07
0.041 -1.42154e-07
0.042 -1.45731e-07
0.043 -1.49315e-07
0.044 -1.52906e-07
0.045 -1.56505e-07
0.046 -1.60111e-07
0.047 -1.63725e-07
0.048 -1.67346e-07
0.049 -1.70974e-07
0.050 -1.74610e-07
0.051 -1.78254e-07
0.052 -1.81905e-07
0.053 -1.85564e-07
0.054 -1.89231e-07
0.055 -1.92905e-07
0.056 -1.96587e-07
0.057 -2.00277e-07
0.058 -2.03974e-07
0.059 -2.07679e-07
0.060 -2.11391e-07
0.061 -2.15111e-07
0.062 -2.18839e-07
0.063 -2.22574e-07
0.064 -2.26316e-07
0.065 -2.30066e-07
0.066 -2.33823e-07
0.067 -2.37587e-07
0.068 -2.41359e-07
0.069 -2.45137e-07
0.070 -2.48923e-07
0.071 -2.52715e-07
0.072 -2.56514e-07
0.073 -2.60320e-07
0.074 -2.64132e-07
0.075 -2.67951e-07
0.076 -2.71775e-07
0.077 -2.75606e-07
0.078 -2.79443e-07
0.079 -2.83286e-07
0.080 -2.87134e-07
0.081 -2.90988e-07
0.082 -2.94846e-07
0.083 -2.98711e-07
0.084 -3.02580e-07
0.085 -3.06453e-07
0.086 -3.10331e-07
0.087 -3.14214e-07
0.088 -3.18101e-07
0.089 -3.21991e-07
0.090 -3.25885e-07
0.091 -3.29783e-07
0.092 -3.33684e-07
0.093 -3.37588e-07
0.094 -3.41494e-07
0.095 -3.45404e-07
0.096 -3.49315e-07
0.097 -3.53228e-07
0.098 -3.57143e-07
0.099 -3.61060e-07
0.100 -3.64978e-07
