0.000 0.00000e+00
0.001 -6.46076e-08
0.002 -1.29216e-07
0.003 -1.93827e-07
0.004 -2.58442e-07
0.005 -3.23061e-07
0.006 -3.87686e-07
0.007 -4.52317e-07
0.008 -5.16957e-07
0.009 -5.81605e-07
0.010 -6.46264e-07
0.011 -7.10934e-07
0.012 -7.75617e-07
0.013 -8.40313e-07
0.014 -9.05023e-07
0.015 -9.69749e-07
0.016 -1.03449e-06
0.017 -1.09925e-06
0.018 -1.16403e-06
0.019 -1.22883e-06
0.020 -1.29364e-06
0.021 -1.35848e-06
0.022 -1.42334e-06
0.023 -1.48823e-06
0.024 -1.55313e-06
0.025 -1.61807e-06
0.026 -1.68302e-06
0.027 -1.74801e-06
0.028 -1.81301e-06
0.029 -1.87805e-06
0.030 -1.94311e-06
0.031 -2.00821e-06
0.032 -2.07333e-06
0.033 -2.13848e-06
0.034 -2.20366e-06
0.035 -2.26887e-06
0.036 -2.33410e-06
0.037 -2.39937e-06
0.038 -2.46468e-06
0.039 -2.53001e-06
0.040 -2.59537e-06
0.041 -2.66076e-06
0.042 -2.72619e-06
0.043 -2.79164e-06
0.044 -2.85713e-06
0.045 -2.92265e-06
0.046 -2.98820e-06
0.047 -3.05378e-06
0.048 -3.11939e-06
0.049 -3.18502e-06
0.050 -3.25069e-06
0.051 -3.31639e-06
0.052 -3.38211e-06
0.053 -3.44786e-06
0.054 -3.51364e-06
0.055 -3.57944e-06
0.056 -3.64527e-06
0.057 -3.71113e-06
0.058 -3.77700e-06
0.059 -3.84290e-06
0.060 -3.90882e-06
0.061 -3.97476e-06
0.062 -4.04071e-06
0.063 -4.10669e-06
0.064 -4.17268e-06
0.065 -4.23868e-06
0.066 -4.30470e-06
0.067 -4.37072e-06
0.068 -4.43676e-06
0.069 -4.50281e-06
0.070 -4.56885e-06
0.071 -4.63491e-06
0.072 -4.70096e-06
0.073 -4.76702e-06
0.074 -4.83307e-06
0.075 -4.89912e-06
0.076 -4.96516e-06
0.077 -5.03119e-06
0.078 -5.09721e-06
0.079 -5.16321e-06
0.080 -5.22920e-06
0.081 -5.29517e-06
0.082 -5.36111e-06
0.083 -5.42704e-06
0.084 -5.49293e-06
0.085 -5.55879e-06
0.086 -5.62462e-06
0.087 -5.69041e-06
0.088 -5.75617e-06
0.089 -5.82188e-06
0.090 -5.88754e-06
0.091 -5.95315e-06
0.092 -6.01872e-06
0.093 -6.08422e-06
0.094 -6.14967e-06
0.095 -6.21505e-06
0.096 -6.28037e-06
0.097 -6.34562e-06
0.098 -6.41079e-06
0.099 -6.47588e-06
0.100 -6.54090e-06
0.000 0.00000e+00
0.001 -6.46076e-08
0.002 -1.29216e-07
0.003 -1.93827e-07
0.004 -2.58442e-07
0.005 -3.23061e-07
0.006 -3.87686e-07
0.007 -4.52317e-07
0.008 -5.16957e-07
0.009 -5.81605e-07
0.010 -6.46264e-07
0.011 -7.10934e-07
0.012 -7.75617e-07
0.013 -8.40313e-07
0.014 -9.05023e-07
0.015 -9.69749e-07
0.016 -1.03449e-06
0.017 -1.09925e-06
0.018 -1.16403e-06
0.019 -1.22883e-06
0.020 -1.29364e-06
0.021 -1.35848e-06
0.022 -1.42334e-06
0.023 -1.48823e-06
0.024 -1.55313e-06
0.025 -1.61807e-06
0.026 -1.68302e-06
0.027 -1.74801e-06
0.028 -1.81301e-06
0.029 -1.87805e-06
0.030 -1.94311e-06
0.031 -2.00821e-06
0.032 -2.07333e-06
0.033 -2.13848e-06
0.034 -2.20366e-06
0.035 -2.26887e-06
0.036 -2.33410e-06
0.037 -2.39937e-06
0.038 -2.46468e-06
0.039 -2.53001e-06
0.040 -2.59537e-06
0.041 -2.66076e-06
0.042 -2.72619e-06
0.043 -2.79164e-06
0.044 -2.85713e-06
0.045 -2.92265e-06
0.046 -2.98820e-06
0.047 -3.05378e-06
0.048 -3.11939e-06
0.049 -3.18502e-06
0.050 -3.25069e-06
0.051 -3.31639e-06
0.052 -3.38211e-06
0.053 -3.44786e-06
0.054 -3.51364e-06
0.055 -3.57944e-06
0.056 -3.64527e-06
0.057 -3.71113e-06
0.058 -3.77700e-06
0.059 -3.84290e-06
0.060 -3.90882e-06
0.061 -3.97476e-06
0.062 -4.04071e-06
0.063 -4.10669e-06
0.064 -4.17268e-06
0.065 -4.23868e-06
0.066 -4.30470e-06
0.067 -4.37072e-06
0.068 -4.43676e-06
0.069 -4.50281e-06
0.070 -4.56885e-06
0.071 -4.63491e-06
0.072 -4.70096e-06
0.073 -4.76702e-06
0.074 -4.83307e-06
0.075 -4.89912e-06
0.076 -4.96516e-06
0.077 -5.03119e-06
0.078 -5.09721e-06
0.079 -5.16321e-06
0.080 -5.22920e-06
0.081 -5.29517e-06
0.082 -5.36111e-06
0.083 -5.42704e-06
0.084 -5.49293e-06
0.085 -5.55879e-06
0.086 -5.62462e-06
0.087 -5.69041e-06
0.088 -5.75617e-06
0.089 -5.82188e-06
0.090 -5.88754e-06
0.091 -5.95315e-06
0.092 -6.01872e-06
0.093 -6.08422e-06
0.094 -6.14967e-06
0.095 -6.21505e-06
0.096 -6.28037e-06
0.097 -6.34562e-06
0.098 -6.41079e-06
0.099 -6.47588e-06
0.100 -6.54090e-06
