0.000 0.00000e+00
0.001 -7.86027e-21
0.002 -1.57218e-20
0.003 -2.35859e-20
0.004 -3.14538e-20
0.005 -3.93268e-20
0.006 -4.72062e-20
0.007 -5.50933e-20
0.008 -6.29892e-20
0.009 -7.08954e-20
0.010 -7.88131e-20
0.011 -8.67436e-20
0.012 -9.46881e-20
0.013 -1.02648e-19
0.014 -1.10625e-19
0.015 -1.18619e-19
0.016 -1.26633e-19
0.017 -1.34667e-19
0.018 -1.42723e-19
0.019 -1.50803e-19
0.020 -1.58907e-19
0.021 -1.67036e-19
0.022 -1.75193e-19
0.023 -1.83378e-19
0.024 -1.91593e-19
0.025 -1.99840e-19
0.026 -2.08118e-19
0.027 -2.16431e-19
0.028 -2.24779e-19
0.029 -2.33163e-19
0.030 -2.41586e-19
0.031 -2.50047e-19
0.032 -2.58550e-19
0.033 -2.67095e-19
0.034 -2.75683e-19
0.035 -2.84316e-19
0.036 -2.92995e-19
0.037 -3.01723e-19
0.038 -3.10499e-19
0.039 -3.19326e-19
0.040 -3.28206e-19
0.041 -3.37139e-19
0.042 -3.46127e-19
0.043 -3.55172e-19
0.044 -3.64275e-19
0.045 -3.73437e-19
0.046 -3.82661e-19
0.047 -3.91947e-19
0.048 -4.01298e-19
0.049 -4.10714e-19
0.050 -4.20198e-19
0.051 -4.29750e-19
0.052 -4.39373e-19
0.053 -4.49069e-19
0.054 -4.58838e-19
0.055 -4.68682e-19
0.056 -4.78604e-19
0.057 -4.88604e-19
0.058 -4.98685e-19
0.059 -5.08848e-19
0.060 -5.19095e-19
0.061 -5.29427e-19
0.062 -5.39846e-19
0.063 -5.50355e-19
0.064 -5.60954e-19
0.065 -5.71646e-19
0.066 -5.82433e-19
0.067 -5.93316e-19
0.068 -6.04296e-19
0.069 -6.15377e-19
0.070 -6.26560e-19
0.071 -6.37846e-19
0.072 -6.49238e-19
0.073 -6.60738e-19
0.074 -6.72347e-19
0.075 -6.84068e-19
0.076 -6.95902e-19
0.077 -7.07852e-19
0.078 -7.19920e-19
0.079 -7.32107e-19
0.080 -7.44416e-19
0.081 -7.56848e-19
0.082 -7.69407e-19
0.083 -7.82093e-19
0.084 -7.94910e-19
0.085 -8.07860e-19
0.086 -8.20944e-19
0.087 -8.34165e-19
0.088 -8.47525e-19
0.089 -8.61027e-19
0.090 -8.74672e-19
0.091 -8.88464e-19
0.092 -9.02404e-19
0.093 -9.16495e-19
0.094 -9.30739e-19
0.095 -9.45139e-19
0.096 -9.59697e-19
0.097 -9.74416e-19
0.098 -9.89298e-19
0.099 -1.00435e-18
0.100 -1.01956e-18
