0.000 0.00000e+00
0.001 -6.77756e-08
0.002 -1.35557e-07
0.003 -2.03349e-07
0.004 -2.71158e-07
0.005 -3.38989e-07
0.006 -4.06847e-07
0.007 -4.74739e-07
0.008 -5.42669e-07
0.009 -6.10644e-07
0.010 -6.78667e-07
0.011 -7.46745e-07
0.012 -8.14884e-07
0.013 -8.83087e-07
0.014 -9.51361e-07
0.015 -1.01971e-06
0.016 -1.08814e-06
0.017 -1.15666e-06
0.018 -1.22526e-06
0.019 -1.29397e-06
0.020 -1.36277e-06
0.021 -1.43168e-06
0.022 -1.50070e-06
0.023 -1.56983e-06
0.024 -1.63908e-06
0.025 -1.70845e-06
0.026 -1.77796e-06
0.027 -1.84759e-06
0.028 -1.91736e-06
0.029 -1.98727e-06
0.030 -2.05732e-06
0.031 -2.12753e-06
0.032 -2.19788e-06
0.033 -2.26838e-06
0.034 -2.33905e-06
0.035 -2.40987e-06
0.036 -2.48086e-06
0.037 -2.55202e-06
0.038 -2.62335e-06
0.039 -2.69485e-06
0.040 -2.76652e-06
0.041 -2.83837e-06
0.042 -2.91041e-06
0.043 -2.98262e-06
0.044 -3.05502e-06
0.045 -3.12760e-06
0.046 -3.20038e-06
0.047 -3.27334e-06
0.048 -3.34649e-06
0.049 -3.41983e-06
0.050 -3.49336e-06
0.051 -3.56709e-06
0.052 -3.64101e-06
0.053 -3.71512e-06
0.054 -3.78943e-06
0.055 -3.86393e-06
0.056 -3.93863e-06
0.057 -4.01352e-06
0.058 -4.08860e-06
0.059 -4.16388e-06
0.060 -4.23934e-06
0.061 -4.31500e-06
0.062 -4.39085e-06
0.063 -4.46688e-06
0.064 -4.54311e-06
0.065 -4.61951e-06
0.066 -4.69610e-06
0.067 -4.77287e-06
0.068 -4.84982e-06
0.069 -4.92694e-06
0.070 -5.00424e-06
0.071 -5.08171e-06
0.072 -5.15934e-06
0.073 -5.23714e-06
0.074 -5.31510e-06
0.075 -5.39321e-06
0.076 -5.47148e-06
0.077 -5.54990e-06
0.078 -5.62846e-06
0.079 -5.70716e-06
0.080 -5.78600e-06
0.081 -5.86496e-06
0.082 -5.94406e-06
0.083 -6.02327e-06
0.084 -6.10261e-06
0.085 -6.18205e-06
0.086 -6.26160e-06
0.087 -6.34125e-06
0.088 -6.42099e-06
0.089 -6.50082e-06
0.090 -6.58074e-06
0.091 -6.66073e-06
0.092 -6.74078e-06
0.093 -6.82091e-06
0.094 -6.90108e-06
0.095 -6.98131e-06
0.096 -7.06158e-06
0.097 -7.14189e-06
0.098 -7.22223e-06
0.099 -7.30259e-06
0.100 -7.38296e-06
