0.000 0.00000e+00
0.001 -3.55163e-09
0.002 -7.10415e-09
0.003 -1.06584e-08
0.004 -1.42153e-08
0.005 -1.77758e-08
0.006 -2.13407e-08
0.007 -2.49108e-08
0.008 -2.84872e-08
0.009 -3.20706e-08
0.010 -3.56619e-08
0.011 -3.92621e-08
0.012 -4.28721e-08
0.013 -4.64927e-08
0.014 -5.01248e-08
0.015 -5.37693e-08
0.016 -5.74271e-08
0.017 -6.10992e-08
0.018 -6.47864e-08
0.019 -6.84897e-08
0.020 -7.22099e-08
0.021 -7.59479e-08
0.022 -7.97048e-08
0.023 -8.34813e-08
0.024 -8.72785e-08
0.025 -9.10972e-08
0.026 -9.49385e-08
0.027 -9.88032e-08
0.028 -1.02692e-07
0.029 -1.06607e-07
0.030 -1.10547e-07
0.031 -1.14515e-07
0.032 -1.18511e-07
0.033 -1.22536e-07
0.034 -1.26592e-07
0.035 -1.30678e-07
0.036 -1.34797e-07
0.037 -1.38949e-07
0.038 -1.43134e-07
0.039 -1.47355e-07
0.040 -1.51612e-07
0.041 -1.55906e-07
0.042 -1.60238e-07
0.043 -1.64610e-07
0.044 -1.69021e-07
0.045 -1.73474e-07
0.046 -1.77969e-07
0.047 -1.82508e-07
0.048 -1.87090e-07
0.049 -1.91719e-07
0.050 -1.96394e-07
0.051 -2.01116e-07
0.052 -2.05887e-07
0.053 -2.10709e-07
0.054 -2.15581e-07
0.055 -2.20505e-07
0.056 -2.25482e-07
0.057 -2.30514e-07
0.058 -2.35601e-07
0.059 -2.40745e-07
0.060 -2.45947e-07
0.061 -2.51207e-07
0.062 -2.56528e-07
0.063 -2.61910e-07
0.064 -2.67355e-07
0.065 -2.72864e-07
0.066 -2.78437e-07
0.067 -2.84077e-07
0.068 -2.89784e-07
0.069 -2.95560e-07
0.070 -3.01406e-07
0.071 -3.07323e-07
0.072 -3.13313e-07
0.073 -3.19376e-07
0.074 -3.25514e-07
0.075 -3.31729e-07
0.076 -3.38022e-07
0.077 -3.44393e-07
0.078 -3.50845e-07
0.079 -3.57379e-07
0.080 -3.63995e-07
0.081 -3.70696e-07
0.082 -3.77483e-07
0.083 -3.84357e-07
0.084 -3.91320e-07
0.085 -3.98373e-07
0.086 -4.05516e-07
0.087 -4.12753e-07
0.088 -4.20084e-07
0.089 -4.27511e-07
0.090 -4.35035e-07
0.091 -4.42657e-07
0.092 -4.50380e-07
0.093 -4.58204e-07
0.094 -4.66131e-07
0.095 -4.74162e-07
0.096 -4.82300e-07
0.097 -4.90545e-07
0.098 -4.98899e-07
0.099 -5.07364e-07
0.100 -5.15941e-07
