-0.20000 	1.53329e-03	   (7.33152e-10, -9.07190e-30)	-6.05529e-10
-0.19995 	1.52806e-03	   (7.28354e-10, -1.41995e-29)	-6.02562e-10
-0.19990 	1.52287e-03	   (7.23593e-10, -2.36658e-29)	-5.99615e-10
-0.19985 	1.51771e-03	   (7.18869e-10, -3.39210e-29)	-5.96687e-10
-0.19980 	1.51259e-03	   (7.14182e-10, 1.02552e-29)	-5.93779e-10
-0.19975 	1.50750e-03	   (7.09531e-10, 6.70532e-30)	-5.90889e-10
-0.19970 	1.50244e-03	   (7.04916e-10, -9.46633e-30)	-5.88018e-10
-0.19965 	1.49742e-03	   (7.00337e-10, 7.09975e-30)	-5.85166e-10
-0.19960 	1.49243e-03	   (6.95793e-10, 7.88861e-30)	-5.82332e-10
-0.19955 	1.48748e-03	   (6.91284e-10, -9.07190e-30)	-5.79517e-10
-0.19950 	1.48256e-03	   (6.86809e-10, -1.49884e-29)	-5.76719e-10
-0.19945 	1.47767e-03	   (6.82369e-10, -2.48491e-29)	-5.73940e-10
