0.000 0.00000e+00
0.001 -2.15526e-09
0.002 -4.31063e-09
0.003 -6.46623e-09
0.004 -8.62217e-09
0.005 -1.07786e-08
0.006 -1.29355e-08
0.007 -1.50932e-08
0.008 -1.72516e-08
0.009 -1.94109e-08
0.010 -2.15713e-08
0.011 -2.37328e-08
0.012 -2.58955e-08
0.013 -2.80596e-08
0.014 -3.02251e-08
0.015 -3.23922e-08
0.016 -3.45610e-08
0.017 -3.67315e-08
0.018 -3.89039e-08
0.019 -4.10783e-08
0.020 -4.32548e-08
0.021 -4.54334e-08
0.022 -4.76144e-08
0.023 -4.97977e-08
0.024 -5.19836e-08
0.025 -5.41720e-08
0.026 -5.63630e-08
0.027 -5.85569e-08
0.028 -6.07535e-08
0.029 -6.29532e-08
0.030 -6.51558e-08
0.031 -6.73616e-08
0.032 -6.95706e-08
0.033 -7.17829e-08
0.034 -7.39985e-08
0.035 -7.62176e-08
0.036 -7.84402e-08
0.037 -8.06665e-08
0.038 -8.28964e-08
0.039 -8.51300e-08
0.040 -8.73675e-08
0.041 -8.96088e-08
0.042 -9.18541e-08
0.043 -9.41034e-08
0.044 -9.63568e-08
0.045 -9.86144e-08
0.046 -1.00876e-07
0.047 -1.03142e-07
0.048 -1.05412e-07
0.049 -1.07687e-07
0.050 -1.09966e-07
0.051 -1.12250e-07
0.052 -1.14538e-07
0.053 -1.16831e-07
0.054 -1.19128e-07
0.055 -1.21430e-07
0.056 -1.23737e-07
0.057 -1.26048e-07
0.058 -1.28364e-07
0.059 -1.30685e-07
0.060 -1.33011e-07
0.061 -1.35342e-07
0.062 -1.37678e-07
0.063 -1.40019e-07
0.064 -1.42364e-07
0.065 -1.44715e-07
0.066 -1.47071e-07
0.067 -1.49432e-07
0.068 -1.51798e-07
0.069 -1.54169e-07
0.070 -1.56546e-07
0.071 -1.58927e-07
0.072 -1.61314e-07
0.073 -1.63706e-07
0.074 -1.66104e-07
0.075 -1.68506e-07
0.076 -1.70914e-07
0.077 -1.73328e-07
0.078 -1.75746e-07
0.079 -1.78171e-07
0.080 -1.80600e-07
0.081 -1.83035e-07
0.082 -1.85476e-07
0.083 -1.87922e-07
0.084 -1.90374e-07
0.085 -1.92831e-07
0.086 -1.95294e-07
0.087 -1.97762e-07
0.088 -2.00236e-07
0.089 -2.02716e-07
0.090 -2.05201e-07
0.091 -2.07692e-07
0.092 -2.10189e-07
0.093 -2.12692e-07
0.094 -2.15201e-07
0.095 -2.17715e-07
0.096 -2.20235e-07
0.097 -2.22762e-07
0.098 -2.25294e-07
0.099 -2.27832e-07
0.100 -2.30377e-07
