-0.20000 	-1.38530e+04	 (3.00732e-05, 4.53295e-22)	-2.48382e-05
-0.19995 	-1.60803e+06	 (4.68285e-02, 1.74798e-17)	-3.87409e-02
-0.19990 	-9.77402e+03	 (5.41572e-06, 9.24788e-22)	-4.48781e-06
-0.19985 	-1.31336e+05	 (1.55715e-04, -3.39872e-20)	-1.29249e-04
-0.19980 	2.25288e+05	 (1.57479e-01, -1.84230e-18)	-1.30929e-01
-0.19975 	4.86401e+05	 (4.29348e-03, -7.19779e-19)	-3.57556e-03
-0.19970 	1.68917e+07	 (7.32870e+00, 1.18422e-16)	-6.11337e+00
-0.19965 	-1.93474e+05	 (5.30220e-05, -2.85874e-21)	-4.43025e-05
-0.19960 	9.89316e+06	 (2.30454e-05, -4.94034e-22)	-1.92875e-05
-0.19955 	-6.23253e+05	 (3.18312e-03, -1.22687e-20)	-2.66847e-03
-0.19950 	-1.28786e+05	 (2.04208e-04, -1.55113e-20)	-1.71475e-04
-0.19945 	-2.12341e+05	 (1.98651e-04, -1.44260e-20)	-1.67085e-04
-0.19940 	-1.39820e+06	 (1.40783e-03, 1.12506e-19)	-1.18608e-03
-0.19935 	3.73624e+06	 (2.23303e-01, 8.41883e-17)	-1.88443e-01
-0.19930 	-1.01753e+04	 (1.27940e-05, -1.64712e-22)	-1.08146e-05
-0.19925 	9.90770e+05	 (2.39329e-02, -9.30995e-18)	-2.02636e-02
-0.19920 	3.51734e+06	 (2.96586e-01, 1.61007e-16)	-2.51531e-01
-0.19915 	3.68482e+06	 (6.68749e-04, -1.22754e-21)	-5.68097e-04
-0.19910 	-1.23577e+06	 (8.83979e-03, -1.75558e-18)	-7.52176e-03
-0.19905 	-1.77353e+04	 (7.36487e-05, -8.73627e-21)	-6.27714e-05
