0.000 0.00000e+00
0.001 -1.04360e-07
0.002 -2.08744e-07
0.003 -3.13177e-07
0.004 -4.17683e-07
0.005 -5.22285e-07
0.006 -6.27009e-07
0.007 -7.31879e-07
0.008 -8.36918e-07
0.009 -9.42151e-07
0.010 -1.04760e-06
0.011 -1.15330e-06
0.012 -1.25926e-06
0.013 -1.36551e-06
0.014 -1.47208e-06
0.015 -1.57899e-06
0.016 -1.68627e-06
0.017 -1.79393e-06
0.018 -1.90201e-06
0.019 -2.01053e-06
0.020 -2.11951e-06
0.021 -2.22898e-06
0.022 -2.33897e-06
0.023 -2.44949e-06
0.024 -2.56057e-06
0.025 -2.67224e-06
0.026 -2.78453e-06
0.027 -2.89745e-06
0.028 -3.01103e-06
0.029 -3.12531e-06
0.030 -3.24029e-06
0.031 -3.35602e-06
0.032 -3.47251e-06
0.033 -3.58978e-06
0.034 -3.70788e-06
0.035 -3.82681e-06
0.036 -3.94661e-06
0.037 -4.06730e-06
0.038 -4.18891e-06
0.039 -4.31146e-06
0.040 -4.43498e-06
0.041 -4.55950e-06
0.042 -4.68504e-06
0.043 -4.81163e-06
0.044 -4.93929e-06
0.045 -5.06805e-06
0.046 -5.19794e-06
0.047 -5.32898e-06
0.048 -5.46120e-06
0.049 -5.59463e-06
0.050 -5.72929e-06
0.051 -5.86521e-06
0.052 -6.00242e-06
0.053 -6.14094e-06
0.054 -6.28080e-06
0.055 -6.42203e-06
0.056 -6.56465e-06
0.057 -6.70870e-06
0.058 -6.85420e-06
0.059 -7.00117e-06
0.060 -7.14965e-06
0.061 -7.29966e-06
0.062 -7.45123e-06
0.063 -7.60439e-06
0.064 -7.75916e-06
0.065 -7.91557e-06
0.066 -8.07366e-06
0.067 -8.23344e-06
0.068 -8.39494e-06
0.069 -8.55820e-06
0.070 -8.72325e-06
0.071 -8.89010e-06
0.072 -9.05879e-06
0.073 -9.22934e-06
0.074 -9.40179e-06
0.075 -9.57615e-06
0.076 -9.75247e-06
0.077 -9.93076e-06
0.078 -1.01111e-05
0.079 -1.02934e-05
0.080 -1.04778e-05
0.081 -1.06643e-05
0.082 -1.08529e-05
0.083 -1.10436e-05
0.084 -1.12365e-05
0.085 -1.14316e-05
0.086 -1.16290e-05
0.087 -1.18286e-05
0.088 -1.20304e-05
0.089 -1.22346e-05
0.090 -1.24411e-05
0.091 -1.26500e-05
0.092 -1.28613e-05
0.093 -1.30750e-05
0.094 -1.32911e-05
0.095 -1.35097e-05
0.096 -1.37308e-05
0.097 -1.39545e-05
0.098 -1.41806e-05
0.099 -1.44094e-05
0.100 -1.46407e-05
