      55.700000       0.000000       0.000000        1
      55.567196       1.163967       0.684040        2
      54.688003       1.145550       1.732051        3
      54.047296       0.000000       1.969616        4
      52.700000       0.000000       1.732051        5
      52.156470       1.092522       1.285575        6
      51.688661       1.082723       0.000000        7
      51.820615       0.000000      -0.684040        8
      52.700000       0.000000      -1.732051        9
      53.341003       1.117335      -1.969616       10
      54.688003       1.145550      -1.732051       11
      55.232089       0.000000      -1.285575       12
      55.651142       2.332474       0.000000       13
      55.469712       3.489858       0.684040       14
      54.592062       3.434641       1.732051       15
      53.999888       2.263266       1.969616       16
      52.653773       2.206847       1.732051       17
      52.064970       3.275650       1.285575       18
      51.597982       3.246270       0.000000       19
      51.775159       2.170022      -0.684040       20
      52.653773       2.206847      -1.732051       21
      53.247424       3.350044      -1.969616       22
      54.592062       3.434641      -1.732051       23
      55.183641       2.312880      -1.285575       24
      55.504652       4.660856       0.000000       25
      55.274916       5.809628       0.684040       26
      54.400348       5.717707       1.732051       27
      53.857745       4.522561       1.969616       28
      52.515174       4.409822       1.732051       29
      51.882130       5.453032       1.285575       30
      51.416782       5.404122       0.000000       31
      51.638873       4.336237      -0.684040       32
      52.515174       4.409822      -1.732051       33
      53.060432       5.576876      -1.969616       34
      54.400348       5.717707      -1.732051       35
      55.038382       4.621702      -1.285575       36
      55.260789       6.981061       0.000000       37
      54.983148       8.119205       0.684040       38
      54.113197       7.990742       1.732051       39
      53.621117       6.773922       1.969616       40
      52.284445       6.605061       1.732051       41
      51.608271       7.620846       1.285575       42
      51.145380       7.552493       0.000000       43
      51.411994       6.494845      -0.684040       44
      52.284445       6.605061      -1.732051       45
      52.780354       7.793925      -1.969616       46
      54.113197       7.990742      -1.732051       47
      54.796567       6.922416      -1.285575       48
      54.919979       9.289019       0.000000       49
      54.594922      10.414538       0.684040       50
      53.731113      10.249758       1.732051       51
      53.290420       9.013400       1.969616       52
      51.961991       8.788713       1.732051       53
      51.243874       9.775292       1.285575       54
      50.784251       9.687614       0.000000       55
      51.094921       8.642059      -0.684040       56
      51.961991       8.788713      -1.732051       57
      52.407681       9.997300      -1.969616       58
      53.731113      10.249758      -1.732051       59
      54.458621       9.210986      -1.285575       60
      54.482821      11.580681       0.000000       61
      54.110917      12.691601       0.684040       62
      53.254766      12.490793       1.732051       63
      52.866233      11.237065       1.969616       64
      51.548379      10.956946       1.732051       65
      50.789578      11.912588       1.285575       66
      50.334029      11.805740       0.000000       67
      50.688210      10.774112      -0.684040       68
      51.548379      10.956946      -1.732051       69
      51.943067      12.183136      -1.969616       70
      53.254766      12.490793      -1.732051       71
      54.025135      11.483397      -1.285575       72
      53.950082      13.852027       0.000000       73
      53.531983      14.946398       0.684040       74
      52.684992      14.709914       1.732051       75
      52.349301      13.441016       1.969616       76
      51.044333      13.105957       1.732051       77
      50.246179      14.028985       1.285575       78
      49.795505      13.903155       0.000000       79
      50.192575      12.887263      -0.684040       80
      51.044333      13.105957      -1.732051       81
      51.387327      14.347599      -1.969616       82
      52.684992      14.709914      -1.732051       83
      53.496871      13.735662      -1.285575       84
      53.322696      16.099071       0.000000       85
      52.859137      17.174975       0.684040       86
      52.022791      16.903230       1.732051       87
      51.740531      15.621387       1.969616       88
      50.450738      15.231976       1.732051       89
      49.614632      16.120771       1.285575       90
      49.169622      15.976179       0.000000       91
      49.608885      14.977805      -0.684040       92
      50.450738      15.231976      -1.732051       93
      50.741436      16.486892      -1.969616       94
      52.022791      16.903230      -1.732051       95
      52.874756      15.963830      -1.285575       96
      52.601764      18.317872       0.000000       97
      52.093557      19.373420       0.684040       98
      51.269325      19.066891       1.732051       99
      51.040990      17.774353       1.969616      100
      49.768635      17.331272       1.732051      101
      48.896044      18.184276       1.285575      102
      48.457479      18.021175       0.000000      103
      48.938164      17.042072      -0.684040      104
      49.768635      17.331272      -1.732051      105
      50.006528      18.597261      -1.969616      106
      51.269325      19.066891      -1.732051      107
      52.159880      18.163992      -1.285575      108
      51.788550      20.504538       0.000000      109
      51.236587      21.537878       0.684040      110
      50.425914      21.197103       1.732051      111
      50.251905      19.896137       1.969616      112
      48.999221      19.400164       1.732051      113
      48.091675      20.215879       1.285575      114
      47.660325      20.034556       0.000000      115
      48.181589      19.076441      -0.684040      116
      48.999221      19.400164      -1.732051      117
      49.183892      20.675004      -1.969616      118
      50.425914      21.197103      -1.732051      119
      51.353498      20.332288      -1.285575      120
      50.884482      22.655231       0.000000      121
      50.289731      23.664551       0.684040      122
      49.494040      23.290127       1.732051      123
      49.374662      21.983016       1.969616      124
      48.143846      21.435021       1.732051      125
      47.202937      22.212016       1.285575      126
      46.779559      22.012789       0.000000      127
      47.340487      21.077343      -0.684040      128
      48.143846      21.435021      -1.732051      129
      48.274970      22.716476      -1.969616      130
      49.494040      23.290127      -1.732051      131
      50.457024      22.464914      -1.285575      132
      49.891145      24.766179       0.000000      133
      49.254650      25.749709       0.684040      134
      48.475336      25.342293       1.732051      135
      48.410799      24.031329       1.969616      136
      47.204010      23.432274       1.732051      137
      46.231390      24.169186       1.285575      138
      45.816725      23.952405       0.000000      139
      46.416334      23.041268      -0.684040      140
      47.204010      23.432274      -1.732051      141
      47.281357      24.718096      -1.969616      142
      48.475336      25.342293      -1.732051      143
      49.472032      24.558130      -1.285575      144
      48.810282      26.833680       0.000000      145
      48.133160      27.789693       0.684040      146
      47.371590      27.350000       1.732051      147
      47.362007      26.037484       1.969616      148
      46.181362      25.388419       1.732051      149
      45.178736      26.083956       1.285575      150
      44.773513      25.850000       0.000000      151
      45.410751      24.964772      -0.684040      152
      46.181362      25.388419      -1.732051      153
      46.204797      26.676352      -1.969616      154
      47.371590      27.350000      -1.732051      155
      48.400248      26.608262      -1.285575      156
      47.643789      28.854104       0.000000      157
      46.927227      29.780924       0.684040      158
      46.184738      29.309726       1.732051      159
      46.230126      27.997959       1.969616      160
      45.077697      27.300023       1.732051      161
      44.046824      27.952965       1.285575      162
      43.651754      27.702245       0.000000      163
      44.325502      26.844478      -0.684040      164
      45.077697      27.300023      -1.732051      165
      45.047178      28.587808      -1.969616      166
      46.184738      29.309726      -1.732051      167
      47.243555      28.611714      -1.285575      168
      46.393713      30.823909       0.000000      169
      45.638968      31.719909       0.684040      170
      44.916862      31.218032       1.732051      171
      45.017141      29.909317       1.969616      172
      43.894949      29.163735       1.732051      173
      42.837639      29.772935       1.285575      174
      42.453414      29.505891       0.000000      175
      43.162491      28.677090      -0.684040      176
      43.894949      29.163735      -1.732051      177
      43.810530      30.449112      -1.969616      178
      44.916862      31.218032      -1.732051      179
      46.003980      30.564971      -1.285575      180
      45.062247      32.739639       0.000000      181
      44.270643      33.603247       0.684040      182
      43.570187      33.071572       1.732051      183
      43.725181      31.768204       1.969616      184
      42.635196      30.976283       1.732051      185
      41.553302      31.540673       1.285575      186
      41.180597      31.257774       0.000000      187
      41.923758      30.459393      -0.684040      188
      42.635196      30.976283      -1.732051      189
      42.497025      32.256997      -1.969616      190
      43.570187      33.071572      -1.732051      191
      44.683699      32.464607      -1.285575      192
      43.651726      34.597931       0.000000      193
      42.824652      35.427633       0.684040      194
      42.147074      34.867092       1.732051      195
      42.356513      33.571358       1.969616      196
      41.300645      32.734488       1.732051      197
      40.196066      33.253078       1.285575      198
      39.835535      32.954820       0.000000      199
      40.611477      32.188260      -0.684040      200
      41.300645      32.734488      -1.732051      201
      41.108965      34.008293      -1.969616      202
      42.147074      34.867092      -1.732051      203
      43.285027      34.307289      -1.285575      204
      42.164625      36.395528       0.000000      205
      41.303533      37.189868       0.684040      206
      40.650022      36.601444       1.732051      207
      40.913536      35.315617       1.969616      208
      39.893639      34.435266       1.732051      209
      38.768313      34.907146       1.285575      210
      38.420587      34.594052       0.000000      211
      39.227949      33.860657      -0.684040      212
      39.893639      34.435266      -1.732051      213
      39.648786      35.699927      -1.969616      214
      40.650022      36.601444      -1.732051      215
      41.810418      36.089785      -1.285575      216
      40.603553      38.129274       0.000000      217
      39.709952      38.886858       0.684040      218
      39.081656      38.271585       1.732051      219
      39.398783      36.997920       1.969616      220
      38.416647      36.075632       1.732051      221
      37.272547      36.499975       1.285575      222
      36.938238      36.172595       0.000000      223
      37.775602      35.473652      -0.684040      224
      38.416647      36.075632      -1.732051      225
      38.119049      37.328931      -1.969616      226
      39.081656      38.271585      -1.732051      227
      40.262460      37.808967      -1.285575      228
      38.971248      39.796128       0.000000      229
      38.046707      40.515628       0.684040      230
      37.444727      39.874584       1.732051      231
      37.814912      38.615317       1.969616      232
      36.872258      37.652710       1.732051      233
      35.711393      38.028771       1.285575      234
      35.391085      37.687678       0.000000      235
      36.256984      37.024413      -0.684040      236
      36.872258      37.652710      -1.732051      237
      36.522439      38.892447      -1.969616      238
      37.444727      39.874584      -1.732051      239
      38.643868      39.461819      -1.285575      240
      37.270575      41.393167       0.000000      241
      36.316715      42.073320       0.684040      242
      35.742107      41.407630       1.732051      243
      36.164700      40.164969       1.969616      244
      35.263183      39.163732       1.732051      245
      34.087588      39.490851       1.285575      246
      33.781845      39.136644       0.000000      247
      34.674759      38.510222      -0.684040      248
      35.263183      39.163732      -1.732051      249
      34.861756      40.387733      -1.969616      250
      35.742107      41.407630      -1.732051      251
      36.957481      41.045441      -1.285575      252
      35.504516      42.917588       0.000000      253
      34.523012      43.557201       0.684040      254
      33.976784      42.868032       1.732051      255
      34.451043      41.644158       1.969616      256
      33.592244      40.606048       1.732051      257
      32.403982      40.883651       1.285575      258
      32.113340      40.516952       0.000000      259
      33.031703      39.928470      -0.684040      260
      33.592244      40.606048      -1.732051      261
      33.139913      41.812165      -1.969616      262
      33.976784      42.868032      -1.732051      263
      35.206258      42.557056      -1.285575      264
      33.676171      44.366716       0.000000      265
      32.668743      44.964667       0.684040      266
      32.151853      44.253230       1.732051      267
      32.676948      43.050289       1.969616      268
      31.862373      41.977127       1.732051      269
      30.663529      42.204727       1.285575      270
      30.388498      41.826179       0.000000      271
      31.330698      41.276670      -0.684040      272
      31.862373      41.977127      -1.732051      273
      31.359932      43.163244      -1.969616      274
      32.151853      44.253230      -1.732051      275
      33.393272      43.994011      -1.285575      276
      31.788746      45.738011       0.000000      277
      30.757162      46.293251       0.684040      278
      30.270518      45.560792       1.732051      279
      30.845525      44.380895       1.969616      280
      30.076605      43.274563       1.732051      281
      28.869281      43.451761       1.285575      282
      28.610343      43.062028       0.000000      283
      29.574728      42.552457      -0.684040      284
      30.076605      43.274563      -1.732051      285
      29.524935      44.438600      -1.969616      286
      30.270518      45.560792      -1.732051      287
      31.521702      45.353786      -1.285575      288
      29.845552      47.029065       0.000000      289
      28.791623      47.540620       0.684040      290
      28.336077      46.788425       1.732051      291
      28.959990      45.633642       1.969616      292
      28.238072      44.496082       1.732051      293
      27.024387      44.622567       1.285575      294
      26.781996      44.222332       0.000000      295
      27.766874      43.753592      -0.684040      296
      28.238072      44.496082      -1.732051      297
      27.638142      45.635996      -1.969616      298
      28.336077      46.788425      -1.732051      299
      29.594833      46.633995      -1.285575      300
      27.850000      48.237615       0.000000      301
      26.775573      48.704587       0.684040      302
      26.351926      47.933975       1.732051      303
      27.023648      46.806332       1.969616      304
      26.350000      45.639539       1.732051      305
      25.132083      45.715089       1.285575      306
      24.906665      45.305055       0.000000      307
      25.910307      44.877969      -0.684040      308
      26.350000      45.639539      -1.732051      309
      25.702861      46.753331      -1.969616      310
      26.351926      47.933975      -1.732051      311
      27.616044      47.832392      -1.285575      312
      25.805589      49.361539       0.000000      313
      24.712550      49.783109       0.684040      314
      24.321544      48.995433       1.732051      315
      25.039898      47.896907       1.969616      316
      24.415701      46.702929       1.732051      317
      23.195689      46.727411       1.285575      318
      22.987639      46.308298       0.000000      319
      24.008285      45.923614      -0.684040      320
      24.415701      46.702929      -1.732051      321
      23.722489      47.788644      -1.969616      322
      24.321544      48.995433      -1.732051      323
      25.588808      48.946875      -1.285575      324
      23.715907      50.398867       0.000000      325
      22.606173      50.774295       0.684040      326
      22.248494      49.970937       1.732051      327
      23.012220      48.903456       1.969616      328
      22.438569      47.684386       1.732051      329
      21.218601      47.657758       1.285575      330
      21.028284      47.230300       0.000000      331
      22.064145      46.888694      -0.684040      332
      22.438569      47.684386      -1.732051      333
      21.700500      48.740120      -1.969616      334
      22.248494      49.970937      -1.732051      335
      23.516680      49.975488      -1.285575      336
      21.584618      51.347778       0.000000      337
      20.460136      51.676405       0.684040      338
      20.136413      50.858774       1.732051      339
      20.944170      49.824211       1.969616      340
      20.422071      48.582188       1.732051      341
      19.204289      48.504497       1.285575      342
      19.032039      48.069444       0.000000      343
      20.081296      47.771515      -0.684040      344
      20.422071      48.582188      -1.732051      345
      19.640440      49.606089      -1.969616      346
      20.136413      50.858774      -1.732051      347
      21.403295      50.916428      -1.285575      348
      19.415463      52.206607       0.000000      349
      18.278206      52.487858       0.684040      350
      17.989006      51.657387       1.732051      351
      18.839377      50.657557       1.969616      352
      18.369747      49.394761       1.732051      353
      17.156286      49.266143       1.285575      354
      17.002406      48.824258       0.000000      355
      18.063218      48.570529      -0.684040      356
      18.369747      49.394761      -1.732051      357
      17.545925      50.385033      -1.969616      358
      17.989006      51.657387      -1.732051      359
      19.252362      51.768042      -1.285575      360
      17.212247      52.973848       0.000000      361
      16.064210      53.207229       0.684040      362
      15.810039      52.365377       1.732051      363
      16.701533      51.402033       1.969616      364
      16.285196      50.120678       1.732051      365
      15.078185      49.941358       1.285575      366
      14.942944      49.493418       0.000000      367
      16.013451      49.284333      -0.684040      368
      16.285196      50.120678      -1.732051      369
      15.420628      51.075583      -1.969616      370
      15.810039      52.365377      -1.732051      371
      17.067654      52.528838      -1.285575      372
      14.978834      53.648155       0.000000      373
      13.822031      53.833257       0.684040      374
      13.603337      52.981499       1.732051      375
      14.534389      52.056333       1.969616      376
      14.172075      50.758667       1.732051      377
      12.973632      50.528960       1.285575      378
      12.857267      50.075749       0.000000      379
      13.935590      49.911676      -0.684040      380
      14.172075      50.758667      -1.732051      381
      13.268278      51.676530      -1.969616      382
      13.603337      52.981499      -1.732051      383
      14.853003      53.197481      -1.285575      384
      12.719143      54.228345       0.000000      385
      11.555604      54.364842       0.684040      386
      11.372769      53.504674       1.732051      387
      12.341747      52.619307       1.969616      388
      12.034091      51.307608       1.732051      389
      10.846319      51.027917       1.285575      390
      10.749034      50.570231       0.000000      391
      11.833282      50.451457      -0.684040      392
      12.034091      51.307608      -1.732051      393
      11.092651      52.186819      -1.969616      394
      11.372769      53.504674      -1.732051      395
      12.612296      53.772797      -1.285575      396
      10.437139      54.713400       0.000000      397
       9.268904      54.801054       0.684040      398
       9.122250      53.933983       1.732051      399
      10.127453      53.089970       1.969616      400
       9.874995      51.766538       1.732051      401
       8.699977      51.437354       1.285575      402
       8.621944      50.975995       0.000000      403
       9.710215      50.902729      -0.684040      404
       9.874995      51.766538      -1.732051      405
       8.897564      52.605554      -1.969616      406
       9.122250      53.933983      -1.732051      407
      10.349461      54.253777      -1.285575      408
       8.136825      55.102469       0.000000      409
       6.965944      55.141125       0.684040      410
       6.855728      54.268674       1.732051      411
       7.895393      53.467495       1.969616      412
       7.698576      52.134652       1.732051      413
       6.538373      51.756552       1.285575      414
       6.479728      51.292330       0.000000      415
       7.570112      51.264700      -0.684040      416
       7.698576      52.134652      -1.732051      417
       6.686867      52.932002      -1.969616      418
       6.855728      54.268674      -1.732051      419
       8.068471      54.639577      -1.285575      420
       5.822235      55.394870       0.000000      421
       4.650763      55.384461       0.684040      422
       4.577178      54.508159       1.732051      423
       5.649481      53.751220       1.969616      424
       5.508650      52.411304       1.732051      425
       4.365298      51.984951       1.285575      426
       4.326145      51.518681       0.000000      427
       5.416729      51.536736      -0.684040      428
       5.508650      52.411304      -1.732051      429
       4.464439      53.165588      -1.969616      430
       4.577178      54.508159      -1.732051      431
       5.773325      54.929522      -1.285575      432
       3.497432      55.590089       0.000000      433
       2.327423      55.530633       0.684040      434
       2.290598      54.652019       1.732051      435
       3.393658      53.940646       1.969616      436
       3.309060      52.596009       1.732051      437
       2.184565      52.122151       1.285575      438
       2.164971      51.654650       0.000000      439
       3.253843      51.718359      -0.684040      440
       3.309060      52.596009      -1.732051      441
       2.234179      53.305904      -1.969616      442
       2.290598      54.652019      -1.732051      443
       3.468052      55.123101      -1.285575      444
       1.166493      55.687784       0.000000      445
       0.000000      55.579385       0.684040      446
       0.000000      54.700000       1.732051      447
       1.131881      54.035443       1.969616      448
       1.103666      52.688442       1.732051      449
       0.000000      52.167911       1.285575      450
       0.000000      51.700000       0.000000      451
       1.085249      51.809250      -0.684040      452
       1.103666      52.688442      -1.732051      453
       0.000000      53.352704      -1.969616      454
       0.000000      54.700000      -1.732051      455
       1.156694      55.219976      -1.285575      456
      -1.166493      55.687784       0.000000      457
      -2.327423      55.530633       0.684040      458
      -2.290598      54.652019       1.732051      459
      -1.131881      54.035443       1.969616      460
      -1.103666      52.688442       1.732051      461
      -2.184565      52.122151       1.285575      462
      -2.164971      51.654650       0.000000      463
      -1.085249      51.809250      -0.684040      464
      -1.103666      52.688442      -1.732051      465
      -2.234179      53.305904      -1.969616      466
      -2.290598      54.652019      -1.732051      467
      -1.156694      55.219976      -1.285575      468
      -3.497432      55.590089       0.000000      469
      -4.650763      55.384461       0.684040      470
      -4.577178      54.508159       1.732051      471
      -3.393658      53.940646       1.969616      472
      -3.309060      52.596009       1.732051      473
      -4.365298      51.984951       1.285575      474
      -4.326145      51.518681       0.000000      475
      -3.253843      51.718359      -0.684040      476
      -3.309060      52.596009      -1.732051      477
      -4.464439      53.165588      -1.969616      478
      -4.577178      54.508159      -1.732051      479
      -3.468052      55.123101      -1.285575      480
      -5.822235      55.394870       0.000000      481
      -6.965944      55.141125       0.684040      482
      -6.855728      54.268674       1.732051      483
      -5.649481      53.751220       1.969616      484
      -5.508650      52.411304       1.732051      485
      -6.538373      51.756552       1.285575      486
      -6.479728      51.292330       0.000000      487
      -5.416729      51.536736      -0.684040      488
      -5.508650      52.411304      -1.732051      489
      -6.686867      52.932002      -1.969616      490
      -6.855728      54.268674      -1.732051      491
      -5.773325      54.929522      -1.285575      492
      -8.136825      55.102469       0.000000      493
      -9.268904      54.801054       0.684040      494
      -9.122250      53.933983       1.732051      495
      -7.895393      53.467495       1.969616      496
      -7.698576      52.134652       1.732051      497
      -8.699977      51.437354       1.285575      498
      -8.621944      50.975995       0.000000      499
      -7.570112      51.264700      -0.684040      500
      -7.698576      52.134652      -1.732051      501
      -8.897564      52.605554      -1.969616      502
      -9.122250      53.933983      -1.732051      503
      -8.068471      54.639577      -1.285575      504
     -10.437139      54.713400       0.000000      505
     -11.555604      54.364842       0.684040      506
     -11.372769      53.504674       1.732051      507
     -10.127453      53.089970       1.969616      508
      -9.874995      51.766538       1.732051      509
     -10.846319      51.027917       1.285575      510
     -10.749034      50.570231       0.000000      511
      -9.710215      50.902729      -0.684040      512
      -9.874995      51.766538      -1.732051      513
     -11.092651      52.186819      -1.969616      514
     -11.372769      53.504674      -1.732051      515
     -10.349461      54.253777      -1.285575      516
     -12.719143      54.228345       0.000000      517
     -13.822031      53.833257       0.684040      518
     -13.603337      52.981499       1.732051      519
     -12.341747      52.619307       1.969616      520
     -12.034091      51.307608       1.732051      521
     -12.973632      50.528960       1.285575      522
     -12.857267      50.075749       0.000000      523
     -11.833282      50.451457      -0.684040      524
     -12.034091      51.307608      -1.732051      525
     -13.268278      51.676530      -1.969616      526
     -13.603337      52.981499      -1.732051      527
     -12.612296      53.772797      -1.285575      528
     -14.978834      53.648155       0.000000      529
     -16.064210      53.207229       0.684040      530
     -15.810039      52.365377       1.732051      531
     -14.534389      52.056333       1.969616      532
     -14.172075      50.758667       1.732051      533
     -15.078185      49.941358       1.285575      534
     -14.942944      49.493418       0.000000      535
     -13.935590      49.911676      -0.684040      536
     -14.172075      50.758667      -1.732051      537
     -15.420628      51.075583      -1.969616      538
     -15.810039      52.365377      -1.732051      539
     -14.853003      53.197481      -1.285575      540
     -17.212247      52.973848       0.000000      541
     -18.278206      52.487858       0.684040      542
     -17.989006      51.657387       1.732051      543
     -16.701533      51.402033       1.969616      544
     -16.285196      50.120678       1.732051      545
     -17.156286      49.266143       1.285575      546
     -17.002406      48.824258       0.000000      547
     -16.013451      49.284333      -0.684040      548
     -16.285196      50.120678      -1.732051      549
     -17.545925      50.385033      -1.969616      550
     -17.989006      51.657387      -1.732051      551
     -17.067654      52.528838      -1.285575      552
     -19.415463      52.206607       0.000000      553
     -20.460136      51.676405       0.684040      554
     -20.136413      50.858774       1.732051      555
     -18.839377      50.657557       1.969616      556
     -18.369747      49.394761       1.732051      557
     -19.204289      48.504497       1.285575      558
     -19.032039      48.069444       0.000000      559
     -18.063218      48.570529      -0.684040      560
     -18.369747      49.394761      -1.732051      561
     -19.640440      49.606089      -1.969616      562
     -20.136413      50.858774      -1.732051      563
     -19.252362      51.768042      -1.285575      564
     -21.584618      51.347778       0.000000      565
     -22.606173      50.774295       0.684040      566
     -22.248494      49.970937       1.732051      567
     -20.944170      49.824211       1.969616      568
     -20.422071      48.582188       1.732051      569
     -21.218601      47.657758       1.285575      570
     -21.028284      47.230300       0.000000      571
     -20.081296      47.771515      -0.684040      572
     -20.422071      48.582188      -1.732051      573
     -21.700500      48.740120      -1.969616      574
     -22.248494      49.970937      -1.732051      575
     -21.403295      50.916428      -1.285575      576
     -23.715907      50.398867       0.000000      577
     -24.712550      49.783109       0.684040      578
     -24.321544      48.995433       1.732051      579
     -23.012220      48.903456       1.969616      580
     -22.438569      47.684386       1.732051      581
     -23.195689      46.727411       1.285575      582
     -22.987639      46.308298       0.000000      583
     -22.064145      46.888694      -0.684040      584
     -22.438569      47.684386      -1.732051      585
     -23.722489      47.788644      -1.969616      586
     -24.321544      48.995433      -1.732051      587
     -23.516680      49.975488      -1.285575      588
     -25.805589      49.361539       0.000000      589
     -26.775573      48.704587       0.684040      590
     -26.351926      47.933975       1.732051      591
     -25.039898      47.896907       1.969616      592
     -24.415701      46.702929       1.732051      593
     -25.132083      45.715089       1.285575      594
     -24.906665      45.305055       0.000000      595
     -24.008285      45.923614      -0.684040      596
     -24.415701      46.702929      -1.732051      597
     -25.702861      46.753331      -1.969616      598
     -26.351926      47.933975      -1.732051      599
     -25.588808      48.946875      -1.285575      600
     -27.850000      48.237615       0.000000      601
     -28.791623      47.540620       0.684040      602
     -28.336077      46.788425       1.732051      603
     -27.023648      46.806332       1.969616      604
     -26.350000      45.639539       1.732051      605
     -27.024387      44.622567       1.285575      606
     -26.781996      44.222332       0.000000      607
     -25.910307      44.877969      -0.684040      608
     -26.350000      45.639539      -1.732051      609
     -27.638142      45.635996      -1.969616      610
     -28.336077      46.788425      -1.732051      611
     -27.616044      47.832392      -1.285575      612
     -29.845552      47.029065       0.000000      613
     -30.757162      46.293251       0.684040      614
     -30.270518      45.560792       1.732051      615
     -28.959990      45.633642       1.969616      616
     -28.238072      44.496082       1.732051      617
     -28.869281      43.451761       1.285575      618
     -28.610343      43.062028       0.000000      619
     -27.766874      43.753592      -0.684040      620
     -28.238072      44.496082      -1.732051      621
     -29.524935      44.438600      -1.969616      622
     -30.270518      45.560792      -1.732051      623
     -29.594833      46.633995      -1.285575      624
     -31.788746      45.738011       0.000000      625
     -32.668743      44.964667       0.684040      626
     -32.151853      44.253230       1.732051      627
     -30.845525      44.380895       1.969616      628
     -30.076605      43.274563       1.732051      629
     -30.663529      42.204727       1.285575      630
     -30.388498      41.826179       0.000000      631
     -29.574728      42.552457      -0.684040      632
     -30.076605      43.274563      -1.732051      633
     -31.359932      43.163244      -1.969616      634
     -32.151853      44.253230      -1.732051      635
     -31.521702      45.353786      -1.285575      636
     -33.676171      44.366716       0.000000      637
     -34.523012      43.557201       0.684040      638
     -33.976784      42.868032       1.732051      639
     -32.676948      43.050289       1.969616      640
     -31.862373      41.977127       1.732051      641
     -32.403982      40.883651       1.285575      642
     -32.113340      40.516952       0.000000      643
     -31.330698      41.276670      -0.684040      644
     -31.862373      41.977127      -1.732051      645
     -33.139913      41.812165      -1.969616      646
     -33.976784      42.868032      -1.732051      647
     -33.393272      43.994011      -1.285575      648
     -35.504516      42.917588       0.000000      649
     -36.316715      42.073320       0.684040      650
     -35.742107      41.407630       1.732051      651
     -34.451043      41.644158       1.969616      652
     -33.592244      40.606048       1.732051      653
     -34.087588      39.490851       1.285575      654
     -33.781845      39.136644       0.000000      655
     -33.031703      39.928470      -0.684040      656
     -33.592244      40.606048      -1.732051      657
     -34.861756      40.387733      -1.969616      658
     -35.742107      41.407630      -1.732051      659
     -35.206258      42.557056      -1.285575      660
     -37.270575      41.393167       0.000000      661
     -38.046707      40.515628       0.684040      662
     -37.444727      39.874584       1.732051      663
     -36.164700      40.164969       1.969616      664
     -35.263183      39.163732       1.732051      665
     -35.711393      38.028771       1.285575      666
     -35.391085      37.687678       0.000000      667
     -34.674759      38.510222      -0.684040      668
     -35.263183      39.163732      -1.732051      669
     -36.522439      38.892447      -1.969616      670
     -37.444727      39.874584      -1.732051      671
     -36.957481      41.045441      -1.285575      672
     -38.971248      39.796128       0.000000      673
     -39.709952      38.886858       0.684040      674
     -39.081656      38.271585       1.732051      675
     -37.814912      38.615317       1.969616      676
     -36.872258      37.652710       1.732051      677
     -37.272547      36.499975       1.285575      678
     -36.938238      36.172595       0.000000      679
     -36.256984      37.024413      -0.684040      680
     -36.872258      37.652710      -1.732051      681
     -38.119049      37.328931      -1.969616      682
     -39.081656      38.271585      -1.732051      683
     -38.643868      39.461819      -1.285575      684
     -40.603553      38.129274       0.000000      685
     -41.303533      37.189868       0.684040      686
     -40.650022      36.601444       1.732051      687
     -39.398783      36.997920       1.969616      688
     -38.416647      36.075632       1.732051      689
     -38.768313      34.907146       1.285575      690
     -38.420587      34.594052       0.000000      691
     -37.775602      35.473652      -0.684040      692
     -38.416647      36.075632      -1.732051      693
     -39.648786      35.699927      -1.969616      694
     -40.650022      36.601444      -1.732051      695
     -40.262460      37.808967      -1.285575      696
     -42.164625      36.395528       0.000000      697
     -42.824652      35.427633       0.684040      698
     -42.147074      34.867092       1.732051      699
     -40.913536      35.315617       1.969616      700
     -39.893639      34.435266       1.732051      701
     -40.196066      33.253078       1.285575      702
     -39.835535      32.954820       0.000000      703
     -39.227949      33.860657      -0.684040      704
     -39.893639      34.435266      -1.732051      705
     -41.108965      34.008293      -1.969616      706
     -42.147074      34.867092      -1.732051      707
     -41.810418      36.089785      -1.285575      708
     -43.651726      34.597931       0.000000      709
     -44.270643      33.603247       0.684040      710
     -43.570187      33.071572       1.732051      711
     -42.356513      33.571358       1.969616      712
     -41.300645      32.734488       1.732051      713
     -41.553302      31.540673       1.285575      714
     -41.180597      31.257774       0.000000      715
     -40.611477      32.188260      -0.684040      716
     -41.300645      32.734488      -1.732051      717
     -42.497025      32.256997      -1.969616      718
     -43.570187      33.071572      -1.732051      719
     -43.285027      34.307289      -1.285575      720
     -45.062247      32.739639       0.000000      721
     -45.638968      31.719909       0.684040      722
     -44.916862      31.218032       1.732051      723
     -43.725181      31.768204       1.969616      724
     -42.635196      30.976283       1.732051      725
     -42.837639      29.772935       1.285575      726
     -42.453414      29.505891       0.000000      727
     -41.923758      30.459393      -0.684040      728
     -42.635196      30.976283      -1.732051      729
     -43.810530      30.449112      -1.969616      730
     -44.916862      31.218032      -1.732051      731
     -44.683699      32.464607      -1.285575      732
     -46.393713      30.823909       0.000000      733
     -46.927227      29.780924       0.684040      734
     -46.184738      29.309726       1.732051      735
     -45.017141      29.909317       1.969616      736
     -43.894949      29.163735       1.732051      737
     -44.046824      27.952965       1.285575      738
     -43.651754      27.702245       0.000000      739
     -43.162491      28.677090      -0.684040      740
     -43.894949      29.163735      -1.732051      741
     -45.047178      28.587808      -1.969616      742
     -46.184738      29.309726      -1.732051      743
     -46.003980      30.564971      -1.285575      744
     -47.643789      28.854104       0.000000      745
     -48.133160      27.789693       0.684040      746
     -47.371590      27.350000       1.732051      747
     -46.230126      27.997959       1.969616      748
     -45.077697      27.300023       1.732051      749
     -45.178736      26.083956       1.285575      750
     -44.773513      25.850000       0.000000      751
     -44.325502      26.844478      -0.684040      752
     -45.077697      27.300023      -1.732051      753
     -46.204797      26.676352      -1.969616      754
     -47.371590      27.350000      -1.732051      755
     -47.243555      28.611714      -1.285575      756
     -48.810282      26.833680       0.000000      757
     -49.254650      25.749709       0.684040      758
     -48.475336      25.342293       1.732051      759
     -47.362007      26.037484       1.969616      760
     -46.181362      25.388419       1.732051      761
     -46.231390      24.169186       1.285575      762
     -45.816725      23.952405       0.000000      763
     -45.410751      24.964772      -0.684040      764
     -46.181362      25.388419      -1.732051      765
     -47.281357      24.718096      -1.969616      766
     -48.475336      25.342293      -1.732051      767
     -48.400248      26.608262      -1.285575      768
     -49.891145      24.766179       0.000000      769
     -50.289731      23.664551       0.684040      770
     -49.494040      23.290127       1.732051      771
     -48.410799      24.031329       1.969616      772
     -47.204010      23.432274       1.732051      773
     -47.202937      22.212016       1.285575      774
     -46.779559      22.012789       0.000000      775
     -46.416334      23.041268      -0.684040      776
     -47.204010      23.432274      -1.732051      777
     -48.274970      22.716476      -1.969616      778
     -49.494040      23.290127      -1.732051      779
     -49.472032      24.558130      -1.285575      780
     -50.884482      22.655231       0.000000      781
     -51.236587      21.537878       0.684040      782
     -50.425914      21.197103       1.732051      783
     -49.374662      21.983016       1.969616      784
     -48.143846      21.435021       1.732051      785
     -48.091675      20.215879       1.285575      786
     -47.660325      20.034556       0.000000      787
     -47.340487      21.077343      -0.684040      788
     -48.143846      21.435021      -1.732051      789
     -49.183892      20.675004      -1.969616      790
     -50.425914      21.197103      -1.732051      791
     -50.457024      22.464914      -1.285575      792
     -51.788550      20.504538       0.000000      793
     -52.093557      19.373420       0.684040      794
     -51.269325      19.066891       1.732051      795
     -50.251905      19.896137       1.969616      796
     -48.999221      19.400164       1.732051      797
     -48.896044      18.184276       1.285575      798
     -48.457479      18.021175       0.000000      799
     -48.181589      19.076441      -0.684040      800
     -48.999221      19.400164      -1.732051      801
     -50.006528      18.597261      -1.969616      802
     -51.269325      19.066891      -1.732051      803
     -51.353498      20.332288      -1.285575      804
     -52.601764      18.317872       0.000000      805
     -52.859137      17.174975       0.684040      806
     -52.022791      16.903230       1.732051      807
     -51.040990      17.774353       1.969616      808
     -49.768635      17.331272       1.732051      809
     -49.614632      16.120771       1.285575      810
     -49.169622      15.976179       0.000000      811
     -48.938164      17.042072      -0.684040      812
     -49.768635      17.331272      -1.732051      813
     -50.741436      16.486892      -1.969616      814
     -52.022791      16.903230      -1.732051      815
     -52.159880      18.163992      -1.285575      816
     -53.322696      16.099071       0.000000      817
     -53.531983      14.946398       0.684040      818
     -52.684992      14.709914       1.732051      819
     -51.740531      15.621387       1.969616      820
     -50.450738      15.231976       1.732051      821
     -50.246179      14.028985       1.285575      822
     -49.795505      13.903155       0.000000      823
     -49.608885      14.977805      -0.684040      824
     -50.450738      15.231976      -1.732051      825
     -51.387327      14.347599      -1.969616      826
     -52.684992      14.709914      -1.732051      827
     -52.874756      15.963830      -1.285575      828
     -53.950082      13.852027       0.000000      829
     -54.110917      12.691601       0.684040      830
     -53.254766      12.490793       1.732051      831
     -52.349301      13.441016       1.969616      832
     -51.044333      13.105957       1.732051      833
     -50.789578      11.912588       1.285575      834
     -50.334029      11.805740       0.000000      835
     -50.192575      12.887263      -0.684040      836
     -51.044333      13.105957      -1.732051      837
     -51.943067      12.183136      -1.969616      838
     -53.254766      12.490793      -1.732051      839
     -53.496871      13.735662      -1.285575      840
     -54.482821      11.580681       0.000000      841
     -54.594922      10.414538       0.684040      842
     -53.731113      10.249758       1.732051      843
     -52.866233      11.237065       1.969616      844
     -51.548379      10.956946       1.732051      845
     -51.243874       9.775292       1.285575      846
     -50.784251       9.687614       0.000000      847
     -50.688210      10.774112      -0.684040      848
     -51.548379      10.956946      -1.732051      849
     -52.407681       9.997300      -1.969616      850
     -53.731113      10.249758      -1.732051      851
     -54.025135      11.483397      -1.285575      852
     -54.919979       9.289019       0.000000      853
     -54.983148       8.119205       0.684040      854
     -54.113197       7.990742       1.732051      855
     -53.290420       9.013400       1.969616      856
     -51.961991       8.788713       1.732051      857
     -51.608271       7.620846       1.285575      858
     -51.145380       7.552493       0.000000      859
     -51.094921       8.642059      -0.684040      860
     -51.961991       8.788713      -1.732051      861
     -52.780354       7.793925      -1.969616      862
     -54.113197       7.990742      -1.732051      863
     -54.458621       9.210986      -1.285575      864
     -55.260789       6.981061       0.000000      865
     -55.274916       5.809628       0.684040      866
     -54.400348       5.717707       1.732051      867
     -53.621117       6.773922       1.969616      868
     -52.284445       6.605061       1.732051      869
     -51.882130       5.453032       1.285575      870
     -51.416782       5.404122       0.000000      871
     -51.411994       6.494845      -0.684040      872
     -52.284445       6.605061      -1.732051      873
     -53.060432       5.576876      -1.969616      874
     -54.400348       5.717707      -1.732051      875
     -54.796567       6.922416      -1.285575      876
     -55.504652       4.660856       0.000000      877
     -55.469712       3.489858       0.684040      878
     -54.592062       3.434641       1.732051      879
     -53.857745       4.522561       1.969616      880
     -52.515174       4.409822       1.732051      881
     -52.064970       3.275650       1.285575      882
     -51.597982       3.246270       0.000000      883
     -51.638873       4.336237      -0.684040      884
     -52.515174       4.409822      -1.732051      885
     -53.247424       3.350044      -1.969616      886
     -54.592062       3.434641      -1.732051      887
     -55.038382       4.621702      -1.285575      888
     -55.651142       2.332474       0.000000      889
     -55.567196       1.163967       0.684040      890
     -54.688003       1.145550       1.732051      891
     -53.999888       2.263266       1.969616      892
     -52.653773       2.206847       1.732051      893
     -52.156470       1.092522       1.285575      894
     -51.688661       1.082723       0.000000      895
     -51.775159       2.170022      -0.684040      896
     -52.653773       2.206847      -1.732051      897
     -53.341003       1.117335      -1.969616      898
     -54.688003       1.145550      -1.732051      899
     -55.183641       2.312880      -1.285575      900
     -55.700000       0.000000       0.000000      901
     -55.567196      -1.163967       0.684040      902
     -54.688003      -1.145550       1.732051      903
     -54.047296       0.000000       1.969616      904
     -52.700000       0.000000       1.732051      905
     -52.156470      -1.092522       1.285575      906
     -51.688661      -1.082723       0.000000      907
     -51.820615       0.000000      -0.684040      908
     -52.700000       0.000000      -1.732051      909
     -53.341003      -1.117335      -1.969616      910
     -54.688003      -1.145550      -1.732051      911
     -55.232089       0.000000      -1.285575      912
     -55.651142      -2.332474       0.000000      913
     -55.469712      -3.489858       0.684040      914
     -54.592062      -3.434641       1.732051      915
     -53.999888      -2.263266       1.969616      916
     -52.653773      -2.206847       1.732051      917
     -52.064970      -3.275650       1.285575      918
     -51.597982      -3.246270       0.000000      919
     -51.775159      -2.170022      -0.684040      920
     -52.653773      -2.206847      -1.732051      921
     -53.247424      -3.350044      -1.969616      922
     -54.592062      -3.434641      -1.732051      923
     -55.183641      -2.312880      -1.285575      924
     -55.504652      -4.660856       0.000000      925
     -55.274916      -5.809628       0.684040      926
     -54.400348      -5.717707       1.732051      927
     -53.857745      -4.522561       1.969616      928
     -52.515174      -4.409822       1.732051      929
     -51.882130      -5.453032       1.285575      930
     -51.416782      -5.404122       0.000000      931
     -51.638873      -4.336237      -0.684040      932
     -52.515174      -4.409822      -1.732051      933
     -53.060432      -5.576876      -1.969616      934
     -54.400348      -5.717707      -1.732051      935
     -55.038382      -4.621702      -1.285575      936
     -55.260789      -6.981061       0.000000      937
     -54.983148      -8.119205       0.684040      938
     -54.113197      -7.990742       1.732051      939
     -53.621117      -6.773922       1.969616      940
     -52.284445      -6.605061       1.732051      941
     -51.608271      -7.620846       1.285575      942
     -51.145380      -7.552493       0.000000      943
     -51.411994      -6.494845      -0.684040      944
     -52.284445      -6.605061      -1.732051      945
     -52.780354      -7.793925      -1.969616      946
     -54.113197      -7.990742      -1.732051      947
     -54.796567      -6.922416      -1.285575      948
     -54.919979      -9.289019       0.000000      949
     -54.594922     -10.414538       0.684040      950
     -53.731113     -10.249758       1.732051      951
     -53.290420      -9.013400       1.969616      952
     -51.961991      -8.788713       1.732051      953
     -51.243874      -9.775292       1.285575      954
     -50.784251      -9.687614       0.000000      955
     -51.094921      -8.642059      -0.684040      956
     -51.961991      -8.788713      -1.732051      957
     -52.407681      -9.997300      -1.969616      958
     -53.731113     -10.249758      -1.732051      959
     -54.458621      -9.210986      -1.285575      960
     -54.482821     -11.580681       0.000000      961
     -54.110917     -12.691601       0.684040      962
     -53.254766     -12.490793       1.732051      963
     -52.866233     -11.237065       1.969616      964
     -51.548379     -10.956946       1.732051      965
     -50.789578     -11.912588       1.285575      966
     -50.334029     -11.805740       0.000000      967
     -50.688210     -10.774112      -0.684040      968
     -51.548379     -10.956946      -1.732051      969
     -51.943067     -12.183136      -1.969616      970
     -53.254766     -12.490793      -1.732051      971
     -54.025135     -11.483397      -1.285575      972
     -53.950082     -13.852027       0.000000      973
     -53.531983     -14.946398       0.684040      974
     -52.684992     -14.709914       1.732051      975
     -52.349301     -13.441016       1.969616      976
     -51.044333     -13.105957       1.732051      977
     -50.246179     -14.028985       1.285575      978
     -49.795505     -13.903155       0.000000      979
     -50.192575     -12.887263      -0.684040      980
     -51.044333     -13.105957      -1.732051      981
     -51.387327     -14.347599      -1.969616      982
     -52.684992     -14.709914      -1.732051      983
     -53.496871     -13.735662      -1.285575      984
     -53.322696     -16.099071       0.000000      985
     -52.859137     -17.174975       0.684040      986
     -52.022791     -16.903230       1.732051      987
     -51.740531     -15.621387       1.969616      988
     -50.450738     -15.231976       1.732051      989
     -49.614632     -16.120771       1.285575      990
     -49.169622     -15.976179       0.000000      991
     -49.608885     -14.977805      -0.684040      992
     -50.450738     -15.231976      -1.732051      993
     -50.741436     -16.486892      -1.969616      994
     -52.022791     -16.903230      -1.732051      995
     -52.874756     -15.963830      -1.285575      996
     -52.601764     -18.317872       0.000000      997
     -52.093557     -19.373420       0.684040      998
     -51.269325     -19.066891       1.732051      999
     -51.040990     -17.774353       1.969616     1000
     -49.768635     -17.331272       1.732051     1001
     -48.896044     -18.184276       1.285575     1002
     -48.457479     -18.021175       0.000000     1003
     -48.938164     -17.042072      -0.684040     1004
     -49.768635     -17.331272      -1.732051     1005
     -50.006528     -18.597261      -1.969616     1006
     -51.269325     -19.066891      -1.732051     1007
     -52.159880     -18.163992      -1.285575     1008
     -51.788550     -20.504538       0.000000     1009
     -51.236587     -21.537878       0.684040     1010
     -50.425914     -21.197103       1.732051     1011
     -50.251905     -19.896137       1.969616     1012
     -48.999221     -19.400164       1.732051     1013
     -48.091675     -20.215879       1.285575     1014
     -47.660325     -20.034556       0.000000     1015
     -48.181589     -19.076441      -0.684040     1016
     -48.999221     -19.400164      -1.732051     1017
     -49.183892     -20.675004      -1.969616     1018
     -50.425914     -21.197103      -1.732051     1019
     -51.353498     -20.332288      -1.285575     1020
     -50.884482     -22.655231       0.000000     1021
     -50.289731     -23.664551       0.684040     1022
     -49.494040     -23.290127       1.732051     1023
     -49.374662     -21.983016       1.969616     1024
     -48.143846     -21.435021       1.732051     1025
     -47.202937     -22.212016       1.285575     1026
     -46.779559     -22.012789       0.000000     1027
     -47.340487     -21.077343      -0.684040     1028
     -48.143846     -21.435021      -1.732051     1029
     -48.274970     -22.716476      -1.969616     1030
     -49.494040     -23.290127      -1.732051     1031
     -50.457024     -22.464914      -1.285575     1032
     -49.891145     -24.766179       0.000000     1033
     -49.254650     -25.749709       0.684040     1034
     -48.475336     -25.342293       1.732051     1035
     -48.410799     -24.031329       1.969616     1036
     -47.204010     -23.432274       1.732051     1037
     -46.231390     -24.169186       1.285575     1038
     -45.816725     -23.952405       0.000000     1039
     -46.416334     -23.041268      -0.684040     1040
     -47.204010     -23.432274      -1.732051     1041
     -47.281357     -24.718096      -1.969616     1042
     -48.475336     -25.342293      -1.732051     1043
     -49.472032     -24.558130      -1.285575     1044
     -48.810282     -26.833680       0.000000     1045
     -48.133160     -27.789693       0.684040     1046
     -47.371590     -27.350000       1.732051     1047
     -47.362007     -26.037484       1.969616     1048
     -46.181362     -25.388419       1.732051     1049
     -45.178736     -26.083956       1.285575     1050
     -44.773513     -25.850000       0.000000     1051
     -45.410751     -24.964772      -0.684040     1052
     -46.181362     -25.388419      -1.732051     1053
     -46.204797     -26.676352      -1.969616     1054
     -47.371590     -27.350000      -1.732051     1055
     -48.400248     -26.608262      -1.285575     1056
     -47.643789     -28.854104       0.000000     1057
     -46.927227     -29.780924       0.684040     1058
     -46.184738     -29.309726       1.732051     1059
     -46.230126     -27.997959       1.969616     1060
     -45.077697     -27.300023       1.732051     1061
     -44.046824     -27.952965       1.285575     1062
     -43.651754     -27.702245       0.000000     1063
     -44.325502     -26.844478      -0.684040     1064
     -45.077697     -27.300023      -1.732051     1065
     -45.047178     -28.587808      -1.969616     1066
     -46.184738     -29.309726      -1.732051     1067
     -47.243555     -28.611714      -1.285575     1068
     -46.393713     -30.823909       0.000000     1069
     -45.638968     -31.719909       0.684040     1070
     -44.916862     -31.218032       1.732051     1071
     -45.017141     -29.909317       1.969616     1072
     -43.894949     -29.163735       1.732051     1073
     -42.837639     -29.772935       1.285575     1074
     -42.453414     -29.505891       0.000000     1075
     -43.162491     -28.677090      -0.684040     1076
     -43.894949     -29.163735      -1.732051     1077
     -43.810530     -30.449112      -1.969616     1078
     -44.916862     -31.218032      -1.732051     1079
     -46.003980     -30.564971      -1.285575     1080
     -45.062247     -32.739639       0.000000     1081
     -44.270643     -33.603247       0.684040     1082
     -43.570187     -33.071572       1.732051     1083
     -43.725181     -31.768204       1.969616     1084
     -42.635196     -30.976283       1.732051     1085
     -41.553302     -31.540673       1.285575     1086
     -41.180597     -31.257774       0.000000     1087
     -41.923758     -30.459393      -0.684040     1088
     -42.635196     -30.976283      -1.732051     1089
     -42.497025     -32.256997      -1.969616     1090
     -43.570187     -33.071572      -1.732051     1091
     -44.683699     -32.464607      -1.285575     1092
     -43.651726     -34.597931       0.000000     1093
     -42.824652     -35.427633       0.684040     1094
     -42.147074     -34.867092       1.732051     1095
     -42.356513     -33.571358       1.969616     1096
     -41.300645     -32.734488       1.732051     1097
     -40.196066     -33.253078       1.285575     1098
     -39.835535     -32.954820       0.000000     1099
     -40.611477     -32.188260      -0.684040     1100
     -41.300645     -32.734488      -1.732051     1101
     -41.108965     -34.008293      -1.969616     1102
     -42.147074     -34.867092      -1.732051     1103
     -43.285027     -34.307289      -1.285575     1104
     -42.164625     -36.395528       0.000000     1105
     -41.303533     -37.189868       0.684040     1106
     -40.650022     -36.601444       1.732051     1107
     -40.913536     -35.315617       1.969616     1108
     -39.893639     -34.435266       1.732051     1109
     -38.768313     -34.907146       1.285575     1110
     -38.420587     -34.594052       0.000000     1111
     -39.227949     -33.860657      -0.684040     1112
     -39.893639     -34.435266      -1.732051     1113
     -39.648786     -35.699927      -1.969616     1114
     -40.650022     -36.601444      -1.732051     1115
     -41.810418     -36.089785      -1.285575     1116
     -40.603553     -38.129274       0.000000     1117
     -39.709952     -38.886858       0.684040     1118
     -39.081656     -38.271585       1.732051     1119
     -39.398783     -36.997920       1.969616     1120
     -38.416647     -36.075632       1.732051     1121
     -37.272547     -36.499975       1.285575     1122
     -36.938238     -36.172595       0.000000     1123
     -37.775602     -35.473652      -0.684040     1124
     -38.416647     -36.075632      -1.732051     1125
     -38.119049     -37.328931      -1.969616     1126
     -39.081656     -38.271585      -1.732051     1127
     -40.262460     -37.808967      -1.285575     1128
     -38.971248     -39.796128       0.000000     1129
     -38.046707     -40.515628       0.684040     1130
     -37.444727     -39.874584       1.732051     1131
     -37.814912     -38.615317       1.969616     1132
     -36.872258     -37.652710       1.732051     1133
     -35.711393     -38.028771       1.285575     1134
     -35.391085     -37.687678       0.000000     1135
     -36.256984     -37.024413      -0.684040     1136
     -36.872258     -37.652710      -1.732051     1137
     -36.522439     -38.892447      -1.969616     1138
     -37.444727     -39.874584      -1.732051     1139
     -38.643868     -39.461819      -1.285575     1140
     -37.270575     -41.393167       0.000000     1141
     -36.316715     -42.073320       0.684040     1142
     -35.742107     -41.407630       1.732051     1143
     -36.164700     -40.164969       1.969616     1144
     -35.263183     -39.163732       1.732051     1145
     -34.087588     -39.490851       1.285575     1146
     -33.781845     -39.136644       0.000000     1147
     -34.674759     -38.510222      -0.684040     1148
     -35.263183     -39.163732      -1.732051     1149
     -34.861756     -40.387733      -1.969616     1150
     -35.742107     -41.407630      -1.732051     1151
     -36.957481     -41.045441      -1.285575     1152
     -35.504516     -42.917588       0.000000     1153
     -34.523012     -43.557201       0.684040     1154
     -33.976784     -42.868032       1.732051     1155
     -34.451043     -41.644158       1.969616     1156
     -33.592244     -40.606048       1.732051     1157
     -32.403982     -40.883651       1.285575     1158
     -32.113340     -40.516952       0.000000     1159
     -33.031703     -39.928470      -0.684040     1160
     -33.592244     -40.606048      -1.732051     1161
     -33.139913     -41.812165      -1.969616     1162
     -33.976784     -42.868032      -1.732051     1163
     -35.206258     -42.557056      -1.285575     1164
     -33.676171     -44.366716       0.000000     1165
     -32.668743     -44.964667       0.684040     1166
     -32.151853     -44.253230       1.732051     1167
     -32.676948     -43.050289       1.969616     1168
     -31.862373     -41.977127       1.732051     1169
     -30.663529     -42.204727       1.285575     1170
     -30.388498     -41.826179       0.000000     1171
     -31.330698     -41.276670      -0.684040     1172
     -31.862373     -41.977127      -1.732051     1173
     -31.359932     -43.163244      -1.969616     1174
     -32.151853     -44.253230      -1.732051     1175
     -33.393272     -43.994011      -1.285575     1176
     -31.788746     -45.738011       0.000000     1177
     -30.757162     -46.293251       0.684040     1178
     -30.270518     -45.560792       1.732051     1179
     -30.845525     -44.380895       1.969616     1180
     -30.076605     -43.274563       1.732051     1181
     -28.869281     -43.451761       1.285575     1182
     -28.610343     -43.062028       0.000000     1183
     -29.574728     -42.552457      -0.684040     1184
     -30.076605     -43.274563      -1.732051     1185
     -29.524935     -44.438600      -1.969616     1186
     -30.270518     -45.560792      -1.732051     1187
     -31.521702     -45.353786      -1.285575     1188
     -29.845552     -47.029065       0.000000     1189
     -28.791623     -47.540620       0.684040     1190
     -28.336077     -46.788425       1.732051     1191
     -28.959990     -45.633642       1.969616     1192
     -28.238072     -44.496082       1.732051     1193
     -27.024387     -44.622567       1.285575     1194
     -26.781996     -44.222332       0.000000     1195
     -27.766874     -43.753592      -0.684040     1196
     -28.238072     -44.496082      -1.732051     1197
     -27.638142     -45.635996      -1.969616     1198
     -28.336077     -46.788425      -1.732051     1199
     -29.594833     -46.633995      -1.285575     1200
     -27.850000     -48.237615       0.000000     1201
     -26.775573     -48.704587       0.684040     1202
     -26.351926     -47.933975       1.732051     1203
     -27.023648     -46.806332       1.969616     1204
     -26.350000     -45.639539       1.732051     1205
     -25.132083     -45.715089       1.285575     1206
     -24.906665     -45.305055       0.000000     1207
     -25.910307     -44.877969      -0.684040     1208
     -26.350000     -45.639539      -1.732051     1209
     -25.702861     -46.753331      -1.969616     1210
     -26.351926     -47.933975      -1.732051     1211
     -27.616044     -47.832392      -1.285575     1212
     -25.805589     -49.361539       0.000000     1213
     -24.712550     -49.783109       0.684040     1214
     -24.321544     -48.995433       1.732051     1215
     -25.039898     -47.896907       1.969616     1216
     -24.415701     -46.702929       1.732051     1217
     -23.195689     -46.727411       1.285575     1218
     -22.987639     -46.308298       0.000000     1219
     -24.008285     -45.923614      -0.684040     1220
     -24.415701     -46.702929      -1.732051     1221
     -23.722489     -47.788644      -1.969616     1222
     -24.321544     -48.995433      -1.732051     1223
     -25.588808     -48.946875      -1.285575     1224
     -23.715907     -50.398867       0.000000     1225
     -22.606173     -50.774295       0.684040     1226
     -22.248494     -49.970937       1.732051     1227
     -23.012220     -48.903456       1.969616     1228
     -22.438569     -47.684386       1.732051     1229
     -21.218601     -47.657758       1.285575     1230
     -21.028284     -47.230300       0.000000     1231
     -22.064145     -46.888694      -0.684040     1232
     -22.438569     -47.684386      -1.732051     1233
     -21.700500     -48.740120      -1.969616     1234
     -22.248494     -49.970937      -1.732051     1235
     -23.516680     -49.975488      -1.285575     1236
     -21.584618     -51.347778       0.000000     1237
     -20.460136     -51.676405       0.684040     1238
     -20.136413     -50.858774       1.732051     1239
     -20.944170     -49.824211       1.969616     1240
     -20.422071     -48.582188       1.732051     1241
     -19.204289     -48.504497       1.285575     1242
     -19.032039     -48.069444       0.000000     1243
     -20.081296     -47.771515      -0.684040     1244
     -20.422071     -48.582188      -1.732051     1245
     -19.640440     -49.606089      -1.969616     1246
     -20.136413     -50.858774      -1.732051     1247
     -21.403295     -50.916428      -1.285575     1248
     -19.415463     -52.206607       0.000000     1249
     -18.278206     -52.487858       0.684040     1250
     -17.989006     -51.657387       1.732051     1251
     -18.839377     -50.657557       1.969616     1252
     -18.369747     -49.394761       1.732051     1253
     -17.156286     -49.266143       1.285575     1254
     -17.002406     -48.824258       0.000000     1255
     -18.063218     -48.570529      -0.684040     1256
     -18.369747     -49.394761      -1.732051     1257
     -17.545925     -50.385033      -1.969616     1258
     -17.989006     -51.657387      -1.732051     1259
     -19.252362     -51.768042      -1.285575     1260
     -17.212247     -52.973848       0.000000     1261
     -16.064210     -53.207229       0.684040     1262
     -15.810039     -52.365377       1.732051     1263
     -16.701533     -51.402033       1.969616     1264
     -16.285196     -50.120678       1.732051     1265
     -15.078185     -49.941358       1.285575     1266
     -14.942944     -49.493418       0.000000     1267
     -16.013451     -49.284333      -0.684040     1268
     -16.285196     -50.120678      -1.732051     1269
     -15.420628     -51.075583      -1.969616     1270
     -15.810039     -52.365377      -1.732051     1271
     -17.067654     -52.528838      -1.285575     1272
     -14.978834     -53.648155       0.000000     1273
     -13.822031     -53.833257       0.684040     1274
     -13.603337     -52.981499       1.732051     1275
     -14.534389     -52.056333       1.969616     1276
     -14.172075     -50.758667       1.732051     1277
     -12.973632     -50.528960       1.285575     1278
     -12.857267     -50.075749       0.000000     1279
     -13.935590     -49.911676      -0.684040     1280
     -14.172075     -50.758667      -1.732051     1281
     -13.268278     -51.676530      -1.969616     1282
     -13.603337     -52.981499      -1.732051     1283
     -14.853003     -53.197481      -1.285575     1284
     -12.719143     -54.228345       0.000000     1285
     -11.555604     -54.364842       0.684040     1286
     -11.372769     -53.504674       1.732051     1287
     -12.341747     -52.619307       1.969616     1288
     -12.034091     -51.307608       1.732051     1289
     -10.846319     -51.027917       1.285575     1290
     -10.749034     -50.570231       0.000000     1291
     -11.833282     -50.451457      -0.684040     1292
     -12.034091     -51.307608      -1.732051     1293
     -11.092651     -52.186819      -1.969616     1294
     -11.372769     -53.504674      -1.732051     1295
     -12.612296     -53.772797      -1.285575     1296
     -10.437139     -54.713400       0.000000     1297
      -9.268904     -54.801054       0.684040     1298
      -9.122250     -53.933983       1.732051     1299
     -10.127453     -53.089970       1.969616     1300
      -9.874995     -51.766538       1.732051     1301
      -8.699977     -51.437354       1.285575     1302
      -8.621944     -50.975995       0.000000     1303
      -9.710215     -50.902729      -0.684040     1304
      -9.874995     -51.766538      -1.732051     1305
      -8.897564     -52.605554      -1.969616     1306
      -9.122250     -53.933983      -1.732051     1307
     -10.349461     -54.253777      -1.285575     1308
      -8.136825     -55.102469       0.000000     1309
      -6.965944     -55.141125       0.684040     1310
      -6.855728     -54.268674       1.732051     1311
      -7.895393     -53.467495       1.969616     1312
      -7.698576     -52.134652       1.732051     1313
      -6.538373     -51.756552       1.285575     1314
      -6.479728     -51.292330       0.000000     1315
      -7.570112     -51.264700      -0.684040     1316
      -7.698576     -52.134652      -1.732051     1317
      -6.686867     -52.932002      -1.969616     1318
      -6.855728     -54.268674      -1.732051     1319
      -8.068471     -54.639577      -1.285575     1320
      -5.822235     -55.394870       0.000000     1321
      -4.650763     -55.384461       0.684040     1322
      -4.577178     -54.508159       1.732051     1323
      -5.649481     -53.751220       1.969616     1324
      -5.508650     -52.411304       1.732051     1325
      -4.365298     -51.984951       1.285575     1326
      -4.326145     -51.518681       0.000000     1327
      -5.416729     -51.536736      -0.684040     1328
      -5.508650     -52.411304      -1.732051     1329
      -4.464439     -53.165588      -1.969616     1330
      -4.577178     -54.508159      -1.732051     1331
      -5.773325     -54.929522      -1.285575     1332
      -3.497432     -55.590089       0.000000     1333
      -2.327423     -55.530633       0.684040     1334
      -2.290598     -54.652019       1.732051     1335
      -3.393658     -53.940646       1.969616     1336
      -3.309060     -52.596009       1.732051     1337
      -2.184565     -52.122151       1.285575     1338
      -2.164971     -51.654650       0.000000     1339
      -3.253843     -51.718359      -0.684040     1340
      -3.309060     -52.596009      -1.732051     1341
      -2.234179     -53.305904      -1.969616     1342
      -2.290598     -54.652019      -1.732051     1343
      -3.468052     -55.123101      -1.285575     1344
      -1.166493     -55.687784       0.000000     1345
      -0.000000     -55.579385       0.684040     1346
      -0.000000     -54.700000       1.732051     1347
      -1.131881     -54.035443       1.969616     1348
      -1.103666     -52.688442       1.732051     1349
      -0.000000     -52.167911       1.285575     1350
      -0.000000     -51.700000       0.000000     1351
      -1.085249     -51.809250      -0.684040     1352
      -1.103666     -52.688442      -1.732051     1353
      -0.000000     -53.352704      -1.969616     1354
      -0.000000     -54.700000      -1.732051     1355
      -1.156694     -55.219976      -1.285575     1356
       1.166493     -55.687784       0.000000     1357
       2.327423     -55.530633       0.684040     1358
       2.290598     -54.652019       1.732051     1359
       1.131881     -54.035443       1.969616     1360
       1.103666     -52.688442       1.732051     1361
       2.184565     -52.122151       1.285575     1362
       2.164971     -51.654650       0.000000     1363
       1.085249     -51.809250      -0.684040     1364
       1.103666     -52.688442      -1.732051     1365
       2.234179     -53.305904      -1.969616     1366
       2.290598     -54.652019      -1.732051     1367
       1.156694     -55.219976      -1.285575     1368
       3.497432     -55.590089       0.000000     1369
       4.650763     -55.384461       0.684040     1370
       4.577178     -54.508159       1.732051     1371
       3.393658     -53.940646       1.969616     1372
       3.309060     -52.596009       1.732051     1373
       4.365298     -51.984951       1.285575     1374
       4.326145     -51.518681       0.000000     1375
       3.253843     -51.718359      -0.684040     1376
       3.309060     -52.596009      -1.732051     1377
       4.464439     -53.165588      -1.969616     1378
       4.577178     -54.508159      -1.732051     1379
       3.468052     -55.123101      -1.285575     1380
       5.822235     -55.394870       0.000000     1381
       6.965944     -55.141125       0.684040     1382
       6.855728     -54.268674       1.732051     1383
       5.649481     -53.751220       1.969616     1384
       5.508650     -52.411304       1.732051     1385
       6.538373     -51.756552       1.285575     1386
       6.479728     -51.292330       0.000000     1387
       5.416729     -51.536736      -0.684040     1388
       5.508650     -52.411304      -1.732051     1389
       6.686867     -52.932002      -1.969616     1390
       6.855728     -54.268674      -1.732051     1391
       5.773325     -54.929522      -1.285575     1392
       8.136825     -55.102469       0.000000     1393
       9.268904     -54.801054       0.684040     1394
       9.122250     -53.933983       1.732051     1395
       7.895393     -53.467495       1.969616     1396
       7.698576     -52.134652       1.732051     1397
       8.699977     -51.437354       1.285575     1398
       8.621944     -50.975995       0.000000     1399
       7.570112     -51.264700      -0.684040     1400
       7.698576     -52.134652      -1.732051     1401
       8.897564     -52.605554      -1.969616     1402
       9.122250     -53.933983      -1.732051     1403
       8.068471     -54.639577      -1.285575     1404
      10.437139     -54.713400       0.000000     1405
      11.555604     -54.364842       0.684040     1406
      11.372769     -53.504674       1.732051     1407
      10.127453     -53.089970       1.969616     1408
       9.874995     -51.766538       1.732051     1409
      10.846319     -51.027917       1.285575     1410
      10.749034     -50.570231       0.000000     1411
       9.710215     -50.902729      -0.684040     1412
       9.874995     -51.766538      -1.732051     1413
      11.092651     -52.186819      -1.969616     1414
      11.372769     -53.504674      -1.732051     1415
      10.349461     -54.253777      -1.285575     1416
      12.719143     -54.228345       0.000000     1417
      13.822031     -53.833257       0.684040     1418
      13.603337     -52.981499       1.732051     1419
      12.341747     -52.619307       1.969616     1420
      12.034091     -51.307608       1.732051     1421
      12.973632     -50.528960       1.285575     1422
      12.857267     -50.075749       0.000000     1423
      11.833282     -50.451457      -0.684040     1424
      12.034091     -51.307608      -1.732051     1425
      13.268278     -51.676530      -1.969616     1426
      13.603337     -52.981499      -1.732051     1427
      12.612296     -53.772797      -1.285575     1428
      14.978834     -53.648155       0.000000     1429
      16.064210     -53.207229       0.684040     1430
      15.810039     -52.365377       1.732051     1431
      14.534389     -52.056333       1.969616     1432
      14.172075     -50.758667       1.732051     1433
      15.078185     -49.941358       1.285575     1434
      14.942944     -49.493418       0.000000     1435
      13.935590     -49.911676      -0.684040     1436
      14.172075     -50.758667      -1.732051     1437
      15.420628     -51.075583      -1.969616     1438
      15.810039     -52.365377      -1.732051     1439
      14.853003     -53.197481      -1.285575     1440
      17.212247     -52.973848       0.000000     1441
      18.278206     -52.487858       0.684040     1442
      17.989006     -51.657387       1.732051     1443
      16.701533     -51.402033       1.969616     1444
      16.285196     -50.120678       1.732051     1445
      17.156286     -49.266143       1.285575     1446
      17.002406     -48.824258       0.000000     1447
      16.013451     -49.284333      -0.684040     1448
      16.285196     -50.120678      -1.732051     1449
      17.545925     -50.385033      -1.969616     1450
      17.989006     -51.657387      -1.732051     1451
      17.067654     -52.528838      -1.285575     1452
      19.415463     -52.206607       0.000000     1453
      20.460136     -51.676405       0.684040     1454
      20.136413     -50.858774       1.732051     1455
      18.839377     -50.657557       1.969616     1456
      18.369747     -49.394761       1.732051     1457
      19.204289     -48.504497       1.285575     1458
      19.032039     -48.069444       0.000000     1459
      18.063218     -48.570529      -0.684040     1460
      18.369747     -49.394761      -1.732051     1461
      19.640440     -49.606089      -1.969616     1462
      20.136413     -50.858774      -1.732051     1463
      19.252362     -51.768042      -1.285575     1464
      21.584618     -51.347778       0.000000     1465
      22.606173     -50.774295       0.684040     1466
      22.248494     -49.970937       1.732051     1467
      20.944170     -49.824211       1.969616     1468
      20.422071     -48.582188       1.732051     1469
      21.218601     -47.657758       1.285575     1470
      21.028284     -47.230300       0.000000     1471
      20.081296     -47.771515      -0.684040     1472
      20.422071     -48.582188      -1.732051     1473
      21.700500     -48.740120      -1.969616     1474
      22.248494     -49.970937      -1.732051     1475
      21.403295     -50.916428      -1.285575     1476
      23.715907     -50.398867       0.000000     1477
      24.712550     -49.783109       0.684040     1478
      24.321544     -48.995433       1.732051     1479
      23.012220     -48.903456       1.969616     1480
      22.438569     -47.684386       1.732051     1481
      23.195689     -46.727411       1.285575     1482
      22.987639     -46.308298       0.000000     1483
      22.064145     -46.888694      -0.684040     1484
      22.438569     -47.684386      -1.732051     1485
      23.722489     -47.788644      -1.969616     1486
      24.321544     -48.995433      -1.732051     1487
      23.516680     -49.975488      -1.285575     1488
      25.805589     -49.361539       0.000000     1489
      26.775573     -48.704587       0.684040     1490
      26.351926     -47.933975       1.732051     1491
      25.039898     -47.896907       1.969616     1492
      24.415701     -46.702929       1.732051     1493
      25.132083     -45.715089       1.285575     1494
      24.906665     -45.305055       0.000000     1495
      24.008285     -45.923614      -0.684040     1496
      24.415701     -46.702929      -1.732051     1497
      25.702861     -46.753331      -1.969616     1498
      26.351926     -47.933975      -1.732051     1499
      25.588808     -48.946875      -1.285575     1500
      27.850000     -48.237615       0.000000     1501
      28.791623     -47.540620       0.684040     1502
      28.336077     -46.788425       1.732051     1503
      27.023648     -46.806332       1.969616     1504
      26.350000     -45.639539       1.732051     1505
      27.024387     -44.622567       1.285575     1506
      26.781996     -44.222332       0.000000     1507
      25.910307     -44.877969      -0.684040     1508
      26.350000     -45.639539      -1.732051     1509
      27.638142     -45.635996      -1.969616     1510
      28.336077     -46.788425      -1.732051     1511
      27.616044     -47.832392      -1.285575     1512
      29.845552     -47.029065       0.000000     1513
      30.757162     -46.293251       0.684040     1514
      30.270518     -45.560792       1.732051     1515
      28.959990     -45.633642       1.969616     1516
      28.238072     -44.496082       1.732051     1517
      28.869281     -43.451761       1.285575     1518
      28.610343     -43.062028       0.000000     1519
      27.766874     -43.753592      -0.684040     1520
      28.238072     -44.496082      -1.732051     1521
      29.524935     -44.438600      -1.969616     1522
      30.270518     -45.560792      -1.732051     1523
      29.594833     -46.633995      -1.285575     1524
      31.788746     -45.738011       0.000000     1525
      32.668743     -44.964667       0.684040     1526
      32.151853     -44.253230       1.732051     1527
      30.845525     -44.380895       1.969616     1528
      30.076605     -43.274563       1.732051     1529
      30.663529     -42.204727       1.285575     1530
      30.388498     -41.826179       0.000000     1531
      29.574728     -42.552457      -0.684040     1532
      30.076605     -43.274563      -1.732051     1533
      31.359932     -43.163244      -1.969616     1534
      32.151853     -44.253230      -1.732051     1535
      31.521702     -45.353786      -1.285575     1536
      33.676171     -44.366716       0.000000     1537
      34.523012     -43.557201       0.684040     1538
      33.976784     -42.868032       1.732051     1539
      32.676948     -43.050289       1.969616     1540
      31.862373     -41.977127       1.732051     1541
      32.403982     -40.883651       1.285575     1542
      32.113340     -40.516952       0.000000     1543
      31.330698     -41.276670      -0.684040     1544
      31.862373     -41.977127      -1.732051     1545
      33.139913     -41.812165      -1.969616     1546
      33.976784     -42.868032      -1.732051     1547
      33.393272     -43.994011      -1.285575     1548
      35.504516     -42.917588       0.000000     1549
      36.316715     -42.073320       0.684040     1550
      35.742107     -41.407630       1.732051     1551
      34.451043     -41.644158       1.969616     1552
      33.592244     -40.606048       1.732051     1553
      34.087588     -39.490851       1.285575     1554
      33.781845     -39.136644       0.000000     1555
      33.031703     -39.928470      -0.684040     1556
      33.592244     -40.606048      -1.732051     1557
      34.861756     -40.387733      -1.969616     1558
      35.742107     -41.407630      -1.732051     1559
      35.206258     -42.557056      -1.285575     1560
      37.270575     -41.393167       0.000000     1561
      38.046707     -40.515628       0.684040     1562
      37.444727     -39.874584       1.732051     1563
      36.164700     -40.164969       1.969616     1564
      35.263183     -39.163732       1.732051     1565
      35.711393     -38.028771       1.285575     1566
      35.391085     -37.687678       0.000000     1567
      34.674759     -38.510222      -0.684040     1568
      35.263183     -39.163732      -1.732051     1569
      36.522439     -38.892447      -1.969616     1570
      37.444727     -39.874584      -1.732051     1571
      36.957481     -41.045441      -1.285575     1572
      38.971248     -39.796128       0.000000     1573
      39.709952     -38.886858       0.684040     1574
      39.081656     -38.271585       1.732051     1575
      37.814912     -38.615317       1.969616     1576
      36.872258     -37.652710       1.732051     1577
      37.272547     -36.499975       1.285575     1578
      36.938238     -36.172595       0.000000     1579
      36.256984     -37.024413      -0.684040     1580
      36.872258     -37.652710      -1.732051     1581
      38.119049     -37.328931      -1.969616     1582
      39.081656     -38.271585      -1.732051     1583
      38.643868     -39.461819      -1.285575     1584
      40.603553     -38.129274       0.000000     1585
      41.303533     -37.189868       0.684040     1586
      40.650022     -36.601444       1.732051     1587
      39.398783     -36.997920       1.969616     1588
      38.416647     -36.075632       1.732051     1589
      38.768313     -34.907146       1.285575     1590
      38.420587     -34.594052       0.000000     1591
      37.775602     -35.473652      -0.684040     1592
      38.416647     -36.075632      -1.732051     1593
      39.648786     -35.699927      -1.969616     1594
      40.650022     -36.601444      -1.732051     1595
      40.262460     -37.808967      -1.285575     1596
      42.164625     -36.395528       0.000000     1597
      42.824652     -35.427633       0.684040     1598
      42.147074     -34.867092       1.732051     1599
      40.913536     -35.315617       1.969616     1600
      39.893639     -34.435266       1.732051     1601
      40.196066     -33.253078       1.285575     1602
      39.835535     -32.954820       0.000000     1603
      39.227949     -33.860657      -0.684040     1604
      39.893639     -34.435266      -1.732051     1605
      41.108965     -34.008293      -1.969616     1606
      42.147074     -34.867092      -1.732051     1607
      41.810418     -36.089785      -1.285575     1608
      43.651726     -34.597931       0.000000     1609
      44.270643     -33.603247       0.684040     1610
      43.570187     -33.071572       1.732051     1611
      42.356513     -33.571358       1.969616     1612
      41.300645     -32.734488       1.732051     1613
      41.553302     -31.540673       1.285575     1614
      41.180597     -31.257774       0.000000     1615
      40.611477     -32.188260      -0.684040     1616
      41.300645     -32.734488      -1.732051     1617
      42.497025     -32.256997      -1.969616     1618
      43.570187     -33.071572      -1.732051     1619
      43.285027     -34.307289      -1.285575     1620
      45.062247     -32.739639       0.000000     1621
      45.638968     -31.719909       0.684040     1622
      44.916862     -31.218032       1.732051     1623
      43.725181     -31.768204       1.969616     1624
      42.635196     -30.976283       1.732051     1625
      42.837639     -29.772935       1.285575     1626
      42.453414     -29.505891       0.000000     1627
      41.923758     -30.459393      -0.684040     1628
      42.635196     -30.976283      -1.732051     1629
      43.810530     -30.449112      -1.969616     1630
      44.916862     -31.218032      -1.732051     1631
      44.683699     -32.464607      -1.285575     1632
      46.393713     -30.823909       0.000000     1633
      46.927227     -29.780924       0.684040     1634
      46.184738     -29.309726       1.732051     1635
      45.017141     -29.909317       1.969616     1636
      43.894949     -29.163735       1.732051     1637
      44.046824     -27.952965       1.285575     1638
      43.651754     -27.702245       0.000000     1639
      43.162491     -28.677090      -0.684040     1640
      43.894949     -29.163735      -1.732051     1641
      45.047178     -28.587808      -1.969616     1642
      46.184738     -29.309726      -1.732051     1643
      46.003980     -30.564971      -1.285575     1644
      47.643789     -28.854104       0.000000     1645
      48.133160     -27.789693       0.684040     1646
      47.371590     -27.350000       1.732051     1647
      46.230126     -27.997959       1.969616     1648
      45.077697     -27.300023       1.732051     1649
      45.178736     -26.083956       1.285575     1650
      44.773513     -25.850000       0.000000     1651
      44.325502     -26.844478      -0.684040     1652
      45.077697     -27.300023      -1.732051     1653
      46.204797     -26.676352      -1.969616     1654
      47.371590     -27.350000      -1.732051     1655
      47.243555     -28.611714      -1.285575     1656
      48.810282     -26.833680       0.000000     1657
      49.254650     -25.749709       0.684040     1658
      48.475336     -25.342293       1.732051     1659
      47.362007     -26.037484       1.969616     1660
      46.181362     -25.388419       1.732051     1661
      46.231390     -24.169186       1.285575     1662
      45.816725     -23.952405       0.000000     1663
      45.410751     -24.964772      -0.684040     1664
      46.181362     -25.388419      -1.732051     1665
      47.281357     -24.718096      -1.969616     1666
      48.475336     -25.342293      -1.732051     1667
      48.400248     -26.608262      -1.285575     1668
      49.891145     -24.766179       0.000000     1669
      50.289731     -23.664551       0.684040     1670
      49.494040     -23.290127       1.732051     1671
      48.410799     -24.031329       1.969616     1672
      47.204010     -23.432274       1.732051     1673
      47.202937     -22.212016       1.285575     1674
      46.779559     -22.012789       0.000000     1675
      46.416334     -23.041268      -0.684040     1676
      47.204010     -23.432274      -1.732051     1677
      48.274970     -22.716476      -1.969616     1678
      49.494040     -23.290127      -1.732051     1679
      49.472032     -24.558130      -1.285575     1680
      50.884482     -22.655231       0.000000     1681
      51.236587     -21.537878       0.684040     1682
      50.425914     -21.197103       1.732051     1683
      49.374662     -21.983016       1.969616     1684
      48.143846     -21.435021       1.732051     1685
      48.091675     -20.215879       1.285575     1686
      47.660325     -20.034556       0.000000     1687
      47.340487     -21.077343      -0.684040     1688
      48.143846     -21.435021      -1.732051     1689
      49.183892     -20.675004      -1.969616     1690
      50.425914     -21.197103      -1.732051     1691
      50.457024     -22.464914      -1.285575     1692
      51.788550     -20.504538       0.000000     1693
      52.093557     -19.373420       0.684040     1694
      51.269325     -19.066891       1.732051     1695
      50.251905     -19.896137       1.969616     1696
      48.999221     -19.400164       1.732051     1697
      48.896044     -18.184276       1.285575     1698
      48.457479     -18.021175       0.000000     1699
      48.181589     -19.076441      -0.684040     1700
      48.999221     -19.400164      -1.732051     1701
      50.006528     -18.597261      -1.969616     1702
      51.269325     -19.066891      -1.732051     1703
      51.353498     -20.332288      -1.285575     1704
      52.601764     -18.317872       0.000000     1705
      52.859137     -17.174975       0.684040     1706
      52.022791     -16.903230       1.732051     1707
      51.040990     -17.774353       1.969616     1708
      49.768635     -17.331272       1.732051     1709
      49.614632     -16.120771       1.285575     1710
      49.169622     -15.976179       0.000000     1711
      48.938164     -17.042072      -0.684040     1712
      49.768635     -17.331272      -1.732051     1713
      50.741436     -16.486892      -1.969616     1714
      52.022791     -16.903230      -1.732051     1715
      52.159880     -18.163992      -1.285575     1716
      53.322696     -16.099071       0.000000     1717
      53.531983     -14.946398       0.684040     1718
      52.684992     -14.709914       1.732051     1719
      51.740531     -15.621387       1.969616     1720
      50.450738     -15.231976       1.732051     1721
      50.246179     -14.028985       1.285575     1722
      49.795505     -13.903155       0.000000     1723
      49.608885     -14.977805      -0.684040     1724
      50.450738     -15.231976      -1.732051     1725
      51.387327     -14.347599      -1.969616     1726
      52.684992     -14.709914      -1.732051     1727
      52.874756     -15.963830      -1.285575     1728
      53.950082     -13.852027       0.000000     1729
      54.110917     -12.691601       0.684040     1730
      53.254766     -12.490793       1.732051     1731
      52.349301     -13.441016       1.969616     1732
      51.044333     -13.105957       1.732051     1733
      50.789578     -11.912588       1.285575     1734
      50.334029     -11.805740       0.000000     1735
      50.192575     -12.887263      -0.684040     1736
      51.044333     -13.105957      -1.732051     1737
      51.943067     -12.183136      -1.969616     1738
      53.254766     -12.490793      -1.732051     1739
      53.496871     -13.735662      -1.285575     1740
      54.482821     -11.580681       0.000000     1741
      54.594922     -10.414538       0.684040     1742
      53.731113     -10.249758       1.732051     1743
      52.866233     -11.237065       1.969616     1744
      51.548379     -10.956946       1.732051     1745
      51.243874      -9.775292       1.285575     1746
      50.784251      -9.687614       0.000000     1747
      50.688210     -10.774112      -0.684040     1748
      51.548379     -10.956946      -1.732051     1749
      52.407681      -9.997300      -1.969616     1750
      53.731113     -10.249758      -1.732051     1751
      54.025135     -11.483397      -1.285575     1752
      54.919979      -9.289019       0.000000     1753
      54.983148      -8.119205       0.684040     1754
      54.113197      -7.990742       1.732051     1755
      53.290420      -9.013400       1.969616     1756
      51.961991      -8.788713       1.732051     1757
      51.608271      -7.620846       1.285575     1758
      51.145380      -7.552493       0.000000     1759
      51.094921      -8.642059      -0.684040     1760
      51.961991      -8.788713      -1.732051     1761
      52.780354      -7.793925      -1.969616     1762
      54.113197      -7.990742      -1.732051     1763
      54.458621      -9.210986      -1.285575     1764
      55.260789      -6.981061       0.000000     1765
      55.274916      -5.809628       0.684040     1766
      54.400348      -5.717707       1.732051     1767
      53.621117      -6.773922       1.969616     1768
      52.284445      -6.605061       1.732051     1769
      51.882130      -5.453032       1.285575     1770
      51.416782      -5.404122       0.000000     1771
      51.411994      -6.494845      -0.684040     1772
      52.284445      -6.605061      -1.732051     1773
      53.060432      -5.576876      -1.969616     1774
      54.400348      -5.717707      -1.732051     1775
      54.796567      -6.922416      -1.285575     1776
      55.504652      -4.660856       0.000000     1777
      55.469712      -3.489858       0.684040     1778
      54.592062      -3.434641       1.732051     1779
      53.857745      -4.522561       1.969616     1780
      52.515174      -4.409822       1.732051     1781
      52.064970      -3.275650       1.285575     1782
      51.597982      -3.246270       0.000000     1783
      51.638873      -4.336237      -0.684040     1784
      52.515174      -4.409822      -1.732051     1785
      53.247424      -3.350044      -1.969616     1786
      54.592062      -3.434641      -1.732051     1787
      55.038382      -4.621702      -1.285575     1788
      55.651142      -2.332474       0.000000     1789
      55.567196      -1.163967       0.684040     1790
      54.688003      -1.145550       1.732051     1791
      53.999888      -2.263266       1.969616     1792
      52.653773      -2.206847       1.732051     1793
      52.156470      -1.092522       1.285575     1794
      51.688661      -1.082723       0.000000     1795
      51.775159      -2.170022      -0.684040     1796
      52.653773      -2.206847      -1.732051     1797
      53.341003      -1.117335      -1.969616     1798
      54.688003      -1.145550      -1.732051     1799
      55.183641      -2.312880      -1.285575     1800
