0.000 0.00000e+00
0.001 -1.81302e-07
0.002 -3.62585e-07
0.003 -5.43830e-07
0.004 -7.25019e-07
0.005 -9.06133e-07
0.006 -1.08715e-06
0.007 -1.26806e-06
0.008 -1.44884e-06
0.009 -1.62947e-06
0.010 -1.80993e-06
0.011 -1.99020e-06
0.012 -2.17027e-06
0.013 -2.35012e-06
0.014 -2.52972e-06
0.015 -2.70907e-06
0.016 -2.88814e-06
0.017 -3.06691e-06
0.018 -3.24538e-06
0.019 -3.42351e-06
0.020 -3.60130e-06
0.021 -3.77872e-06
0.022 -3.95577e-06
0.023 -4.13241e-06
0.024 -4.30864e-06
0.025 -4.48444e-06
0.026 -4.65980e-06
0.027 -4.83469e-06
0.028 -5.00910e-06
0.029 -5.18302e-06
0.030 -5.35643e-06
0.031 -5.52931e-06
0.032 -5.70165e-06
0.033 -5.87344e-06
0.034 -6.04466e-06
0.035 -6.21530e-06
0.036 -6.38534e-06
0.037 -6.55477e-06
0.038 -6.72357e-06
0.039 -6.89174e-06
0.040 -7.05926e-06
0.041 -7.22611e-06
0.042 -7.39229e-06
0.043 -7.55778e-06
0.044 -7.72258e-06
0.045 -7.88666e-06
0.046 -8.05002e-06
0.047 -8.21265e-06
0.048 -8.37453e-06
0.049 -8.53566e-06
0.050 -8.69602e-06
0.051 -8.85562e-06
0.052 -9.01442e-06
0.053 -9.17244e-06
0.054 -9.32966e-06
0.055 -9.48606e-06
0.056 -9.64165e-06
0.057 -9.79641e-06
0.058 -9.95033e-06
0.059 -1.01034e-05
0.060 -1.02557e-05
0.061 -1.04070e-05
0.062 -1.05576e-05
0.063 -1.07072e-05
0.064 -1.08560e-05
0.065 -1.10039e-05
0.066 -1.11509e-05
0.067 -1.12970e-05
0.068 -1.14422e-05
0.069 -1.15866e-05
0.070 -1.17300e-05
0.071 -1.18725e-05
0.072 -1.20141e-05
0.073 -1.21548e-05
0.074 -1.22946e-05
0.075 -1.24334e-05
0.076 -1.25713e-05
0.077 -1.27083e-05
0.078 -1.28444e-05
0.079 -1.29796e-05
0.080 -1.31138e-05
0.081 -1.32470e-05
0.082 -1.33794e-05
0.083 -1.35108e-05
0.084 -1.36413e-05
0.085 -1.37708e-05
0.086 -1.38994e-05
0.087 -1.40270e-05
0.088 -1.41538e-05
0.089 -1.42796e-05
0.090 -1.44044e-05
0.091 -1.45283e-05
0.092 -1.46513e-05
0.093 -1.47733e-05
0.094 -1.48944e-05
0.095 -1.50146e-05
0.096 -1.51339e-05
0.097 -1.52522e-05
0.098 -1.53696e-05
0.099 -1.54861e-05
0.100 -1.56016e-05
