0.000 0.00000e+00
0.001 -3.85833e-08
0.002 -7.71765e-08
0.003 -1.15789e-07
0.004 -1.54432e-07
0.005 -1.93114e-07
0.006 -2.31845e-07
0.007 -2.70635e-07
0.008 -3.09494e-07
0.009 -3.48432e-07
0.010 -3.87459e-07
0.011 -4.26585e-07
0.012 -4.65819e-07
0.013 -5.05172e-07
0.014 -5.44654e-07
0.015 -5.84275e-07
0.016 -6.24044e-07
0.017 -6.63972e-07
0.018 -7.04069e-07
0.019 -7.44344e-07
0.020 -7.84810e-07
0.021 -8.25474e-07
0.022 -8.66348e-07
0.023 -9.07442e-07
0.024 -9.48767e-07
0.025 -9.90331e-07
0.026 -1.03215e-06
0.027 -1.07422e-06
0.028 -1.11657e-06
0.029 -1.15921e-06
0.030 -1.20213e-06
0.031 -1.24536e-06
0.032 -1.28890e-06
0.033 -1.33277e-06
0.034 -1.37698e-06
0.035 -1.42153e-06
0.036 -1.46644e-06
0.037 -1.51172e-06
0.038 -1.55737e-06
0.039 -1.60342e-06
0.040 -1.64988e-06
0.041 -1.69674e-06
0.042 -1.74403e-06
0.043 -1.79176e-06
0.044 -1.83993e-06
0.045 -1.88857e-06
0.046 -1.93768e-06
0.047 -1.98726e-06
0.048 -2.03735e-06
0.049 -2.08794e-06
0.050 -2.13905e-06
0.051 -2.19069e-06
0.052 -2.24287e-06
0.053 -2.29561e-06
0.054 -2.34891e-06
0.055 -2.40280e-06
0.056 -2.45728e-06
0.057 -2.51236e-06
0.058 -2.56806e-06
0.059 -2.62439e-06
0.060 -2.68136e-06
0.061 -2.73899e-06
0.062 -2.79729e-06
0.063 -2.85628e-06
0.064 -2.91596e-06
0.065 -2.97635e-06
0.066 -3.03746e-06
0.067 -3.09930e-06
0.068 -3.16190e-06
0.069 -3.22527e-06
0.070 -3.28941e-06
0.071 -3.35434e-06
0.072 -3.42008e-06
0.073 -3.48663e-06
0.074 -3.55403e-06
0.075 -3.62227e-06
0.076 -3.69137e-06
0.077 -3.76136e-06
0.078 -3.83223e-06
0.079 -3.90402e-06
0.080 -3.97673e-06
0.081 -4.05037e-06
0.082 -4.12497e-06
0.083 -4.20054e-06
0.084 -4.27709e-06
0.085 -4.35464e-06
0.086 -4.43320e-06
0.087 -4.51280e-06
0.088 -4.59344e-06
0.089 -4.67515e-06
0.090 -4.75793e-06
0.091 -4.84181e-06
0.092 -4.92680e-06
0.093 -5.01291e-06
0.094 -5.10017e-06
0.095 -5.18859e-06
0.096 -5.27819e-06
0.097 -5.36898e-06
0.098 -5.46098e-06
0.099 -5.55420e-06
0.100 -5.64868e-06
