0.000 0.00000e+00
0.001 -4.07691e-33
0.002 -8.15411e-33
0.003 -1.22319e-32
0.004 -1.63106e-32
0.005 -2.03904e-32
0.006 -2.44717e-32
0.007 -2.85547e-32
0.008 -3.26398e-32
0.009 -3.67273e-32
0.010 -4.08174e-32
0.011 -4.49104e-32
0.012 -4.90066e-32
0.013 -5.31064e-32
0.014 -5.72099e-32
0.015 -6.13176e-32
0.016 -6.54297e-32
0.017 -6.95464e-32
0.018 -7.36682e-32
0.019 -7.77953e-32
0.020 -8.19280e-32
0.021 -8.60665e-32
0.022 -9.02113e-32
0.023 -9.43625e-32
0.024 -9.85205e-32
0.025 -1.02686e-31
0.026 -1.06858e-31
0.027 -1.11038e-31
0.028 -1.15227e-31
0.029 -1.19423e-31
0.030 -1.23628e-31
0.031 -1.27842e-31
0.032 -1.32065e-31
0.033 -1.36298e-31
0.034 -1.40541e-31
0.035 -1.44793e-31
0.036 -1.49057e-31
0.037 -1.53331e-31
0.038 -1.57616e-31
0.039 -1.61912e-31
0.040 -1.66220e-31
0.041 -1.70540e-31
0.042 -1.74873e-31
0.043 -1.79218e-31
0.044 -1.83576e-31
0.045 -1.87947e-31
0.046 -1.92332e-31
0.047 -1.96731e-31
0.048 -2.01145e-31
0.049 -2.05573e-31
0.050 -2.10015e-31
0.051 -2.14473e-31
0.052 -2.18947e-31
0.053 -2.23437e-31
0.054 -2.27942e-31
0.055 -2.32465e-31
0.056 -2.37004e-31
0.057 -2.41561e-31
0.058 -2.46135e-31
0.059 -2.50727e-31
0.060 -2.55337e-31
0.061 -2.59966e-31
0.062 -2.64615e-31
0.063 -2.69282e-31
0.064 -2.73969e-31
0.065 -2.78676e-31
0.066 -2.83404e-31
0.067 -2.88152e-31
0.068 -2.92921e-31
0.069 -2.97712e-31
0.070 -3.02525e-31
0.071 -3.07359e-31
0.072 -3.12217e-31
0.073 -3.17097e-31
0.074 -3.22001e-31
0.075 -3.26928e-31
0.076 -3.31880e-31
0.077 -3.36855e-31
0.078 -3.41856e-31
0.079 -3.46882e-31
0.080 -3.51933e-31
0.081 -3.57010e-31
0.082 -3.62114e-31
0.083 -3.67245e-31
0.084 -3.72402e-31
0.085 -3.77587e-31
0.086 -3.82800e-31
0.087 -3.88042e-31
0.088 -3.93312e-31
0.089 -3.98611e-31
0.090 -4.03940e-31
0.091 -4.09298e-31
0.092 -4.14688e-31
0.093 -4.20107e-31
0.094 -4.25559e-31
0.095 -4.31041e-31
0.096 -4.36556e-31
0.097 -4.42103e-31
0.098 -4.47683e-31
0.099 -4.53297e-31
0.100 -4.58944e-31
