0.000 0.00000e+00
0.001 -1.61630e-08
0.002 -3.23297e-08
0.003 -4.85037e-08
0.004 -6.46886e-08
0.005 -8.08882e-08
0.006 -9.71060e-08
0.007 -1.13346e-07
0.008 -1.29611e-07
0.009 -1.45905e-07
0.010 -1.62233e-07
0.011 -1.78597e-07
0.012 -1.95001e-07
0.013 -2.11449e-07
0.014 -2.27945e-07
0.015 -2.44492e-07
0.016 -2.61094e-07
0.017 -2.77754e-07
0.018 -2.94477e-07
0.019 -3.11266e-07
0.020 -3.28125e-07
0.021 -3.45057e-07
0.022 -3.62067e-07
0.023 -3.79157e-07
0.024 -3.96333e-07
0.025 -4.13596e-07
0.026 -4.30952e-07
0.027 -4.48404e-07
0.028 -4.65956e-07
0.029 -4.83611e-07
0.030 -5.01374e-07
0.031 -5.19248e-07
0.032 -5.37237e-07
0.033 -5.55345e-07
0.034 -5.73575e-07
0.035 -5.91932e-07
0.036 -6.10420e-07
0.037 -6.29042e-07
0.038 -6.47802e-07
0.039 -6.66704e-07
0.040 -6.85752e-07
0.041 -7.04951e-07
0.042 -7.24303e-07
0.043 -7.43813e-07
0.044 -7.63485e-07
0.045 -7.83323e-07
0.046 -8.03331e-07
0.047 -8.23513e-07
0.048 -8.43873e-07
0.049 -8.64415e-07
0.050 -8.85143e-07
0.051 -9.06061e-07
0.052 -9.27173e-07
0.053 -9.48484e-07
0.054 -9.69998e-07
0.055 -9.91718e-07
0.056 -1.01365e-06
0.057 -1.03580e-06
0.058 -1.05816e-06
0.059 -1.08075e-06
0.060 -1.10357e-06
0.061 -1.12662e-06
0.062 -1.14990e-06
0.063 -1.17343e-06
0.064 -1.19720e-06
0.065 -1.22122e-06
0.066 -1.24549e-06
0.067 -1.27003e-06
0.068 -1.29482e-06
0.069 -1.31988e-06
0.070 -1.34522e-06
0.071 -1.37083e-06
0.072 -1.39672e-06
0.073 -1.42289e-06
0.074 -1.44936e-06
0.075 -1.47612e-06
0.076 -1.50317e-06
0.077 -1.53053e-06
0.078 -1.55820e-06
0.079 -1.58618e-06
0.080 -1.61448e-06
0.081 -1.64310e-06
0.082 -1.67205e-06
0.083 -1.70132e-06
0.084 -1.73094e-06
0.085 -1.76089e-06
0.086 -1.79120e-06
0.087 -1.82185e-06
0.088 -1.85286e-06
0.089 -1.88422e-06
0.090 -1.91596e-06
0.091 -1.94806e-06
0.092 -1.98054e-06
0.093 -2.01340e-06
0.094 -2.04665e-06
0.095 -2.08028e-06
0.096 -2.11432e-06
0.097 -2.14875e-06
0.098 -2.18359e-06
0.099 -2.21884e-06
0.100 -2.25450e-06
