0.000 0.00000e+00
0.001 -9.20595e-10
0.002 -1.84136e-09
0.003 -2.76246e-09
0.004 -3.68407e-09
0.005 -4.60635e-09
0.006 -5.52947e-09
0.007 -6.45361e-09
0.008 -7.37893e-09
0.009 -8.30560e-09
0.010 -9.23379e-09
0.011 -1.01637e-08
0.012 -1.10954e-08
0.013 -1.20291e-08
0.014 -1.29651e-08
0.015 -1.39034e-08
0.016 -1.48442e-08
0.017 -1.57877e-08
0.018 -1.67341e-08
0.019 -1.76835e-08
0.020 -1.86361e-08
0.021 -1.95921e-08
0.022 -2.05516e-08
0.023 -2.15148e-08
0.024 -2.24818e-08
0.025 -2.34529e-08
0.026 -2.44282e-08
0.027 -2.54078e-08
0.028 -2.63920e-08
0.029 -2.73808e-08
0.030 -2.83745e-08
0.031 -2.93732e-08
0.032 -3.03771e-08
0.033 -3.13864e-08
0.034 -3.24011e-08
0.035 -3.34215e-08
0.036 -3.44478e-08
0.037 -3.54800e-08
0.038 -3.65184e-08
0.039 -3.75631e-08
0.040 -3.86143e-08
0.041 -3.96721e-08
0.042 -4.07367e-08
0.043 -4.18082e-08
0.044 -4.28869e-08
0.045 -4.39728e-08
0.046 -4.50662e-08
0.047 -4.61671e-08
0.048 -4.72758e-08
0.049 -4.83923e-08
0.050 -4.95169e-08
0.051 -5.06497e-08
0.052 -5.17908e-08
0.053 -5.29404e-08
0.054 -5.40986e-08
0.055 -5.52656e-08
0.056 -5.64416e-08
0.057 -5.76267e-08
0.058 -5.88210e-08
0.059 -6.00246e-08
0.060 -6.12378e-08
0.061 -6.24607e-08
0.062 -6.36933e-08
0.063 -6.49359e-08
0.064 -6.61886e-08
0.065 -6.74515e-08
0.066 -6.87247e-08
0.067 -7.00085e-08
0.068 -7.13028e-08
0.069 -7.26079e-08
0.070 -7.39239e-08
0.071 -7.52510e-08
0.072 -7.65891e-08
0.073 -7.79386e-08
0.074 -7.92994e-08
0.075 -8.06717e-08
0.076 -8.20557e-08
0.077 -8.34515e-08
0.078 -8.48591e-08
0.079 -8.62787e-08
0.080 -8.77104e-08
0.081 -8.91543e-08
0.082 -9.06106e-08
0.083 -9.20793e-08
0.084 -9.35606e-08
0.085 -9.50545e-08
0.086 -9.65612e-08
0.087 -9.80807e-08
0.088 -9.96132e-08
0.089 -1.01159e-07
0.090 -1.02718e-07
0.091 -1.04289e-07
0.092 -1.05875e-07
0.093 -1.07473e-07
0.094 -1.09086e-07
0.095 -1.10712e-07
0.096 -1.12351e-07
0.097 -1.14004e-07
0.098 -1.15672e-07
0.099 -1.17353e-07
0.100 -1.19048e-07
