0.000 0.00000e+00
0.001 -1.05181e-53
0.002 -2.10383e-53
0.003 -3.15628e-53
0.004 -4.20935e-53
0.005 -5.26326e-53
0.006 -6.31821e-53
0.007 -7.37443e-53
0.008 -8.43212e-53
0.009 -9.49149e-53
0.010 -1.05527e-52
0.011 -1.16161e-52
0.012 -1.26818e-52
0.013 -1.37500e-52
0.014 -1.48209e-52
0.015 -1.58948e-52
0.016 -1.69719e-52
0.017 -1.80524e-52
0.018 -1.91364e-52
0.019 -2.02243e-52
0.020 -2.13162e-52
0.021 -2.24123e-52
0.022 -2.35130e-52
0.023 -2.46183e-52
0.024 -2.57285e-52
0.025 -2.68439e-52
0.026 -2.79646e-52
0.027 -2.90909e-52
0.028 -3.02230e-52
0.029 -3.13611e-52
0.030 -3.25055e-52
0.031 -3.36563e-52
0.032 -3.48139e-52
0.033 -3.59785e-52
0.034 -3.71502e-52
0.035 -3.83293e-52
0.036 -3.95161e-52
0.037 -4.07108e-52
0.038 -4.19136e-52
0.039 -4.31248e-52
0.040 -4.43446e-52
0.041 -4.55733e-52
0.042 -4.68111e-52
0.043 -4.80582e-52
0.044 -4.93149e-52
0.045 -5.05815e-52
0.046 -5.18582e-52
0.047 -5.31453e-52
0.048 -5.44430e-52
0.049 -5.57516e-52
0.050 -5.70713e-52
0.051 -5.84024e-52
0.052 -5.97453e-52
0.053 -6.11000e-52
0.054 -6.24670e-52
0.055 -6.38465e-52
0.056 -6.52388e-52
0.057 -6.66441e-52
0.058 -6.80628e-52
0.059 -6.94951e-52
0.060 -7.09413e-52
0.061 -7.24017e-52
0.062 -7.38766e-52
0.063 -7.53663e-52
0.064 -7.68711e-52
0.065 -7.83913e-52
0.066 -7.99272e-52
0.067 -8.14791e-52
0.068 -8.30473e-52
0.069 -8.46321e-52
0.070 -8.62339e-52
0.071 -8.78530e-52
0.072 -8.94897e-52
0.073 -9.11443e-52
0.074 -9.28171e-52
0.075 -9.45086e-52
0.076 -9.62190e-52
0.077 -9.79486e-52
0.078 -9.96979e-52
0.079 -1.01467e-51
0.080 -1.03257e-51
0.081 -1.05067e-51
0.082 -1.06898e-51
0.083 -1.08751e-51
0.084 -1.10626e-51
0.085 -1.12522e-51
0.086 -1.14442e-51
0.087 -1.16384e-51
0.088 -1.18349e-51
0.089 -1.20338e-51
0.090 -1.22352e-51
0.091 -1.24389e-51
0.092 -1.26452e-51
0.093 -1.28540e-51
0.094 -1.30654e-51
0.095 -1.32794e-51
0.096 -1.34960e-51
0.097 -1.37153e-51
0.098 -1.39374e-51
0.099 -1.41623e-51
0.100 -1.43900e-51
