0.000 0.00000e+00
0.001 -1.08467e-09
0.002 -2.16938e-09
0.003 -3.25420e-09
0.004 -4.33917e-09
0.005 -5.42435e-09
0.006 -6.50977e-09
0.007 -7.59550e-09
0.008 -8.68158e-09
0.009 -9.76807e-09
0.010 -1.08550e-08
0.011 -1.19424e-08
0.012 -1.30304e-08
0.013 -1.41190e-08
0.014 -1.52082e-08
0.015 -1.62981e-08
0.016 -1.73888e-08
0.017 -1.84802e-08
0.018 -1.95725e-08
0.019 -2.06657e-08
0.020 -2.17597e-08
0.021 -2.28547e-08
0.022 -2.39508e-08
0.023 -2.50479e-08
0.024 -2.61460e-08
0.025 -2.72453e-08
0.026 -2.83458e-08
0.027 -2.94475e-08
0.028 -3.05504e-08
0.029 -3.16546e-08
0.030 -3.27601e-08
0.031 -3.38670e-08
0.032 -3.49753e-08
0.033 -3.60850e-08
0.034 -3.71961e-08
0.035 -3.83088e-08
0.036 -3.94229e-08
0.037 -4.05387e-08
0.038 -4.16559e-08
0.039 -4.27748e-08
0.040 -4.38953e-08
0.041 -4.50175e-08
0.042 -4.61413e-08
0.043 -4.72669e-08
0.044 -4.83942e-08
0.045 -4.95232e-08
0.046 -5.06540e-08
0.047 -5.17866e-08
0.048 -5.29209e-08
0.049 -5.40571e-08
0.050 -5.51952e-08
0.051 -5.63350e-08
0.052 -5.74768e-08
0.053 -5.86204e-08
0.054 -5.97660e-08
0.055 -6.09134e-08
0.056 -6.20627e-08
0.057 -6.32140e-08
0.058 -6.43672e-08
0.059 -6.55223e-08
0.060 -6.66794e-08
0.061 -6.78384e-08
0.062 -6.89994e-08
0.063 -7.01623e-08
0.064 -7.13272e-08
0.065 -7.24941e-08
0.066 -7.36629e-08
0.067 -7.48337e-08
0.068 -7.60065e-08
0.069 -7.71812e-08
0.070 -7.83579e-08
0.071 -7.95366e-08
0.072 -8.07173e-08
0.073 -8.18999e-08
0.074 -8.30845e-08
0.075 -8.42710e-08
0.076 -8.54595e-08
0.077 -8.66500e-08
0.078 -8.78424e-08
0.079 -8.90368e-08
0.080 -9.02331e-08
0.081 -9.14313e-08
0.082 -9.26315e-08
0.083 -9.38336e-08
0.084 -9.50376e-08
0.085 -9.62436e-08
0.086 -9.74514e-08
0.087 -9.86612e-08
0.088 -9.98729e-08
0.089 -1.01087e-07
0.090 -1.02302e-07
0.091 -1.03519e-07
0.092 -1.04739e-07
0.093 -1.05960e-07
0.094 -1.07183e-07
0.095 -1.08408e-07
0.096 -1.09635e-07
0.097 -1.10863e-07
0.098 -1.12094e-07
0.099 -1.13326e-07
0.100 -1.14561e-07
