0.000 0.00000e+00
0.001 -9.95739e-31
0.002 -1.99175e-30
0.003 -2.98831e-30
0.004 -3.98569e-30
0.005 -4.98416e-30
0.006 -5.98400e-30
0.007 -6.98548e-30
0.008 -7.98888e-30
0.009 -8.99447e-30
0.010 -1.00025e-29
0.011 -1.10133e-29
0.012 -1.20272e-29
0.013 -1.30443e-29
0.014 -1.40650e-29
0.015 -1.50896e-29
0.016 -1.61183e-29
0.017 -1.71514e-29
0.018 -1.81892e-29
0.019 -1.92320e-29
0.020 -2.02801e-29
0.021 -2.13338e-29
0.022 -2.23933e-29
0.023 -2.34589e-29
0.024 -2.45310e-29
0.025 -2.56098e-29
0.026 -2.66957e-29
0.027 -2.77888e-29
0.028 -2.88896e-29
0.029 -2.99983e-29
0.030 -3.11152e-29
0.031 -3.22406e-29
0.032 -3.33749e-29
0.033 -3.45183e-29
0.034 -3.56712e-29
0.035 -3.68338e-29
0.036 -3.80065e-29
0.037 -3.91897e-29
0.038 -4.03835e-29
0.039 -4.15885e-29
0.040 -4.28048e-29
0.041 -4.40328e-29
0.042 -4.52729e-29
0.043 -4.65254e-29
0.044 -4.77906e-29
0.045 -4.90689e-29
0.046 -5.03606e-29
0.047 -5.16661e-29
0.048 -5.29857e-29
0.049 -5.43198e-29
0.050 -5.56687e-29
0.051 -5.70329e-29
0.052 -5.84126e-29
0.053 -5.98083e-29
0.054 -6.12204e-29
0.055 -6.26492e-29
0.056 -6.40951e-29
0.057 -6.55584e-29
0.058 -6.70397e-29
0.059 -6.85393e-29
0.060 -7.00576e-29
0.061 -7.15950e-29
0.062 -7.31519e-29
0.063 -7.47288e-29
0.064 -7.63260e-29
0.065 -7.79440e-29
0.066 -7.95833e-29
0.067 -8.12443e-29
0.068 -8.29274e-29
0.069 -8.46331e-29
0.070 -8.63618e-29
0.071 -8.81140e-29
0.072 -8.98903e-29
0.073 -9.16909e-29
0.074 -9.35165e-29
0.075 -9.53675e-29
0.076 -9.72445e-29
0.077 -9.91478e-29
0.078 -1.01078e-28
0.079 -1.03036e-28
0.080 -1.05022e-28
0.081 -1.07036e-28
0.082 -1.09079e-28
0.083 -1.11152e-28
0.084 -1.13255e-28
0.085 -1.15389e-28
0.086 -1.17553e-28
0.087 -1.19750e-28
0.088 -1.21979e-28
0.089 -1.24242e-28
0.090 -1.26537e-28
0.091 -1.28868e-28
0.092 -1.31232e-28
0.093 -1.33633e-28
0.094 -1.36069e-28
0.095 -1.38542e-28
0.096 -1.41053e-28
0.097 -1.43602e-28
0.098 -1.46189e-28
0.099 -1.48816e-28
0.100 -1.51482e-28
