0.000 0.00000e+00
0.001 -1.64255e-23
0.002 -3.28533e-23
0.003 -4.92855e-23
0.004 -6.57246e-23
0.005 -8.21727e-23
0.006 -9.86321e-23
0.007 -1.15105e-22
0.008 -1.31594e-22
0.009 -1.48101e-22
0.010 -1.64628e-22
0.011 -1.81178e-22
0.012 -1.97753e-22
0.013 -2.14355e-22
0.014 -2.30987e-22
0.015 -2.47651e-22
0.016 -2.64348e-22
0.017 -2.81082e-22
0.018 -2.97855e-22
0.019 -3.14669e-22
0.020 -3.31526e-22
0.021 -3.48429e-22
0.022 -3.65380e-22
0.023 -3.82382e-22
0.024 -3.99436e-22
0.025 -4.16545e-22
0.026 -4.33712e-22
0.027 -4.50939e-22
0.028 -4.68228e-22
0.029 -4.85581e-22
0.030 -5.03002e-22
0.031 -5.20493e-22
0.032 -5.38055e-22
0.033 -5.55692e-22
0.034 -5.73406e-22
0.035 -5.91199e-22
0.036 -6.09074e-22
0.037 -6.27033e-22
0.038 -6.45080e-22
0.039 -6.63215e-22
0.040 -6.81443e-22
0.041 -6.99766e-22
0.042 -7.18185e-22
0.043 -7.36704e-22
0.044 -7.55326e-22
0.045 -7.74052e-22
0.046 -7.92886e-22
0.047 -8.11831e-22
0.048 -8.30888e-22
0.049 -8.50062e-22
0.050 -8.69353e-22
0.051 -8.88766e-22
0.052 -9.08303e-22
0.053 -9.27966e-22
0.054 -9.47759e-22
0.055 -9.67684e-22
0.056 -9.87744e-22
0.057 -1.00794e-21
0.058 -1.02828e-21
0.059 -1.04877e-21
0.060 -1.06939e-21
0.061 -1.09017e-21
0.062 -1.11111e-21
0.063 -1.13220e-21
0.064 -1.15344e-21
0.065 -1.17485e-21
0.066 -1.19642e-21
0.067 -1.21817e-21
0.068 -1.24008e-21
0.069 -1.26217e-21
0.070 -1.28443e-21
0.071 -1.30688e-21
0.072 -1.32951e-21
0.073 -1.35232e-21
0.074 -1.37533e-21
0.075 -1.39853e-21
0.076 -1.42193e-21
0.077 -1.44553e-21
0.078 -1.46934e-21
0.079 -1.49335e-21
0.080 -1.51757e-21
0.081 -1.54201e-21
0.082 -1.56666e-21
0.083 -1.59154e-21
0.084 -1.61664e-21
0.085 -1.64197e-21
0.086 -1.66754e-21
0.087 -1.69334e-21
0.088 -1.71938e-21
0.089 -1.74567e-21
0.090 -1.77220e-21
0.091 -1.79899e-21
0.092 -1.82603e-21
0.093 -1.85333e-21
0.094 -1.88089e-21
0.095 -1.90873e-21
0.096 -1.93683e-21
0.097 -1.96521e-21
0.098 -1.99387e-21
0.099 -2.02282e-21
0.100 -2.05205e-21
