0.000 0.00000e+00
0.001 -5.89086e-09
0.002 -1.17828e-08
0.003 -1.76767e-08
0.004 -2.35737e-08
0.005 -2.94748e-08
0.006 -3.53811e-08
0.007 -4.12935e-08
0.008 -4.72131e-08
0.009 -5.31409e-08
0.010 -5.90779e-08
0.011 -6.50252e-08
0.012 -7.09838e-08
0.013 -7.69546e-08
0.014 -8.29388e-08
0.015 -8.89374e-08
0.016 -9.49513e-08
0.017 -1.00982e-07
0.018 -1.07029e-07
0.019 -1.13096e-07
0.020 -1.19181e-07
0.021 -1.25287e-07
0.022 -1.31415e-07
0.023 -1.37565e-07
0.024 -1.43739e-07
0.025 -1.49937e-07
0.026 -1.56161e-07
0.027 -1.62412e-07
0.028 -1.68690e-07
0.029 -1.74997e-07
0.030 -1.81333e-07
0.031 -1.87700e-07
0.032 -1.94099e-07
0.033 -2.00531e-07
0.034 -2.06996e-07
0.035 -2.13496e-07
0.036 -2.20032e-07
0.037 -2.26604e-07
0.038 -2.33214e-07
0.039 -2.39863e-07
0.040 -2.46552e-07
0.041 -2.53282e-07
0.042 -2.60053e-07
0.043 -2.66867e-07
0.044 -2.73725e-07
0.045 -2.80627e-07
0.046 -2.87576e-07
0.047 -2.94571e-07
0.048 -3.01614e-07
0.049 -3.08705e-07
0.050 -3.15847e-07
0.051 -3.23039e-07
0.052 -3.30283e-07
0.053 -3.37579e-07
0.054 -3.44930e-07
0.055 -3.52334e-07
0.056 -3.59795e-07
0.057 -3.67312e-07
0.058 -3.74887e-07
0.059 -3.82520e-07
0.060 -3.90213e-07
0.061 -3.97967e-07
0.062 -4.05782e-07
0.063 -4.13659e-07
0.064 -4.21600e-07
0.065 -4.29605e-07
0.066 -4.37675e-07
0.067 -4.45812e-07
0.068 -4.54016e-07
0.069 -4.62288e-07
0.070 -4.70630e-07
0.071 -4.79041e-07
0.072 -4.87523e-07
0.073 -4.96078e-07
0.074 -5.04705e-07
0.075 -5.13406e-07
0.076 -5.22181e-07
0.077 -5.31033e-07
0.078 -5.39961e-07
0.079 -5.48966e-07
0.080 -5.58050e-07
0.081 -5.67213e-07
0.082 -5.76457e-07
0.083 -5.85781e-07
0.084 -5.95188e-07
0.085 -6.04678e-07
0.086 -6.14251e-07
0.087 -6.23909e-07
0.088 -6.33653e-07
0.089 -6.43484e-07
0.090 -6.53402e-07
0.091 -6.63408e-07
0.092 -6.73504e-07
0.093 -6.83689e-07
0.094 -6.93966e-07
0.095 -7.04334e-07
0.096 -7.14795e-07
0.097 -7.25350e-07
0.098 -7.35999e-07
0.099 -7.46744e-07
0.100 -7.57584e-07
