0.000 0.00000e+00
0.001 -1.45678e-08
0.002 -2.91392e-08
0.003 -4.37176e-08
0.004 -5.83064e-08
0.005 -7.29094e-08
0.006 -8.75298e-08
0.007 -1.02171e-07
0.008 -1.16837e-07
0.009 -1.31532e-07
0.010 -1.46257e-07
0.011 -1.61018e-07
0.012 -1.75818e-07
0.013 -1.90659e-07
0.014 -2.05547e-07
0.015 -2.20484e-07
0.016 -2.35473e-07
0.017 -2.50519e-07
0.018 -2.65625e-07
0.019 -2.80795e-07
0.020 -2.96031e-07
0.021 -3.11339e-07
0.022 -3.26720e-07
0.023 -3.42180e-07
0.024 -3.57720e-07
0.025 -3.73347e-07
0.026 -3.89061e-07
0.027 -4.04869e-07
0.028 -4.20772e-07
0.029 -4.36775e-07
0.030 -4.52881e-07
0.031 -4.69095e-07
0.032 -4.85419e-07
0.033 -5.01858e-07
0.034 -5.18415e-07
0.035 -5.35094e-07
0.036 -5.51899e-07
0.037 -5.68833e-07
0.038 -5.85900e-07
0.039 -6.03105e-07
0.040 -6.20450e-07
0.041 -6.37940e-07
0.042 -6.55578e-07
0.043 -6.73369e-07
0.044 -6.91316e-07
0.045 -7.09423e-07
0.046 -7.27694e-07
0.047 -7.46132e-07
0.048 -7.64743e-07
0.049 -7.83529e-07
0.050 -8.02494e-07
0.051 -8.21644e-07
0.052 -8.40981e-07
0.053 -8.60509e-07
0.054 -8.80233e-07
0.055 -9.00156e-07
0.056 -9.20283e-07
0.057 -9.40618e-07
0.058 -9.61164e-07
0.059 -9.81926e-07
0.060 -1.00291e-06
0.061 -1.02411e-06
0.062 -1.04555e-06
0.063 -1.06721e-06
0.064 -1.08912e-06
0.065 -1.11126e-06
0.066 -1.13365e-06
0.067 -1.15628e-06
0.068 -1.17917e-06
0.069 -1.20232e-06
0.070 -1.22573e-06
0.071 -1.24940e-06
0.072 -1.27335e-06
0.073 -1.29756e-06
0.074 -1.32206e-06
0.075 -1.34684e-06
0.076 -1.37190e-06
0.077 -1.39726e-06
0.078 -1.42291e-06
0.079 -1.44886e-06
0.080 -1.47512e-06
0.081 -1.50168e-06
0.082 -1.52856e-06
0.083 -1.55575e-06
0.084 -1.58327e-06
0.085 -1.61111e-06
0.086 -1.63928e-06
0.087 -1.66778e-06
0.088 -1.69662e-06
0.089 -1.72580e-06
0.090 -1.75533e-06
0.091 -1.78521e-06
0.092 -1.81545e-06
0.093 -1.84604e-06
0.094 -1.87700e-06
0.095 -1.90833e-06
0.096 -1.94002e-06
0.097 -1.97210e-06
0.098 -2.00455e-06
0.099 -2.03739e-06
0.100 -2.07062e-06
