0.000 0.00000e+00
0.001 -8.10859e-13
0.002 -1.62189e-12
0.003 -2.43328e-12
0.004 -3.24519e-12
0.005 -4.05780e-12
0.006 -4.87129e-12
0.007 -5.68583e-12
0.008 -6.50160e-12
0.009 -7.31877e-12
0.010 -8.13752e-12
0.011 -8.95803e-12
0.012 -9.78048e-12
0.013 -1.06050e-11
0.014 -1.14319e-11
0.015 -1.22612e-11
0.016 -1.30931e-11
0.017 -1.39279e-11
0.018 -1.47656e-11
0.019 -1.56066e-11
0.020 -1.64509e-11
0.021 -1.72987e-11
0.022 -1.81502e-11
0.023 -1.90057e-11
0.024 -1.98652e-11
0.025 -2.07290e-11
0.026 -2.15972e-11
0.027 -2.24700e-11
0.028 -2.33477e-11
0.029 -2.42303e-11
0.030 -2.51181e-11
0.031 -2.60112e-11
0.032 -2.69099e-11
0.033 -2.78144e-11
0.034 -2.87247e-11
0.035 -2.96412e-11
0.036 -3.05639e-11
0.037 -3.14931e-11
0.038 -3.24290e-11
0.039 -3.33717e-11
0.040 -3.43215e-11
0.041 -3.52785e-11
0.042 -3.62430e-11
0.043 -3.72151e-11
0.044 -3.81950e-11
0.045 -3.91829e-11
0.046 -4.01790e-11
0.047 -4.11836e-11
0.048 -4.21967e-11
0.049 -4.32187e-11
0.050 -4.42496e-11
0.051 -4.52897e-11
0.052 -4.63393e-11
0.053 -4.73984e-11
0.054 -4.84673e-11
0.055 -4.95463e-11
0.056 -5.06354e-11
0.057 -5.17350e-11
0.058 -5.28452e-11
0.059 -5.39662e-11
0.060 -5.50982e-11
0.061 -5.62415e-11
0.062 -5.73962e-11
0.063 -5.85626e-11
0.064 -5.97409e-11
0.065 -6.09312e-11
0.066 -6.21338e-11
0.067 -6.33489e-11
0.068 -6.45768e-11
0.069 -6.58175e-11
0.070 -6.70715e-11
0.071 -6.83387e-11
0.072 -6.96196e-11
0.073 -7.09142e-11
0.074 -7.22229e-11
0.075 -7.35458e-11
0.076 -7.48831e-11
0.077 -7.62351e-11
0.078 -7.76020e-11
0.079 -7.89840e-11
0.080 -8.03813e-11
0.081 -8.17941e-11
0.082 -8.32228e-11
0.083 -8.46674e-11
0.084 -8.61282e-11
0.085 -8.76055e-11
0.086 -8.90994e-11
0.087 -9.06102e-11
0.088 -9.21382e-11
0.089 -9.36834e-11
0.090 -9.52462e-11
0.091 -9.68268e-11
0.092 -9.84253e-11
0.093 -1.00042e-10
0.094 -1.01677e-10
0.095 -1.03331e-10
0.096 -1.05004e-10
0.097 -1.06696e-10
0.098 -1.08407e-10
0.099 -1.10138e-10
0.100 -1.11888e-10
