0.000 0.00000e+00
0.001 -7.62433e-09
0.002 -1.52505e-08
0.003 -2.28804e-08
0.004 -3.05159e-08
0.005 -3.81589e-08
0.006 -4.58111e-08
0.007 -5.34746e-08
0.008 -6.11510e-08
0.009 -6.88424e-08
0.010 -7.65506e-08
0.011 -8.42775e-08
0.012 -9.20249e-08
0.013 -9.97948e-08
0.014 -1.07589e-07
0.015 -1.15409e-07
0.016 -1.23258e-07
0.017 -1.31136e-07
0.018 -1.39047e-07
0.019 -1.46991e-07
0.020 -1.54971e-07
0.021 -1.62989e-07
0.022 -1.71047e-07
0.023 -1.79146e-07
0.024 -1.87289e-07
0.025 -1.95477e-07
0.026 -2.03713e-07
0.027 -2.11998e-07
0.028 -2.20335e-07
0.029 -2.28725e-07
0.030 -2.37170e-07
0.031 -2.45674e-07
0.032 -2.54236e-07
0.033 -2.62861e-07
0.034 -2.71549e-07
0.035 -2.80302e-07
0.036 -2.89124e-07
0.037 -2.98015e-07
0.038 -3.06979e-07
0.039 -3.16016e-07
0.040 -3.25130e-07
0.041 -3.34322e-07
0.042 -3.43595e-07
0.043 -3.52951e-07
0.044 -3.62391e-07
0.045 -3.71919e-07
0.046 -3.81536e-07
0.047 -3.91245e-07
0.048 -4.01047e-07
0.049 -4.10946e-07
0.050 -4.20943e-07
0.051 -4.31041e-07
0.052 -4.41242e-07
0.053 -4.51548e-07
0.054 -4.61962e-07
0.055 -4.72486e-07
0.056 -4.83123e-07
0.057 -4.93874e-07
0.058 -5.04743e-07
0.059 -5.15732e-07
0.060 -5.26843e-07
0.061 -5.38079e-07
0.062 -5.49442e-07
0.063 -5.60935e-07
0.064 -5.72560e-07
0.065 -5.84320e-07
0.066 -5.96218e-07
0.067 -6.08256e-07
0.068 -6.20436e-07
0.069 -6.32762e-07
0.070 -6.45236e-07
0.071 -6.57860e-07
0.072 -6.70638e-07
0.073 -6.83573e-07
0.074 -6.96666e-07
0.075 -7.09920e-07
0.076 -7.23340e-07
0.077 -7.36926e-07
0.078 -7.50683e-07
0.079 -7.64612e-07
0.080 -7.78718e-07
0.081 -7.93002e-07
0.082 -8.07468e-07
0.083 -8.22118e-07
0.084 -8.36956e-07
0.085 -8.51985e-07
0.086 -8.67207e-07
0.087 -8.82625e-07
0.088 -8.98244e-07
0.089 -9.14065e-07
0.090 -9.30091e-07
0.091 -9.46327e-07
0.092 -9.62774e-07
0.093 -9.79437e-07
0.094 -9.96318e-07
0.095 -1.01342e-06
0.096 -1.03075e-06
0.097 -1.04830e-06
0.098 -1.06609e-06
0.099 -1.08411e-06
0.100 -1.10237e-06
