0.000 0.00000e+00
0.001 -4.15854e-19
0.002 -8.31737e-19
0.003 -1.24768e-18
0.004 -1.66370e-18
0.005 -2.07984e-18
0.006 -2.49612e-18
0.007 -2.91257e-18
0.008 -3.32922e-18
0.009 -3.74609e-18
0.010 -4.16323e-18
0.011 -4.58064e-18
0.012 -4.99837e-18
0.013 -5.41644e-18
0.014 -5.83488e-18
0.015 -6.25372e-18
0.016 -6.67298e-18
0.017 -7.09270e-18
0.018 -7.51291e-18
0.019 -7.93362e-18
0.020 -8.35489e-18
0.021 -8.77672e-18
0.022 -9.19915e-18
0.023 -9.62221e-18
0.024 -1.00459e-17
0.025 -1.04703e-17
0.026 -1.08955e-17
0.027 -1.13213e-17
0.028 -1.17480e-17
0.029 -1.21754e-17
0.030 -1.26037e-17
0.031 -1.30329e-17
0.032 -1.34629e-17
0.033 -1.38939e-17
0.034 -1.43258e-17
0.035 -1.47587e-17
0.036 -1.51926e-17
0.037 -1.56275e-17
0.038 -1.60636e-17
0.039 -1.65007e-17
0.040 -1.69390e-17
0.041 -1.73784e-17
0.042 -1.78191e-17
0.043 -1.82609e-17
0.044 -1.87040e-17
0.045 -1.91484e-17
0.046 -1.95942e-17
0.047 -2.00412e-17
0.048 -2.04897e-17
0.049 -2.09396e-17
0.050 -2.13909e-17
0.051 -2.18437e-17
0.052 -2.22980e-17
0.053 -2.27539e-17
0.054 -2.32113e-17
0.055 -2.36703e-17
0.056 -2.41310e-17
0.057 -2.45934e-17
0.058 -2.50574e-17
0.059 -2.55232e-17
0.060 -2.59908e-17
0.061 -2.64602e-17
0.062 -2.69314e-17
0.063 -2.74045e-17
0.064 -2.78795e-17
0.065 -2.83564e-17
0.066 -2.88353e-17
0.067 -2.93162e-17
0.068 -2.97992e-17
0.069 -3.02842e-17
0.070 -3.07714e-17
0.071 -3.12607e-17
0.072 -3.17522e-17
0.073 -3.22459e-17
0.074 -3.27419e-17
0.075 -3.32402e-17
0.076 -3.37408e-17
0.077 -3.42437e-17
0.078 -3.47491e-17
0.079 -3.52569e-17
0.080 -3.57672e-17
0.081 -3.62800e-17
0.082 -3.67954e-17
0.083 -3.73133e-17
0.084 -3.78339e-17
0.085 -3.83571e-17
0.086 -3.88830e-17
0.087 -3.94117e-17
0.088 -3.99432e-17
0.089 -4.04775e-17
0.090 -4.10146e-17
0.091 -4.15547e-17
0.092 -4.20977e-17
0.093 -4.26436e-17
0.094 -4.31926e-17
0.095 -4.37447e-17
0.096 -4.42998e-17
0.097 -4.48581e-17
0.098 -4.54196e-17
0.099 -4.59843e-17
0.100 -4.65523e-17
