-0.20000 	1.94043e-03	 (9.68505e-09, -2.52435e-29)	-7.99912e-09
-0.19995 	1.93847e-03	 (9.67509e-09, 1.00974e-28)	-8.00413e-09
-0.19990 	1.93654e-03	 (9.66530e-09, 0.00000e+00)	-8.00928e-09
-0.19985 	1.93465e-03	 (9.65568e-09, 0.00000e+00)	-8.01456e-09
-0.19980 	1.93279e-03	 (9.64623e-09, 2.52435e-29)	-8.01999e-09
-0.19975 	1.93096e-03	 (9.63696e-09, 1.00974e-28)	-8.02554e-09
-0.19970 	1.92916e-03	 (9.62785e-09, 1.76705e-28)	-8.03124e-09
-0.19965 	1.92740e-03	 (9.61891e-09, 2.52435e-29)	-8.03707e-09
-0.19960 	1.92566e-03	 (9.61014e-09, 5.04871e-29)	-8.04304e-09
-0.19955 	1.92396e-03	 (9.60153e-09, 2.52435e-29)	-8.04915e-09
-0.19950 	1.92230e-03	 (9.59310e-09, -5.04871e-29)	-8.05540e-09
-0.19945 	1.92066e-03	 (9.58483e-09, -7.57306e-29)	-8.06178e-09
-0.19940 	1.91906e-03	 (9.57672e-09, 2.52435e-29)	-8.06831e-09
-0.19935 	1.91748e-03	 (9.56878e-09, -2.52435e-29)	-8.07497e-09
-0.19930 	1.91594e-03	 (9.56100e-09, 0.00000e+00)	-8.08177e-09
-0.19925 	1.91443e-03	 (9.55339e-09, 7.57306e-29)	-8.08871e-09
-0.19920 	1.91296e-03	 (9.54594e-09, -2.52435e-29)	-8.09579e-09
-0.19915 	1.91151e-03	 (9.53865e-09, 2.52435e-29)	-8.10301e-09
-0.19910 	1.91009e-03	 (9.53153e-09, -1.00974e-28)	-8.11036e-09
-0.19905 	1.90871e-03	 (9.52457e-09, 0.00000e+00)	-8.11786e-09
-0.19900 	1.90736e-03	 (9.51776e-09, 5.04871e-29)	-8.12550e-09
-0.19895 	1.90603e-03	 (9.51112e-09, -7.57306e-29)	-8.13328e-09
-0.19890 	1.90474e-03	 (9.50464e-09, 0.00000e+00)	-8.14120e-09
-0.19885 	1.90348e-03	 (9.49832e-09, 0.00000e+00)	-8.14926e-09
-0.19880 	1.90225e-03	 (9.49216e-09, 7.57306e-29)	-8.15746e-09
-0.19875 	1.90105e-03	 (9.48616e-09, -7.57306e-29)	-8.16580e-09
-0.19870 	1.89988e-03	 (9.48032e-09, -5.04871e-29)	-8.17428e-09
-0.19865 	1.89874e-03	 (9.47463e-09, -7.57306e-29)	-8.18291e-09
-0.19860 	1.89763e-03	 (9.46911e-09, 5.04871e-29)	-8.19168e-09
-0.19855 	1.89655e-03	 (9.46374e-09, 5.04871e-29)	-8.20059e-09
-0.19850 	1.89550e-03	 (9.45853e-09, 0.00000e+00)	-8.20965e-09
-0.19845 	1.89448e-03	 (9.45347e-09, 7.57306e-29)	-8.21885e-09
-0.19840 	1.89349e-03	 (9.44857e-09, 5.04871e-29)	-8.22819e-09
-0.19835 	1.89253e-03	 (9.44383e-09, 2.52435e-29)	-8.23768e-09
-0.19830 	1.89160e-03	 (9.43924e-09, 7.57306e-29)	-8.24731e-09
-0.19825 	1.89070e-03	 (9.43481e-09, 1.26218e-28)	-8.25708e-09
-0.19820 	1.88983e-03	 (9.43053e-09, 7.57306e-29)	-8.26701e-09
-0.19815 	1.88898e-03	 (9.42641e-09, 2.52435e-29)	-8.27708e-09
-0.19810 	1.88817e-03	 (9.42244e-09, -7.57306e-29)	-8.28729e-09
-0.19805 	1.88739e-03	 (9.41863e-09, 7.57306e-29)	-8.29765e-09
-0.19800 	1.88664e-03	 (9.41497e-09, -7.57306e-29)	-8.30816e-09
-0.19795 	1.88591e-03	 (9.41146e-09, -5.04871e-29)	-8.31882e-09
-0.19790 	1.88522e-03	 (9.40811e-09, 0.00000e+00)	-8.32962e-09
-0.19785 	1.88455e-03	 (9.40491e-09, -7.57306e-29)	-8.34058e-09
-0.19780 	1.88392e-03	 (9.40186e-09, 1.00974e-28)	-8.35168e-09
-0.19775 	1.88331e-03	 (9.39897e-09, -2.52435e-29)	-8.36293e-09
-0.19770 	1.88273e-03	 (9.39623e-09, 0.00000e+00)	-8.37433e-09
-0.19765 	1.88218e-03	 (9.39364e-09, -1.26218e-28)	-8.38589e-09
-0.19760 	1.88166e-03	 (9.39120e-09, -5.04871e-29)	-8.39759e-09
-0.19755 	1.88117e-03	 (9.38892e-09, -1.51461e-28)	-8.40945e-09
-0.19750 	1.88071e-03	 (9.38678e-09, 0.00000e+00)	-8.42145e-09
-0.19745 	1.88028e-03	 (9.38480e-09, 5.04871e-29)	-8.43362e-09
-0.19740 	1.87987e-03	 (9.38297e-09, -2.52435e-29)	-8.44593e-09
-0.19735 	1.87950e-03	 (9.38130e-09, -5.04871e-29)	-8.45840e-09
-0.19730 	1.87915e-03	 (9.37977e-09, 5.04871e-29)	-8.47102e-09
-0.19725 	1.87883e-03	 (9.37839e-09, 2.52435e-29)	-8.48380e-09
-0.19720 	1.87855e-03	 (9.37717e-09, 0.00000e+00)	-8.49673e-09
-0.19715 	1.87829e-03	 (9.37609e-09, -5.04871e-29)	-8.50982e-09
-0.19710 	1.87805e-03	 (9.37517e-09, -2.52435e-29)	-8.52307e-09
-0.19705 	1.87785e-03	 (9.37440e-09, -2.52435e-29)	-8.53648e-09
-0.19700 	1.87768e-03	 (9.37378e-09, 2.52435e-29)	-8.55004e-09
-0.19695 	1.87753e-03	 (9.37331e-09, 0.00000e+00)	-8.56376e-09
-0.19690 	1.87741e-03	 (9.37299e-09, 2.52435e-29)	-8.57764e-09
-0.19685 	1.87733e-03	 (9.37282e-09, -2.52435e-29)	-8.59169e-09
