0.13800 	2.66982e-02	 (2.02548e-08, -2.46913e-28)	-1.26093e-07
0.13805 	2.83763e-02	 (2.13933e-08, 1.83805e-28)	-1.32970e-07
0.13810 	3.02310e-02	 (2.26408e-08, 2.62691e-28)	-1.40502e-07
0.13815 	3.22887e-02	 (2.40127e-08, 1.23062e-28)	-1.48780e-07
0.13820 	3.45810e-02	 (2.55269e-08, 3.70765e-29)	-1.57912e-07
0.13825 	3.71459e-02	 (2.72048e-08, -4.78839e-28)	-1.68026e-07
0.13830 	4.00294e-02	 (2.90723e-08, -6.74476e-28)	-1.79277e-07
0.13835 	4.32880e-02	 (3.11607e-08, 4.49651e-28)	-1.91851e-07
0.13840 	4.69913e-02	 (3.35082e-08, 9.67143e-28)	-2.05979e-07
0.13845 	5.12257e-02	 (3.61620e-08, 1.64083e-28)	-2.21941e-07
0.13850 	5.61003e-02	 (3.91809e-08, -8.15682e-28)	-2.40090e-07
0.13855 	6.17537e-02	 (4.26390e-08, 1.51461e-28)	-2.60867e-07
0.13860 	6.83642e-02	 (4.66305e-08, -4.78050e-28)	-2.84837e-07
0.13865 	7.61648e-02	 (5.12777e-08, 1.09336e-27)	-3.12728e-07
0.13870 	8.54645e-02	 (5.67404e-08, -2.43916e-27)	-3.45498e-07
0.13875 	9.66797e-02	 (6.32324e-08, 9.54522e-28)	-3.84420e-07
0.13880 	1.10383e-01	 (7.10443e-08, -1.11387e-27)	-4.31230e-07
0.13885 	1.27379e-01	 (8.05800e-08, 6.78420e-28)	-4.88337e-07
0.13890 	1.48826e-01	 (9.24149e-08, -2.51489e-27)	-5.59174e-07
0.13895 	1.76444e-01	 (1.07394e-07, -9.87654e-28)	-6.48779e-07
0.13900 	2.12872e-01	 (1.26798e-07, 7.82550e-28)	-7.64790e-07
0.13905 	2.62331e-01	 (1.52653e-07, -4.30403e-27)	-9.19284e-07
0.13910 	3.31911e-01	 (1.88325e-07, 2.49280e-27)	-1.13231e-06
0.13915 	4.34285e-01	 (2.39754e-07, 1.19591e-26)	-1.43925e-06
0.13920 	5.93936e-01	 (3.18285e-07, 7.91385e-27)	-1.90765e-06
0.13925 	8.63345e-01	 (4.47935e-07, 2.08259e-26)	-2.68047e-06
0.13930 	1.37247e+00	 (6.87443e-07, 2.20124e-26)	-4.10719e-06
0.13935 	2.52116e+00	 (1.21521e-06, 1.58883e-25)	-7.24887e-06
0.13940 	6.09410e+00	 (2.81691e-06, 3.66940e-25)	-1.67767e-05
0.13945 	3.09586e+01	 (1.36786e-05, -2.91452e-24)	-8.13370e-05
0.13950 	4.74911e+02	 (1.96882e-04, 4.43782e-22)	-1.16887e-03
0.13955 	1.35673e+01	 (5.36726e-06, -1.21250e-24)	-3.18144e-05
0.13960 	4.05698e+00	 (1.50975e-06, 6.02816e-26)	-8.93483e-06
0.13965 	1.92738e+00	 (6.69956e-07, -7.21966e-27)	-3.95859e-06
0.13970 	1.12620e+00	 (3.62872e-07, -6.96722e-27)	-2.14072e-06
0.13975 	7.40995e-01	 (2.19406e-07, -8.61436e-27)	-1.29231e-06
0.13980 	5.26945e-01	 (1.41969e-07, 5.49363e-27)	-8.34879e-07
0.13985 	3.96079e-01	 (9.59914e-08, 3.56565e-27)	-5.63605e-07
0.13990 	3.10486e-01	 (6.67933e-08, -1.57772e-29)	-3.91550e-07
0.13995 	2.51653e-01	 (4.73088e-08, 8.88257e-28)	-2.76891e-07
0.14000 	2.09670e-01	 (3.38117e-08, -3.09233e-28)	-1.97581e-07
0.14005 	1.78849e-01	 (2.41941e-08, 7.73084e-29)	-1.41156e-07
0.14010 	1.55740e-01	 (1.71964e-08, -3.39210e-28)	-1.00171e-07
0.14015 	1.38156e-01	 (1.20320e-08, -1.07285e-28)	-6.99765e-08
0.14020 	1.24661e-01	 (8.19248e-09, 5.44314e-29)	-4.75708e-08
0.14025 	1.14286e-01	 (5.33999e-09, -6.38977e-29)	-3.09583e-08
0.14030 	1.06364e-01	 (3.24592e-09, -2.09048e-29)	-1.87882e-08
0.14035 	1.00434e-01	 (1.75401e-09, 7.88861e-30)	-1.01366e-08
0.14040 	9.61719e-02	 (7.57988e-10, 2.76101e-30)	-4.37354e-09
0.14045 	9.33602e-02	 (1.87615e-10, 2.36658e-30)	-1.08081e-09
0.14050 	9.18586e-02	 (7.44961e-14, 0.00000e+00)	-4.28477e-13
0.14055 	9.15918e-02	 (1.74934e-10, -2.36658e-30)	-1.00457e-09
0.14060 	9.25407e-02	 (7.11658e-10, -1.18329e-30)	-4.08025e-09
0.14065 	9.47408e-02	 (1.62921e-09, 0.00000e+00)	-9.32616e-09
0.14070 	9.82854e-02	 (2.96764e-09, 7.88861e-31)	-1.69609e-08
0.14075 	1.03334e-01	 (4.79196e-09, -2.20881e-29)	-2.73440e-08
0.14080 	1.10129e-01	 (7.19882e-09, -1.65661e-29)	-4.10130e-08
0.14085 	1.19019e-01	 (1.03274e-08, -1.12807e-28)	-5.87438e-08
0.14090 	1.30506e-01	 (1.43766e-08, -1.50672e-28)	-8.16464e-08
0.14095 	1.45303e-01	 (1.96321e-08, -1.98793e-28)	-1.11316e-07
0.14100 	1.64443e-01	 (2.65107e-08, 4.51228e-28)	-1.50080e-07
0.14105 	1.89452e-01	 (3.56336e-08, -2.24036e-28)	-2.01407e-07
0.14110 	2.22646e-01	 (4.79541e-08, 6.46866e-28)	-2.70614e-07
0.14115 	2.67664e-01	 (6.49867e-08, 5.99534e-28)	-3.66150e-07
0.14120 	3.30479e-01	 (8.92470e-08, 1.51461e-28)	-5.02041e-07
0.14125 	4.21444e-01	 (1.25145e-07, -6.58226e-27)	-7.02863e-07
0.14130 	5.59776e-01	 (1.80968e-07, -9.11292e-27)	-1.01477e-06
0.14135 	7.84495e-01	 (2.73739e-07, -1.76579e-26)	-1.53255e-06
0.14140 	1.18509e+00	 (4.42977e-07, -1.46413e-27)	-2.47610e-06
0.14145 	2.00619e+00	 (7.98033e-07, -2.20629e-26)	-4.45366e-06
0.14150 	4.13245e+00	 (1.73929e-06, 9.93586e-26)	-9.69126e-06
0.14155 	1.30456e+01	 (5.78154e-06, 4.89523e-25)	-3.21633e-05
0.14160 	2.66152e+02	 (1.24055e-04, 1.03811e-22)	-6.89036e-04
0.14165 	4.19867e+01	 (2.02561e-05, -9.56428e-24)	-1.12329e-04
0.14170 	7.31397e+00	 (3.67341e-06, 1.09860e-25)	-2.03384e-05
0.14175 	2.92512e+00	 (1.52269e-06, -3.23117e-26)	-8.41720e-06
0.14180 	1.56681e+00	 (8.42694e-07, 5.95748e-27)	-4.65090e-06
0.14185 	9.76049e-01	 (5.40920e-07, 5.94738e-26)	-2.98064e-06
0.14190 	6.67002e-01	 (3.79972e-07, 6.91673e-27)	-2.09044e-06
0.14195 	4.85277e-01	 (2.83555e-07, -3.22613e-26)	-1.55752e-06
0.14200 	3.69404e-01	 (2.20967e-07, 2.06997e-27)	-1.21181e-06
0.14205 	2.90989e-01	 (1.77875e-07, -1.30004e-27)	-9.73937e-07
0.14210 	2.35444e-01	 (1.46841e-07, -6.13418e-27)	-8.02735e-07
0.14215 	1.94652e-01	 (1.23682e-07, 1.02236e-27)	-6.75058e-07
0.14220 	1.63800e-01	 (1.05896e-07, -7.06819e-28)	-5.77064e-07
0.14225 	1.39893e-01	 (9.19087e-08, -6.31089e-30)	-5.00046e-07
0.14230 	1.20984e-01	 (8.06873e-08, -3.02923e-28)	-4.38296e-07
0.14235 	1.05765e-01	 (7.15313e-08, -1.39471e-27)	-3.87942e-07
0.14240 	9.33282e-02	 (6.39508e-08, 1.70394e-28)	-3.46279e-07
0.14245 	8.30308e-02	 (5.75947e-08, 4.22829e-28)	-3.11367e-07
0.14250 	7.44051e-02	 (5.22058e-08, 6.50021e-28)	-2.81785e-07
0.14255 	6.71049e-02	 (4.75918e-08, 9.78188e-28)	-2.56472e-07
0.14260 	6.08695e-02	 (4.36067e-08, 6.05845e-28)	-2.34622e-07
0.14265 	5.54994e-02	 (4.01376e-08, -4.89094e-28)	-2.15614e-07
0.14270 	5.08398e-02	 (3.70964e-08, 8.20415e-29)	-1.98961e-07
0.14275 	4.67693e-02	 (3.44134e-08, -7.09975e-29)	-1.84277e-07
0.14280 	4.31914e-02	 (3.20326e-08, -4.44918e-28)	-1.71256e-07
0.14285 	4.00286e-02	 (2.99089e-08, 4.85938e-28)	-1.59647e-07
0.14290 	3.72182e-02	 (2.80051e-08, 4.48073e-28)	-1.49248e-07
0.14295 	3.47090e-02	 (2.62911e-08, 6.70532e-29)	-1.39890e-07
0.14300 	3.24587e-02	 (2.47415e-08, -1.41995e-28)	-1.31436e-07
0.14305 	3.04324e-02	 (2.33353e-08, 2.39814e-28)	-1.23768e-07
0.14310 	2.86008e-02	 (2.20546e-08, 2.40603e-28)	-1.16789e-07
0.14315 	2.69393e-02	 (2.08846e-08, 1.73549e-29)	-1.10417e-07
0.14320 	2.54271e-02	 (1.98122e-08, -1.86171e-28)	-1.04581e-07
0.14325 	2.40464e-02	 (1.88267e-08, 5.72713e-28)	-9.92211e-08
0.14330 	2.27822e-02	 (1.79186e-08, 1.64083e-28)	-9.42847e-08
0.14335 	2.16216e-02	 (1.70796e-08, 1.96426e-28)	-8.97272e-08
0.14340 	2.05531e-02	 (1.63028e-08, 1.00185e-28)	-8.55097e-08
0.14345 	1.95672e-02	 (1.55819e-08, -1.10441e-28)	-8.15983e-08
0.14350 	1.86554e-02	 (1.49114e-08, -2.77285e-28)	-7.79631e-08
0.14355 	1.78103e-02	 (1.42868e-08, 3.07656e-29)	-7.45781e-08
0.14360 	1.70253e-02	 (1.37036e-08, 1.68816e-28)	-7.14201e-08
0.14365 	1.62949e-02	 (1.31583e-08, 1.11229e-28)	-6.84686e-08
0.14370 	1.56139e-02	 (1.26474e-08, -3.94430e-29)	-6.57057e-08
0.14375 	1.49779e-02	 (1.21681e-08, 9.62410e-29)	-6.31151e-08
0.14380 	1.43829e-02	 (1.17178e-08, 2.32714e-29)	-6.06824e-08
0.14385 	1.38254e-02	 (1.12940e-08, -4.33873e-30)	-5.83947e-08
0.14390 	1.33022e-02	 (1.08947e-08, -1.11624e-28)	-5.62405e-08
0.14395 	1.28106e-02	 (1.05180e-08, -6.23200e-29)	-5.42092e-08
0.14400 	1.23479e-02	 (1.01621e-08, -1.18329e-29)	-5.22915e-08
0.14405 	1.19120e-02	 (9.82551e-09, 6.70532e-30)	-5.04789e-08
0.14410 	1.15006e-02	 (9.50678e-09, -6.70532e-29)	-4.87636e-08
0.14415 	1.11120e-02	 (9.20465e-09, 4.96982e-29)	-4.71386e-08
0.14420 	1.07445e-02	 (8.91795e-09, 1.17540e-28)	-4.55976e-08
0.14425 	1.03966e-02	 (8.64563e-09, -9.46633e-30)	-4.41348e-08
0.14430 	1.00668e-02	 (8.38670e-09, -7.96750e-29)	-4.27448e-08
0.14435 	9.75389e-03	 (8.14029e-09, 1.89327e-29)	-4.14227e-08
0.14440 	9.45672e-03	 (7.90558e-09, -2.97795e-29)	-4.01642e-08
0.14445 	9.17421e-03	 (7.68181e-09, 8.08582e-30)	-3.89652e-08
0.14450 	8.90540e-03	 (7.46831e-09, 2.74129e-29)	-3.78218e-08
0.14455 	8.64939e-03	 (7.26444e-09, 3.05684e-29)	-3.67307e-08
0.14460 	8.40538e-03	 (7.06962e-09, -5.91646e-29)	-3.56886e-08
0.14465 	8.17260e-03	 (6.88330e-09, -9.07190e-29)	-3.46927e-08
0.14470 	7.95036e-03	 (6.70498e-09, 1.61716e-29)	-3.37400e-08
0.14475 	7.73803e-03	 (6.53421e-09, -2.05104e-29)	-3.28283e-08
0.14480 	7.53501e-03	 (6.37056e-09, -3.94430e-31)	-3.19550e-08
0.14485 	7.34075e-03	 (6.21362e-09, -9.66355e-30)	-3.11181e-08
0.14490 	7.15475e-03	 (6.06303e-09, 5.36425e-29)	-3.03155e-08
0.14495 	6.97654e-03	 (5.91844e-09, -3.41182e-29)	-2.95453e-08
0.14500 	6.80567e-03	 (5.77954e-09, 4.14152e-29)	-2.88059e-08
0.14505 	6.64175e-03	 (5.64601e-09, -1.24246e-29)	-2.80955e-08
0.14510 	6.48440e-03	 (5.51759e-09, 2.85962e-29)	-2.74126e-08
0.14515 	6.33326e-03	 (5.39401e-09, 7.88861e-31)	-2.67559e-08
0.14520 	6.18801e-03	 (5.27503e-09, -1.61716e-29)	-2.61239e-08
0.14525 	6.04833e-03	 (5.16042e-09, -2.82018e-29)	-2.55155e-08
0.14530 	5.91394e-03	 (5.04996e-09, -3.15544e-29)	-2.49295e-08
0.14535 	5.78458e-03	 (4.94345e-09, 4.73317e-30)	-2.43648e-08
0.14540 	5.66000e-03	 (4.84071e-09, -1.57772e-30)	-2.38203e-08
0.14545 	5.53994e-03	 (4.74155e-09, 8.48025e-30)	-2.32951e-08
0.14550 	5.42421e-03	 (4.64581e-09, -1.22273e-29)	-2.27883e-08
0.14555 	5.31259e-03	 (4.55334e-09, -1.21287e-29)	-2.22991e-08
0.14560 	5.20488e-03	 (4.46398e-09, 1.07482e-29)	-2.18265e-08
0.14565 	5.10090e-03	 (4.37759e-09, -9.66355e-30)	-2.13700e-08
0.14570 	5.00048e-03	 (4.29404e-09, -1.33120e-29)	-2.09286e-08
0.14575 	4.90346e-03	 (4.21321e-09, 3.74709e-30)	-2.05019e-08
0.14580 	4.80968e-03	 (4.13499e-09, -7.29696e-30)	-2.00891e-08
0.14585 	4.71900e-03	 (4.05925e-09, 1.28190e-29)	-1.96896e-08
0.14590 	4.63128e-03	 (3.98589e-09, 1.20301e-29)	-1.93029e-08
0.14595 	4.54640e-03	 (3.91482e-09, 6.40949e-30)	-1.89285e-08
0.14600 	4.46424e-03	 (3.84595e-09, -1.05510e-29)	-1.85657e-08
0.14605 	4.38466e-03	 (3.77917e-09, -1.23260e-29)	-1.82142e-08
0.14610 	4.30758e-03	 (3.71440e-09, -8.87469e-30)	-1.78735e-08
0.14615 	4.23289e-03	 (3.65158e-09, 3.74709e-30)	-1.75431e-08
0.14620 	4.16048e-03	 (3.59061e-09, 6.31089e-30)	-1.72226e-08
0.14625 	4.09026e-03	 (3.53143e-09, 1.87354e-30)	-1.69117e-08
0.14630 	4.02216e-03	 (3.47397e-09, 3.45127e-30)	-1.66099e-08
0.14635 	3.95607e-03	 (3.41815e-09, 1.17343e-29)	-1.63169e-08
0.14640 	3.89193e-03	 (3.36393e-09, -6.70532e-30)	-1.60324e-08
0.14645 	3.82966e-03	 (3.31124e-09, 8.48025e-30)	-1.57561e-08
0.14650 	3.76919e-03	 (3.26002e-09, -1.97215e-31)	-1.54876e-08
0.14655 	3.71044e-03	 (3.21022e-09, 2.85962e-30)	-1.52266e-08
0.14660 	3.65336e-03	 (3.16179e-09, 2.36658e-30)	-1.49729e-08
0.14665 	3.59788e-03	 (3.11468e-09, -6.90253e-31)	-1.47262e-08
0.14670 	3.54394e-03	 (3.06883e-09, 7.09975e-30)	-1.44862e-08
0.14675 	3.49149e-03	 (3.02422e-09, 1.01566e-29)	-1.42528e-08
0.14680 	3.44047e-03	 (2.98079e-09, -3.35266e-30)	-1.40257e-08
0.14685 	3.39084e-03	 (2.93850e-09, 7.19836e-30)	-1.38046e-08
0.14690 	3.34254e-03	 (2.89732e-09, -3.05684e-30)	-1.35893e-08
0.14695 	3.29552e-03	 (2.85720e-09, -1.06496e-29)	-1.33797e-08
0.14700 	3.24974e-03	 (2.81811e-09, 1.77494e-30)	-1.31756e-08
0.14705 	3.20517e-03	 (2.78002e-09, -3.54987e-30)	-1.29767e-08
0.14710 	3.16175e-03	 (2.74289e-09, 5.71924e-30)	-1.27829e-08
0.14715 	3.11945e-03	 (2.70670e-09, 1.16357e-29)	-1.25940e-08
0.14720 	3.07823e-03	 (2.67141e-09, 1.57772e-30)	-1.24099e-08
0.14725 	3.03806e-03	 (2.63699e-09, -3.94430e-30)	-1.22304e-08
0.14730 	2.99890e-03	 (2.60341e-09, -5.12760e-30)	-1.20554e-08
0.14735 	2.96072e-03	 (2.57066e-09, -1.28190e-30)	-1.18847e-08
0.14740 	2.92348e-03	 (2.53869e-09, -4.93038e-31)	-1.17181e-08
0.14745 	2.88717e-03	 (2.50750e-09, -4.28943e-30)	-1.15556e-08
0.14750 	2.85174e-03	 (2.47705e-09, -5.17690e-30)	-1.13970e-08
0.14755 	2.81717e-03	 (2.44732e-09, -5.57133e-30)	-1.12422e-08
0.14760 	2.78344e-03	 (2.41830e-09, -2.66241e-30)	-1.10911e-08
0.14765 	2.75051e-03	 (2.38995e-09, 1.72563e-30)	-1.09435e-08
0.14770 	2.71837e-03	 (2.36226e-09, -3.94430e-31)	-1.07994e-08
0.14775 	2.68699e-03	 (2.33521e-09, 2.66241e-30)	-1.06587e-08
0.14780 	2.65634e-03	 (2.30879e-09, 5.27551e-30)	-1.05212e-08
0.14785 	2.62641e-03	 (2.28297e-09, 1.92285e-30)	-1.03868e-08
0.14790 	2.59718e-03	 (2.25773e-09, 4.63456e-30)	-1.02556e-08
0.14795 	2.56862e-03	 (2.23306e-09, -2.66241e-30)	-1.01273e-08
0.14800 	2.54071e-03	 (2.20895e-09, -2.76101e-30)	-1.00019e-08
0.14805 	2.51344e-03	 (2.18538e-09, 3.79639e-30)	-9.87927e-09
0.14810 	2.48679e-03	 (2.16232e-09, -2.85962e-30)	-9.75940e-09
0.14815 	2.46073e-03	 (2.13978e-09, -2.95823e-31)	-9.64218e-09
0.14820 	2.43526e-03	 (2.11773e-09, -6.40949e-31)	-9.52755e-09
0.14825 	2.41036e-03	 (2.09617e-09, 3.45127e-31)	-9.41541e-09
0.14830 	2.38601e-03	 (2.07507e-09, 4.43734e-31)	-9.30571e-09
0.14835 	2.36220e-03	 (2.05443e-09, 3.45127e-31)	-9.19838e-09
0.14840 	2.33890e-03	 (2.03423e-09, 6.40949e-31)	-9.09336e-09
0.14845 	2.31612e-03	 (2.01447e-09, 6.40949e-31)	-8.99058e-09
0.14850 	2.29383e-03	 (1.99513e-09, 1.08468e-30)	-8.88998e-09
0.14855 	2.27202e-03	 (1.97620e-09, 1.67633e-30)	-8.79151e-09
0.14860 	2.25069e-03	 (1.95766e-09, 6.40949e-31)	-8.69511e-09
0.14865 	2.22980e-03	 (1.93952e-09, -1.92285e-30)	-8.60072e-09
0.14870 	2.20937e-03	 (1.92176e-09, -6.90253e-31)	-8.50829e-09
0.14875 	2.18937e-03	 (1.90437e-09, 4.93038e-32)	-8.41778e-09
0.14880 	2.16979e-03	 (1.88734e-09, 4.43734e-31)	-8.32913e-09
0.14885 	2.15062e-03	 (1.87067e-09, -1.23260e-30)	-8.24230e-09
0.14890 	2.13186e-03	 (1.85433e-09, -1.18329e-30)	-8.15724e-09
0.14895 	2.11348e-03	 (1.83834e-09, 2.95823e-31)	-8.07390e-09
0.14900 	2.09550e-03	 (1.82267e-09, 1.08468e-30)	-7.99225e-09
0.14905 	2.07788e-03	 (1.80732e-09, -1.38051e-30)	-7.91224e-09
0.14910 	2.06063e-03	 (1.79229e-09, 1.13399e-30)	-7.83383e-09
0.14915 	2.04373e-03	 (1.77756e-09, -1.52842e-30)	-7.75698e-09
0.14920 	2.02718e-03	 (1.76312e-09, 9.86076e-31)	-7.68166e-09
0.14925 	2.01097e-03	 (1.74898e-09, -7.88861e-31)	-7.60783e-09
0.14930 	1.99509e-03	 (1.73513e-09, -9.86076e-32)	-7.53545e-09
0.14935 	1.97954e-03	 (1.72155e-09, -2.95823e-31)	-7.46448e-09
0.14940 	1.96430e-03	 (1.70824e-09, 4.93038e-32)	-7.39491e-09
0.14945 	1.94937e-03	 (1.69521e-09, -8.87469e-31)	-7.32669e-09
0.14950 	1.93474e-03	 (1.68243e-09, 5.91646e-31)	-7.25979e-09
0.14955 	1.92041e-03	 (1.66990e-09, -1.67633e-30)	-7.19418e-09
0.14960 	1.90636e-03	 (1.65763e-09, 4.93038e-31)	-7.12983e-09
0.14965 	1.89260e-03	 (1.64559e-09, 4.93038e-31)	-7.06672e-09
0.14970 	1.87911e-03	 (1.63380e-09, 2.95823e-31)	-7.00481e-09
0.14975 	1.86590e-03	 (1.62224e-09, -3.45127e-31)	-6.94408e-09
0.14980 	1.85295e-03	 (1.61091e-09, -3.45127e-31)	-6.88451e-09
0.14985 	1.84026e-03	 (1.59980e-09, -5.42342e-31)	-6.82606e-09
0.14990 	1.82782e-03	 (1.58891e-09, -2.46519e-31)	-6.76872e-09
0.14995 	1.81563e-03	 (1.57824e-09, 4.93038e-32)	-6.71245e-09
0.15000 	1.80368e-03	 (1.56778e-09, -4.93038e-32)	-6.65725e-09
0.15005 	1.79198e-03	 (1.55752e-09, -9.86076e-32)	-6.60307e-09
0.15010 	1.78050e-03	 (1.54747e-09, 9.86076e-32)	-6.54991e-09
0.15015 	1.76925e-03	 (1.53761e-09, 4.93038e-32)	-6.49774e-09
0.15020 	1.75823e-03	 (1.52795e-09, -2.95823e-31)	-6.44653e-09
0.15025 	1.74743e-03	 (1.51848e-09, 2.46519e-31)	-6.39628e-09
0.15030 	1.73684e-03	 (1.50919e-09, 9.86076e-32)	-6.34696e-09
0.15035 	1.72647e-03	 (1.50009e-09, 0.00000e+00)	-6.29855e-09
0.15040 	1.71630e-03	 (1.49117e-09, 1.97215e-31)	-6.25103e-09
0.15045 	1.70634e-03	 (1.48242e-09, 9.86076e-32)	-6.20438e-09
0.15050 	1.69657e-03	 (1.47385e-09, -9.86076e-32)	-6.15860e-09
0.15055 	1.68700e-03	 (1.46545e-09, -2.46519e-32)	-6.11365e-09
0.15060 	1.67762e-03	 (1.45721e-09, 1.23260e-31)	-6.06953e-09
0.15065 	1.66844e-03	 (1.44914e-09, -2.46519e-31)	-6.02621e-09
0.15070 	1.65943e-03	 (1.44123e-09, 2.46519e-32)	-5.98369e-09
0.15075 	1.65061e-03	 (1.43348e-09, 2.46519e-31)	-5.94194e-09
0.15080 	1.64197e-03	 (1.42589e-09, 0.00000e+00)	-5.90096e-09
0.15085 	1.63350e-03	 (1.41844e-09, 4.93038e-32)	-5.86072e-09
0.15090 	1.62521e-03	 (1.41115e-09, -3.94430e-31)	-5.82122e-09
0.15095 	1.61708e-03	 (1.40401e-09, -1.47911e-31)	-5.78244e-09
0.15100 	1.60913e-03	 (1.39701e-09, -4.93038e-31)	-5.74436e-09
0.15105 	1.60133e-03	 (1.39015e-09, -3.45127e-31)	-5.70698e-09
0.15110 	1.59370e-03	 (1.38344e-09, 4.93038e-32)	-5.67028e-09
0.15115 	1.58623e-03	 (1.37686e-09, -4.93038e-32)	-5.63425e-09
0.15120 	1.57891e-03	 (1.37042e-09, -3.45127e-31)	-5.59887e-09
0.15125 	1.57175e-03	 (1.36411e-09, 4.93038e-32)	-5.56415e-09
0.15130 	1.56473e-03	 (1.35794e-09, -4.93038e-32)	-5.53005e-09
0.15135 	1.55787e-03	 (1.35189e-09, 6.40949e-31)	-5.49658e-09
0.15140 	1.55115e-03	 (1.34598e-09, -1.47911e-31)	-5.46372e-09
0.15145 	1.54458e-03	 (1.34019e-09, -5.91646e-31)	-5.43146e-09
0.15150 	1.53815e-03	 (1.33452e-09, 4.93038e-32)	-5.39980e-09
0.15155 	1.53186e-03	 (1.32898e-09, 1.47911e-31)	-5.36872e-09
0.15160 	1.52571e-03	 (1.32355e-09, -2.46519e-31)	-5.33820e-09
0.15165 	1.51969e-03	 (1.31825e-09, 1.97215e-31)	-5.30826e-09
0.15170 	1.51381e-03	 (1.31306e-09, -1.47911e-31)	-5.27886e-09
0.15175 	1.50806e-03	 (1.30799e-09, 4.43734e-31)	-5.25001e-09
0.15180 	1.50244e-03	 (1.30303e-09, 4.93038e-31)	-5.22170e-09
0.15185 	1.49695e-03	 (1.29819e-09, 3.94430e-31)	-5.19391e-09
0.15190 	1.49158e-03	 (1.29345e-09, 3.94430e-31)	-5.16664e-09
0.15195 	1.48634e-03	 (1.28883e-09, 4.93038e-32)	-5.13989e-09
0.15200 	1.48123e-03	 (1.28431e-09, 9.86076e-32)	-5.11364e-09
0.15205 	1.47624e-03	 (1.27990e-09, -3.94430e-31)	-5.08788e-09
0.15210 	1.47136e-03	 (1.27560e-09, -4.93038e-32)	-5.06261e-09
0.15215 	1.46661e-03	 (1.27140e-09, 1.97215e-31)	-5.03782e-09
0.15220 	1.46197e-03	 (1.26731e-09, 6.40949e-31)	-5.01351e-09
0.15225 	1.45745e-03	 (1.26331e-09, -4.43734e-31)	-4.98966e-09
0.15230 	1.45305e-03	 (1.25942e-09, 2.95823e-31)	-4.96628e-09
0.15235 	1.44876e-03	 (1.25563e-09, -9.86076e-31)	-4.94335e-09
0.15240 	1.44458e-03	 (1.25193e-09, -4.93038e-32)	-4.92086e-09
0.15245 	1.44051e-03	 (1.24833e-09, -1.97215e-30)	-4.89882e-09
0.15250 	1.43655e-03	 (1.24483e-09, -1.03538e-30)	-4.87721e-09
0.15255 	1.43271e-03	 (1.24143e-09, -4.93038e-32)	-4.85603e-09
0.15260 	1.42896e-03	 (1.23811e-09, 4.93038e-32)	-4.83528e-09
0.15265 	1.42533e-03	 (1.23490e-09, 9.86076e-31)	-4.81494e-09
0.15270 	1.42180e-03	 (1.23177e-09, -1.25725e-30)	-4.79502e-09
0.15275 	1.41838e-03	 (1.22874e-09, 1.28190e-30)	-4.77550e-09
0.15280 	1.41505e-03	 (1.22579e-09, -1.55307e-30)	-4.75639e-09
0.15285 	1.41183e-03	 (1.22294e-09, 1.23260e-31)	-4.73767e-09
0.15290 	1.40872e-03	 (1.22018e-09, 9.61424e-31)	-4.71935e-09
0.15295 	1.40570e-03	 (1.21750e-09, 1.52842e-30)	-4.70141e-09
0.15300 	1.40278e-03	 (1.21491e-09, -2.46519e-32)	-4.68386e-09
0.15305 	1.39997e-03	 (1.21241e-09, 2.26798e-30)	-4.66669e-09
0.15310 	1.39725e-03	 (1.21000e-09, 1.67633e-30)	-4.64989e-09
0.15315 	1.39463e-03	 (1.20767e-09, 6.16298e-31)	-4.63346e-09
0.15320 	1.39210e-03	 (1.20542e-09, -7.64209e-31)	-4.61739e-09
0.15325 	1.38967e-03	 (1.20326e-09, 6.90253e-31)	-4.60169e-09
0.15330 	1.38734e-03	 (1.20119e-09, -6.90253e-31)	-4.58635e-09
0.15335 	1.38510e-03	 (1.19919e-09, 1.72563e-31)	-4.57136e-09
0.15340 	1.38296e-03	 (1.19728e-09, -3.69779e-31)	-4.55672e-09
0.15345 	1.38090e-03	 (1.19546e-09, 4.93038e-32)	-4.54243e-09
0.15350 	1.37895e-03	 (1.19371e-09, 2.76101e-30)	-4.52848e-09
0.15355 	1.37708e-03	 (1.19205e-09, -2.21867e-31)	-4.51488e-09
0.15360 	1.37531e-03	 (1.19046e-09, -1.30655e-30)	-4.50161e-09
0.15365 	1.37363e-03	 (1.18896e-09, 9.86076e-31)	-4.48867e-09
0.15370 	1.37204e-03	 (1.18753e-09, -1.47911e-31)	-4.47607e-09
0.15375 	1.37054e-03	 (1.18619e-09, 1.67633e-30)	-4.46379e-09
0.15380 	1.36913e-03	 (1.18493e-09, 8.38165e-31)	-4.45184e-09
0.15385 	1.36781e-03	 (1.18374e-09, -3.69779e-31)	-4.44021e-09
0.15390 	1.36658e-03	 (1.18263e-09, -7.14905e-31)	-4.42891e-09
0.15395 	1.36544e-03	 (1.18160e-09, -1.13399e-30)	-4.41792e-09
0.15400 	1.36438e-03	 (1.18065e-09, -6.65601e-31)	-4.40724e-09
0.15405 	1.36342e-03	 (1.17978e-09, 1.15864e-30)	-4.39688e-09
0.15410 	1.36255e-03	 (1.17898e-09, 1.47911e-30)	-4.38682e-09
0.15415 	1.36176e-03	 (1.17827e-09, 1.79959e-30)	-4.37708e-09
0.15420 	1.36106e-03	 (1.17763e-09, 4.19082e-31)	-4.36764e-09
0.15425 	1.36045e-03	 (1.17706e-09, 3.99361e-30)	-4.35851e-09
0.15430 	1.35993e-03	 (1.17657e-09, -4.41269e-30)	-4.34967e-09
0.15435 	1.35949e-03	 (1.17616e-09, -2.12006e-30)	-4.34114e-09
0.15440 	1.35914e-03	 (1.17583e-09, 1.62703e-30)	-4.33291e-09
0.15445 	1.35888e-03	 (1.17557e-09, 2.02146e-30)	-4.32497e-09
0.15450 	1.35871e-03	 (1.17539e-09, -3.20475e-31)	-4.31733e-09
0.15455 	1.35862e-03	 (1.17529e-09, 7.88861e-31)	-4.30998e-09
0.15460 	1.35862e-03	 (1.17526e-09, -3.45127e-31)	-4.30292e-09
0.15465 	1.35871e-03	 (1.17531e-09, 1.08468e-30)	-4.29616e-09
0.15470 	1.35889e-03	 (1.17544e-09, -9.86076e-32)	-4.28968e-09
0.15475 	1.35915e-03	 (1.17564e-09, 7.14905e-31)	-4.28350e-09
0.15480 	1.35950e-03	 (1.17592e-09, -1.01073e-30)	-4.27760e-09
0.15485 	1.35994e-03	 (1.17627e-09, 2.51449e-30)	-4.27198e-09
0.15490 	1.36047e-03	 (1.17671e-09, -5.17690e-31)	-4.26665e-09
0.15495 	1.36108e-03	 (1.17722e-09, -1.75029e-30)	-4.26161e-09
0.15500 	1.36178e-03	 (1.17780e-09, -7.64209e-31)	-4.25685e-09
0.15505 	1.36257e-03	 (1.17847e-09, -4.68386e-31)	-4.25237e-09
0.15510 	1.36345e-03	 (1.17921e-09, -6.16298e-31)	-4.24817e-09
0.15515 	1.36442e-03	 (1.18003e-09, 2.46519e-31)	-4.24425e-09
0.15520 	1.36548e-03	 (1.18092e-09, 1.67633e-30)	-4.24062e-09
0.15525 	1.36663e-03	 (1.18190e-09, -1.92285e-30)	-4.23727e-09
0.15530 	1.36786e-03	 (1.18295e-09, 1.45446e-30)	-4.23419e-09
0.15535 	1.36919e-03	 (1.18408e-09, -6.40949e-31)	-4.23140e-09
0.15540 	1.37060e-03	 (1.18529e-09, -2.68706e-30)	-4.22888e-09
0.15545 	1.37211e-03	 (1.18658e-09, 2.19402e-30)	-4.22665e-09
0.15550 	1.37371e-03	 (1.18795e-09, 8.38165e-31)	-4.22469e-09
0.15555 	1.37540e-03	 (1.18940e-09, -2.58845e-30)	-4.22301e-09
0.15560 	1.37719e-03	 (1.19093e-09, 2.46519e-31)	-4.22161e-09
0.15565 	1.37906e-03	 (1.19255e-09, 4.93038e-32)	-4.22049e-09
0.15570 	1.38103e-03	 (1.19424e-09, -1.47911e-30)	-4.21966e-09
0.15575 	1.38309e-03	 (1.19601e-09, -7.39557e-32)	-4.21910e-09
0.15580 	1.38525e-03	 (1.19787e-09, 0.00000e+00)	-4.21882e-09
0.15585 	1.38750e-03	 (1.19981e-09, 1.10934e-30)	-4.21882e-09
0.15590 	1.38985e-03	 (1.20183e-09, 6.36019e-30)	-4.21910e-09
0.15595 	1.39230e-03	 (1.20394e-09, -2.73636e-30)	-4.21967e-09
0.15600 	1.39484e-03	 (1.20613e-09, 4.68386e-31)	-4.22052e-09
0.15605 	1.39748e-03	 (1.20841e-09, -3.45127e-31)	-4.22165e-09
0.15610 	1.40022e-03	 (1.21077e-09, 1.47911e-31)	-4.22306e-09
0.15615 	1.40306e-03	 (1.21322e-09, -1.65168e-30)	-4.22477e-09
0.15620 	1.40600e-03	 (1.21575e-09, 7.14905e-31)	-4.22675e-09
0.15625 	1.40904e-03	 (1.21838e-09, 3.40196e-30)	-4.22903e-09
0.15630 	1.41218e-03	 (1.22109e-09, -2.41589e-30)	-4.23159e-09
0.15635 	1.41543e-03	 (1.22389e-09, 3.18010e-30)	-4.23444e-09
0.15640 	1.41878e-03	 (1.22678e-09, -4.93038e-32)	-4.23759e-09
0.15645 	1.42223e-03	 (1.22977e-09, -1.18329e-30)	-4.24102e-09
0.15650 	1.42579e-03	 (1.23284e-09, 6.90253e-31)	-4.24475e-09
0.15655 	1.42946e-03	 (1.23601e-09, 4.93038e-32)	-4.24878e-09
0.15660 	1.43324e-03	 (1.23927e-09, -3.99361e-30)	-4.25310e-09
0.15665 	1.43712e-03	 (1.24263e-09, 2.12006e-30)	-4.25772e-09
0.15670 	1.44112e-03	 (1.24608e-09, -7.88861e-31)	-4.26265e-09
0.15675 	1.44523e-03	 (1.24963e-09, 1.97215e-31)	-4.26787e-09
0.15680 	1.44945e-03	 (1.25328e-09, -2.12006e-30)	-4.27340e-09
0.15685 	1.45379e-03	 (1.25702e-09, -3.94430e-31)	-4.27924e-09
0.15690 	1.45824e-03	 (1.26087e-09, 2.56380e-30)	-4.28539e-09
0.15695 	1.46281e-03	 (1.26481e-09, -1.67633e-30)	-4.29185e-09
0.15700 	1.46750e-03	 (1.26886e-09, -2.56380e-30)	-4.29862e-09
0.15705 	1.47231e-03	 (1.27302e-09, 2.21867e-30)	-4.30571e-09
0.15710 	1.47724e-03	 (1.27727e-09, 7.44487e-30)	-4.31312e-09
0.15715 	1.48230e-03	 (1.28164e-09, -2.95823e-30)	-4.32085e-09
0.15720 	1.48748e-03	 (1.28611e-09, 2.46519e-30)	-4.32891e-09
0.15725 	1.49278e-03	 (1.29069e-09, -4.09222e-30)	-4.33729e-09
0.15730 	1.49822e-03	 (1.29538e-09, -3.79639e-30)	-4.34601e-09
0.15735 	1.50378e-03	 (1.30018e-09, 1.18329e-30)	-4.35506e-09
0.15740 	1.50948e-03	 (1.30509e-09, 1.23260e-30)	-4.36445e-09
0.15745 	1.51531e-03	 (1.31012e-09, -8.38165e-31)	-4.37418e-09
0.15750 	1.52128e-03	 (1.31527e-09, -1.72563e-30)	-4.38425e-09
0.15755 	1.52738e-03	 (1.32054e-09, 4.93038e-31)	-4.39468e-09
0.15760 	1.53362e-03	 (1.32592e-09, 3.69779e-30)	-4.40545e-09
0.15765 	1.54001e-03	 (1.33143e-09, -8.38165e-31)	-4.41659e-09
0.15770 	1.54654e-03	 (1.33706e-09, 1.47911e-31)	-4.42808e-09
0.15775 	1.55322e-03	 (1.34281e-09, 2.12006e-30)	-4.43994e-09
0.15780 	1.56005e-03	 (1.34869e-09, -4.53595e-30)	-4.45216e-09
0.15785 	1.56702e-03	 (1.35470e-09, 4.19082e-30)	-4.46477e-09
0.15790 	1.57415e-03	 (1.36084e-09, -4.24013e-30)	-4.47775e-09
0.15795 	1.58144e-03	 (1.36712e-09, -1.47911e-31)	-4.49111e-09
0.15800 	1.58889e-03	 (1.37353e-09, -3.99361e-30)	-4.50486e-09
0.15805 	1.59650e-03	 (1.38008e-09, 3.64848e-30)	-4.51900e-09
0.15810 	1.60427e-03	 (1.38676e-09, 2.61310e-30)	-4.53355e-09
0.15815 	1.61221e-03	 (1.39359e-09, -4.97968e-30)	-4.54850e-09
0.15820 	1.62032e-03	 (1.40057e-09, -8.08582e-30)	-4.56386e-09
0.15825 	1.62860e-03	 (1.40769e-09, -5.91646e-31)	-4.57963e-09
0.15830 	1.63706e-03	 (1.41496e-09, -1.97215e-31)	-4.59583e-09
0.15835 	1.64570e-03	 (1.42238e-09, -1.47911e-30)	-4.61245e-09
0.15840 	1.65452e-03	 (1.42996e-09, -2.95823e-31)	-4.62951e-09
0.15845 	1.66353e-03	 (1.43770e-09, 6.21228e-30)	-4.64701e-09
0.15850 	1.67272e-03	 (1.44559e-09, 2.81032e-30)	-4.66496e-09
0.15855 	1.68211e-03	 (1.45365e-09, 2.85962e-30)	-4.68337e-09
0.15860 	1.69170e-03	 (1.46187e-09, 1.77494e-30)	-4.70224e-09
0.15865 	1.70149e-03	 (1.47027e-09, -3.74709e-30)	-4.72157e-09
0.15870 	1.71148e-03	 (1.47883e-09, 1.47911e-31)	-4.74139e-09
0.15875 	1.72168e-03	 (1.48758e-09, -3.89500e-30)	-4.76169e-09
0.15880 	1.73210e-03	 (1.49650e-09, 8.38165e-31)	-4.78249e-09
0.15885 	1.74273e-03	 (1.50560e-09, -1.92285e-30)	-4.80379e-09
0.15890 	1.75358e-03	 (1.51490e-09, 7.88861e-31)	-4.82560e-09
0.15895 	1.76466e-03	 (1.52438e-09, 7.88861e-31)	-4.84793e-09
0.15900 	1.77597e-03	 (1.53405e-09, -7.44487e-30)	-4.87079e-09
0.15905 	1.78752e-03	 (1.54392e-09, -2.12006e-30)	-4.89419e-09
0.15910 	1.79930e-03	 (1.55400e-09, -8.87469e-31)	-4.91814e-09
0.15915 	1.81134e-03	 (1.56428e-09, -6.75462e-30)	-4.94265e-09
0.15920 	1.82362e-03	 (1.57477e-09, 2.31728e-30)	-4.96773e-09
0.15925 	1.83616e-03	 (1.58547e-09, 2.90892e-30)	-4.99339e-09
0.15930 	1.84896e-03	 (1.59640e-09, -1.82424e-30)	-5.01964e-09
0.15935 	1.86204e-03	 (1.60754e-09, -3.89500e-30)	-5.04650e-09
0.15940 	1.87538e-03	 (1.61892e-09, 7.59279e-30)	-5.07397e-09
0.15945 	1.88901e-03	 (1.63053e-09, -2.46519e-31)	-5.10207e-09
0.15950 	1.90292e-03	 (1.64238e-09, -3.54987e-30)	-5.13081e-09
0.15955 	1.91713e-03	 (1.65447e-09, -5.37411e-30)	-5.16021e-09
0.15960 	1.93163e-03	 (1.66681e-09, -8.67747e-30)	-5.19027e-09
0.15965 	1.94645e-03	 (1.67941e-09, -4.63456e-30)	-5.22102e-09
0.15970 	1.96158e-03	 (1.69227e-09, -3.05684e-30)	-5.25246e-09
0.15975 	1.97703e-03	 (1.70539e-09, 7.59279e-30)	-5.28461e-09
0.15980 	1.99281e-03	 (1.71879e-09, -2.95823e-31)	-5.31749e-09
0.15985 	2.00893e-03	 (1.73247e-09, 2.26798e-30)	-5.35111e-09
0.15990 	2.02540e-03	 (1.74643e-09, -8.67747e-30)	-5.38548e-09
0.15995 	2.04222e-03	 (1.76069e-09, 5.02899e-30)	-5.42064e-09
0.16000 	2.05940e-03	 (1.77524e-09, -2.71171e-30)	-5.45659e-09
0.16005 	2.07696e-03	 (1.79011e-09, -7.39557e-31)	-5.49334e-09
0.16010 	2.09490e-03	 (1.80528e-09, 4.19082e-30)	-5.53093e-09
0.16015 	2.11324e-03	 (1.82078e-09, 6.90253e-31)	-5.56937e-09
0.16020 	2.13197e-03	 (1.83662e-09, -6.50810e-30)	-5.60868e-09
0.16025 	2.15112e-03	 (1.85278e-09, -3.05684e-30)	-5.64888e-09
0.16030 	2.17070e-03	 (1.86930e-09, 3.84570e-30)	-5.68999e-09
0.16035 	2.19071e-03	 (1.88617e-09, -1.42981e-30)	-5.73203e-09
0.16040 	2.21117e-03	 (1.90341e-09, 5.42342e-30)	-5.77503e-09
0.16045 	2.23209e-03	 (1.92103e-09, -9.36772e-30)	-5.81901e-09
0.16050 	2.25348e-03	 (1.93902e-09, -1.37065e-29)	-5.86400e-09
0.16055 	2.27535e-03	 (1.95742e-09, 6.85323e-30)	-5.91001e-09
0.16060 	2.29773e-03	 (1.97622e-09, -5.02899e-30)	-5.95708e-09
0.16065 	2.32061e-03	 (1.99543e-09, 2.26798e-30)	-6.00524e-09
0.16070 	2.34403e-03	 (2.01507e-09, 9.81146e-30)	-6.05451e-09
0.16075 	2.36799e-03	 (2.03515e-09, 1.92285e-30)	-6.10492e-09
0.16080 	2.39250e-03	 (2.05569e-09, 2.12006e-30)	-6.15651e-09
0.16085 	2.41759e-03	 (2.07668e-09, -2.41589e-30)	-6.20929e-09
0.16090 	2.44328e-03	 (2.09816e-09, 9.31842e-30)	-6.26332e-09
0.16095 	2.46957e-03	 (2.12012e-09, -1.14385e-29)	-6.31861e-09
0.16100 	2.49649e-03	 (2.14259e-09, -7.64209e-30)	-6.37521e-09
0.16105 	2.52406e-03	 (2.16558e-09, 8.13513e-30)	-6.43315e-09
0.16110 	2.55229e-03	 (2.18911e-09, 4.53595e-30)	-6.49247e-09
0.16115 	2.58121e-03	 (2.21318e-09, 2.36658e-30)	-6.55322e-09
0.16120 	2.61085e-03	 (2.23782e-09, -3.79639e-30)	-6.61542e-09
0.16125 	2.64121e-03	 (2.26305e-09, -6.80393e-30)	-6.67912e-09
0.16130 	2.67232e-03	 (2.28887e-09, 1.33120e-30)	-6.74437e-09
0.16135 	2.70422e-03	 (2.31532e-09, -2.51449e-30)	-6.81122e-09
0.16140 	2.73692e-03	 (2.34240e-09, -4.68386e-30)	-6.87970e-09
0.16145 	2.77045e-03	 (2.37015e-09, 5.17690e-30)	-6.94988e-09
0.16150 	2.80484e-03	 (2.39857e-09, -3.40196e-30)	-7.02180e-09
0.16155 	2.84011e-03	 (2.42769e-09, -1.38051e-30)	-7.09552e-09
0.16160 	2.87630e-03	 (2.45754e-09, 5.22620e-30)	-7.17109e-09
0.16165 	2.91344e-03	 (2.48814e-09, -1.41995e-29)	-7.24857e-09
0.16170 	2.95156e-03	 (2.51950e-09, -6.90253e-31)	-7.32802e-09
0.16175 	2.99070e-03	 (2.55167e-09, -7.88861e-31)	-7.40951e-09
0.16180 	3.03088e-03	 (2.58465e-09, -2.15951e-29)	-7.49310e-09
0.16185 	3.07216e-03	 (2.61849e-09, 1.37065e-29)	-7.57886e-09
0.16190 	3.11456e-03	 (2.65321e-09, -1.97215e-31)	-7.66687e-09
0.16195 	3.15812e-03	 (2.68883e-09, -7.49418e-30)	-7.75719e-09
0.16200 	3.20290e-03	 (2.72540e-09, -1.77494e-30)	-7.84992e-09
0.16205 	3.24894e-03	 (2.76295e-09, 2.16937e-30)	-7.94513e-09
0.16210 	3.29627e-03	 (2.80150e-09, -7.59279e-30)	-8.04290e-09
0.16215 	3.34496e-03	 (2.84110e-09, -1.77494e-30)	-8.14333e-09
0.16220 	3.39505e-03	 (2.88178e-09, 8.08582e-30)	-8.24651e-09
0.16225 	3.44660e-03	 (2.92359e-09, 5.71924e-30)	-8.35254e-09
0.16230 	3.49967e-03	 (2.96656e-09, 7.88861e-30)	-8.46153e-09
0.16235 	3.55431e-03	 (3.01073e-09, -1.18329e-29)	-8.57358e-09
0.16240 	3.61059e-03	 (3.05617e-09, 1.97215e-29)	-8.68880e-09
0.16245 	3.66857e-03	 (3.10290e-09, -7.09975e-30)	-8.80732e-09
0.16250 	3.72833e-03	 (3.15098e-09, 9.17051e-30)	-8.92927e-09
0.16255 	3.78993e-03	 (3.20047e-09, -1.97215e-29)	-9.05476e-09
0.16260 	3.85346e-03	 (3.25142e-09, 2.07076e-30)	-9.18395e-09
0.16265 	3.91900e-03	 (3.30388e-09, 3.48085e-29)	-9.31697e-09
0.16270 	3.98663e-03	 (3.35793e-09, 2.09048e-29)	-9.45398e-09
0.16275 	4.05644e-03	 (3.41362e-09, 8.18443e-30)	-9.59514e-09
0.16280 	4.12853e-03	 (3.47102e-09, -1.87354e-30)	-9.74063e-09
0.16285 	4.20301e-03	 (3.53020e-09, -6.90253e-31)	-9.89061e-09
0.16290 	4.27998e-03	 (3.59125e-09, -6.90253e-31)	-1.00453e-08
0.16295 	4.35954e-03	 (3.65423e-09, 1.14385e-29)	-1.02048e-08
0.16300 	4.44184e-03	 (3.71924e-09, -2.31728e-29)	-1.03695e-08
0.16305 	4.52698e-03	 (3.78636e-09, -1.39037e-29)	-1.05394e-08
0.16310 	4.61511e-03	 (3.85568e-09, 1.60730e-29)	-1.07149e-08
0.16315 	4.70637e-03	 (3.92731e-09, -4.46692e-29)	-1.08963e-08
0.16320 	4.80092e-03	 (4.00135e-09, -1.76508e-29)	-1.10836e-08
0.16325 	4.89891e-03	 (4.07792e-09, 4.24013e-30)	-1.12773e-08
0.16330 	5.00052e-03	 (4.15713e-09, 9.07190e-30)	-1.14777e-08
0.16335 	5.10594e-03	 (4.23910e-09, 4.93038e-30)	-1.16850e-08
0.16340 	5.21535e-03	 (4.32398e-09, -3.12586e-29)	-1.18995e-08
0.16345 	5.32898e-03	 (4.41190e-09, -1.43967e-29)	-1.21217e-08
0.16350 	5.44703e-03	 (4.50301e-09, 5.70938e-29)	-1.23520e-08
0.16355 	5.56976e-03	 (4.59748e-09, 1.60730e-29)	-1.25906e-08
0.16360 	5.69741e-03	 (4.69547e-09, -2.32714e-29)	-1.28380e-08
0.16365 	5.83027e-03	 (4.79718e-09, 1.61716e-29)	-1.30947e-08
0.16370 	5.96861e-03	 (4.90279e-09, 7.29696e-30)	-1.33612e-08
0.16375 	6.11277e-03	 (5.01251e-09, -4.24013e-29)	-1.36380e-08
0.16380 	6.26308e-03	 (5.12657e-09, 8.87469e-30)	-1.39257e-08
0.16385 	6.41989e-03	 (5.24520e-09, 4.08236e-29)	-1.42247e-08
0.16390 	6.58361e-03	 (5.36867e-09, -3.66820e-29)	-1.45359e-08
0.16395 	6.75465e-03	 (5.49724e-09, 9.66355e-30)	-1.48598e-08
0.16400 	6.93347e-03	 (5.63122e-09, 1.20301e-29)	-1.51972e-08
0.16405 	7.12056e-03	 (5.77092e-09, 4.33873e-29)	-1.55488e-08
0.16410 	7.31646e-03	 (5.91668e-09, 4.35846e-29)	-1.59156e-08
0.16415 	7.52173e-03	 (6.06887e-09, 1.91299e-29)	-1.62984e-08
0.16420 	7.73701e-03	 (6.22791e-09, 3.98375e-29)	-1.66983e-08
0.16425 	7.96298e-03	 (6.39421e-09, 1.61716e-29)	-1.71163e-08
0.16430 	8.20037e-03	 (6.56824e-09, 5.14732e-29)	-1.75535e-08
0.16435 	8.45000e-03	 (6.75052e-09, -6.50810e-29)	-1.80113e-08
0.16440 	8.71272e-03	 (6.94158e-09, -3.33294e-29)	-1.84909e-08
0.16445 	8.98952e-03	 (7.14203e-09, -7.82944e-29)	-1.89939e-08
0.16450 	9.28144e-03	 (7.35252e-09, 1.05905e-28)	-1.95218e-08
0.16455 	9.58963e-03	 (7.57377e-09, -3.70765e-29)	-2.00765e-08
0.16460 	9.91535e-03	 (7.80655e-09, -9.17051e-29)	-2.06599e-08
0.16465 	1.02600e-02	 (8.05171e-09, 3.86542e-29)	-2.12740e-08
0.16470 	1.06251e-02	 (8.31019e-09, 1.28190e-29)	-2.19212e-08
0.16475 	1.10125e-02	 (8.58301e-09, 1.19315e-28)	-2.26040e-08
0.16480 	1.14238e-02	 (8.87132e-09, 1.06693e-28)	-2.33252e-08
0.16485 	1.18613e-02	 (9.17635e-09, -4.69372e-29)	-2.40880e-08
0.16490 	1.23273e-02	 (9.49950e-09, 2.07470e-28)	-2.48956e-08
0.16495 	1.28243e-02	 (9.84229e-09, -1.49884e-29)	-2.57520e-08
0.16500 	1.33553e-02	 (1.02064e-08, -8.48025e-29)	-2.66613e-08
0.16505 	1.39235e-02	 (1.05938e-08, 3.31322e-29)	-2.76281e-08
0.16510 	1.45326e-02	 (1.10066e-08, -5.32481e-29)	-2.86579e-08
0.16515 	1.51866e-02	 (1.14471e-08, -9.38744e-29)	-2.97563e-08
0.16520 	1.58903e-02	 (1.19181e-08, -1.52645e-28)	-3.09300e-08
0.16525 	1.66489e-02	 (1.24225e-08, -4.73317e-30)	-3.21865e-08
0.16530 	1.74684e-02	 (1.29637e-08, 4.73317e-30)	-3.35342e-08
0.16535 	1.83557e-02	 (1.35457e-08, 4.02319e-29)	-3.49825e-08
0.16540 	1.93186e-02	 (1.41728e-08, 2.89906e-28)	-3.65424e-08
0.16545 	2.03663e-02	 (1.48500e-08, 2.04315e-28)	-3.82262e-08
0.16550 	2.15090e-02	 (1.55832e-08, 1.37656e-28)	-4.00482e-08
0.16555 	2.27591e-02	 (1.63791e-08, 6.11367e-29)	-4.20249e-08
0.16560 	2.41306e-02	 (1.72452e-08, -4.73317e-29)	-4.41752e-08
0.16565 	2.56401e-02	 (1.81907e-08, -1.26612e-28)	-4.65213e-08
0.16570 	2.73072e-02	 (1.92261e-08, -3.78653e-29)	-4.90890e-08
0.16575 	2.91549e-02	 (2.03637e-08, 7.41529e-29)	-5.19088e-08
0.16580 	3.12109e-02	 (2.16181e-08, 1.02552e-28)	-5.50167e-08
0.16585 	3.35082e-02	 (2.30069e-08, -1.49884e-29)	-5.84555e-08
0.16590 	3.60868e-02	 (2.45508e-08, 3.32899e-28)	-6.22767e-08
0.16595 	3.89952e-02	 (2.62752e-08, -4.37029e-28)	-6.65423e-08
0.16600 	4.22931e-02	 (2.82109e-08, -2.64268e-28)	-7.13279e-08
0.16605 	4.60543e-02	 (3.03955e-08, 9.31645e-28)	-7.67263e-08
0.16610 	5.03710e-02	 (3.28761e-08, -2.98978e-28)	-8.28525e-08
0.16615 	5.53595e-02	 (3.57112e-08, -5.87701e-28)	-8.98507e-08
0.16620 	6.11687e-02	 (3.89753e-08, -5.93223e-28)	-9.79035e-08
0.16625 	6.79907e-02	 (4.27640e-08, -5.34848e-28)	-1.07245e-07
0.16630 	7.60780e-02	 (4.72015e-08, 1.59034e-27)	-1.18181e-07
0.16635 	8.57668e-02	 (5.24523e-08, -9.15079e-29)	-1.31114e-07
0.16640 	9.75132e-02	 (5.87376e-08, 1.05707e-28)	-1.46585e-07
0.16645 	1.11948e-01	 (6.63611e-08, 7.60462e-28)	-1.65340e-07
0.16650 	1.29966e-01	 (7.57489e-08, 8.42503e-28)	-1.88423e-07
0.16655 	1.52864e-01	 (8.75156e-08, -1.54617e-28)	-2.17337e-07
0.16660 	1.82587e-01	 (1.02574e-07, 1.52092e-27)	-2.54318e-07
0.16665 	2.22158e-01	 (1.22330e-07, 4.29456e-27)	-3.02806e-07
0.16670 	2.76476e-01	 (1.49045e-07, -5.61669e-27)	-3.68333e-07
0.16675 	3.53916e-01	 (1.86551e-07, 3.18700e-27)	-4.60268e-07
0.16680 	4.69775e-01	 (2.41783e-07, -9.81974e-27)	-5.95567e-07
0.16685 	6.54453e-01	 (3.28410e-07, -1.25334e-26)	-8.07628e-07
0.16690 	9.75677e-01	 (4.76603e-07, -4.19422e-26)	-1.17016e-06
0.16695 	1.61080e+00	 (7.64665e-07, -1.43888e-26)	-1.87434e-06
0.16700 	3.15677e+00	 (1.45371e-06, 2.84848e-25)	-3.55752e-06
0.16705 	8.79039e+00	 (3.91995e-06, 7.74674e-25)	-9.57725e-06
0.16710 	8.05265e+01	 (3.47566e-05, -1.67956e-23)	-8.47789e-05
0.16715 	7.63112e+01	 (3.15111e-05, -3.55041e-23)	-7.67372e-05
0.16720 	8.63502e+00	 (3.43545e-06, 5.33144e-25)	-8.35249e-06
0.16725 	3.12411e+00	 (1.19169e-06, -1.39445e-25)	-2.89260e-06
0.16730 	1.59992e+00	 (5.83174e-07, 7.94919e-26)	-1.41323e-06
0.16735 	9.71681e-01	 (3.37278e-07, 8.43135e-27)	-8.16007e-07
0.16740 	6.53455e-01	 (2.15196e-07, 4.62588e-27)	-5.19793e-07
0.16745 	4.70419e-01	 (1.46386e-07, -3.59721e-28)	-3.53010e-07
0.16750 	3.55634e-01	 (1.04109e-07, -2.09837e-27)	-2.50649e-07
0.16755 	2.79000e-01	 (7.64607e-08, 1.00343e-27)	-1.83784e-07
0.16760 	2.25353e-01	 (5.75049e-08, 2.68213e-28)	-1.37995e-07
0.16765 	1.86383e-01	 (4.40208e-08, 9.68721e-28)	-1.05465e-07
0.16770 	1.57225e-01	 (3.41423e-08, -7.60462e-28)	-8.16647e-08
0.16775 	1.34877e-01	 (2.67301e-08, -4.45706e-28)	-6.38311e-08
0.16780 	1.17408e-01	 (2.10581e-08, -3.13178e-28)	-5.02044e-08
0.16785 	1.03529e-01	 (1.66469e-08, -5.75868e-29)	-3.96230e-08
0.16790 	9.23514e-02	 (1.31703e-08, 8.75636e-29)	-3.12967e-08
0.16795 	8.32509e-02	 (1.04005e-08, -9.42689e-29)	-2.46744e-08
0.16800 	7.57760e-02	 (8.17489e-09, -1.12413e-29)	-1.93627e-08
0.16805 	6.95949e-02	 (6.37540e-09, 4.20068e-29)	-1.50759e-08
0.16810 	6.44600e-02	 (4.91467e-09, -1.04524e-29)	-1.16027e-08
0.16815 	6.01837e-02	 (3.72731e-09, -5.42342e-30)	-8.78521e-09
0.16820 	5.66222e-02	 (2.76380e-09, 1.97215e-31)	-6.50360e-09
0.16825 	5.36647e-02	 (1.98637e-09, -5.42342e-30)	-4.66657e-09
0.16830 	5.12251e-02	 (1.36605e-09, -2.16937e-30)	-3.20402e-09
0.16835 	4.92363e-02	 (8.80610e-10, 3.45127e-30)	-2.06207e-09
0.16840 	4.76464e-02	 (5.13084e-10, -1.97215e-31)	-1.19949e-09
0.16845 	4.64153e-02	 (2.50697e-10, 7.88861e-31)	-5.85124e-10
0.16850 	4.55132e-02	 (8.41064e-11, 2.95823e-31)	-1.95983e-10
0.16855 	4.49183e-02	 (6.86163e-12, -3.94430e-31)	-1.59627e-11
0.16860 	4.46162e-02	 (1.50354e-11, 1.97215e-31)	-3.49209e-11
0.16865 	4.45990e-02	 (1.06996e-10, 0.00000e+00)	-2.48101e-10
0.16870 	4.48652e-02	 (2.83297e-10, 3.94430e-31)	-6.55832e-10
0.16875 	4.54192e-02	 (5.46674e-10, -3.94430e-30)	-1.26348e-09
0.16880 	4.62716e-02	 (9.02148e-10, -3.35266e-30)	-2.08166e-09
0.16885 	4.74400e-02	 (1.35725e-09, -7.49418e-30)	-3.12665e-09
0.16890 	4.89493e-02	 (1.92234e-09, -7.29696e-30)	-4.42122e-09
0.16895 	5.08332e-02	 (2.61116e-09, -7.49418e-30)	-5.99564e-09
0.16900 	5.31356e-02	 (3.44151e-09, 4.22041e-29)	-7.88934e-09
0.16905 	5.59134e-02	 (4.43620e-09, -5.12760e-30)	-1.01530e-08
0.16910 	5.92390e-02	 (5.62444e-09, -2.60324e-29)	-1.28514e-08
0.16915 	6.32052e-02	 (7.04363e-09, 9.38744e-29)	-1.60679e-08
0.16920 	6.79308e-02	 (8.74189e-09, -6.90253e-29)	-1.99094e-08
0.16925 	7.35691e-02	 (1.07816e-08, 1.15963e-28)	-2.45147e-08
0.16930 	8.03194e-02	 (1.32445e-08, 4.25985e-29)	-3.00655e-08
0.16935 	8.84444e-02	 (1.62389e-08, -3.86542e-29)	-3.68026e-08
0.16940 	9.82943e-02	 (1.99102e-08, 7.88861e-30)	-4.50494e-08
0.16945 	1.10344e-01	 (2.44573e-08, 6.94198e-29)	-5.52473e-08
0.16950 	1.25249e-01	 (3.01568e-08, -4.22829e-28)	-6.80108e-08
0.16955 	1.43935e-01	 (3.74024e-08, -1.32529e-28)	-8.42134e-08
0.16960 	1.67742e-01	 (4.67681e-08, 2.20881e-28)	-1.05129e-07
0.16965 	1.98666e-01	 (5.91169e-08, -9.52944e-28)	-1.32670e-07
0.16970 	2.39786e-01	 (7.57904e-08, 5.83757e-28)	-1.69811e-07
0.16975 	2.96056e-01	 (9.89649e-08, 2.86514e-27)	-2.21372e-07
0.16980 	3.75858e-01	 (1.32352e-07, -3.96324e-27)	-2.95571e-07
0.16985 	4.94296e-01	 (1.82697e-07, 8.62067e-27)	-4.07335e-07
0.16990 	6.80882e-01	 (2.63283e-07, 9.61779e-27)	-5.86049e-07
0.16995 	9.99827e-01	 (4.03255e-07, -5.35163e-27)	-8.96147e-07
0.17000 	1.61359e+00	 (6.76957e-07, 1.13596e-26)	-1.50193e-06
0.17005 	3.03932e+00	 (1.32307e-06, 2.51426e-26)	-2.93063e-06
0.17010 	7.74010e+00	 (3.48865e-06, 2.02756e-25)	-7.71483e-06
0.17015 	4.75895e+01	 (2.21839e-05, 5.81611e-25)	-4.89774e-05
0.17020 	2.06416e+02	 (9.83315e-05, -7.68244e-23)	-2.16741e-04
0.17025 	1.23840e+01	 (6.09856e-06, 5.20219e-25)	-1.34204e-05
0.17030 	4.02410e+00	 (2.03651e-06, -1.39748e-25)	-4.47418e-06
0.17035 	1.96988e+00	 (1.02251e-06, -1.05215e-25)	-2.24276e-06
0.17040 	1.16616e+00	 (6.19883e-07, 4.04907e-26)	-1.35743e-06
0.17045 	7.70839e-01	 (4.19016e-07, 6.05845e-28)	-9.16066e-07
0.17050 	5.47650e-01	 (3.04036e-07, 9.87023e-27)	-6.63606e-07
0.17055 	4.09413e-01	 (2.31857e-07, 1.26218e-27)	-5.05237e-07
0.17060 	3.17892e-01	 (1.83441e-07, -4.54384e-28)	-3.99080e-07
0.17065 	2.54173e-01	 (1.49299e-07, 8.33037e-28)	-3.24272e-07
0.17070 	2.08028e-01	 (1.24264e-07, 2.95350e-27)	-2.69456e-07
0.17075 	1.73535e-01	 (1.05322e-07, -1.00974e-28)	-2.28008e-07
0.17080 	1.47073e-01	 (9.06167e-08, -9.84498e-28)	-1.95853e-07
0.17085 	1.26324e-01	 (7.89529e-08, 4.05790e-27)	-1.70365e-07
0.17090 	1.09751e-01	 (6.95315e-08, -1.37893e-27)	-1.49790e-07
0.17095 	9.63012e-02	 (6.18015e-08, -4.32296e-28)	-1.32920e-07
0.17100 	8.52343e-02	 (5.53729e-08, 1.89327e-29)	-1.18898e-07
0.17105 	7.60168e-02	 (4.99628e-08, -5.67980e-29)	-1.07106e-07
0.17110 	6.82567e-02	 (4.53619e-08, -4.98560e-28)	-9.70843e-08
0.17115 	6.16608e-02	 (4.14128e-08, 1.86171e-28)	-8.84873e-08
0.17120 	5.60061e-02	 (3.79947e-08, 4.13363e-28)	-8.10510e-08
0.17125 	5.11207e-02	 (3.50141e-08, 6.42133e-28)	-7.45705e-08
0.17130 	4.68703e-02	 (3.23973e-08, 6.38977e-28)	-6.88846e-08
0.17135 	4.31485e-02	 (3.00858e-08, 1.53039e-28)	-6.38652e-08
0.17140 	3.98707e-02	 (2.80326e-08, 2.83990e-28)	-5.94093e-08
0.17145 	3.69682e-02	 (2.61993e-08, -6.18467e-28)	-5.54333e-08
0.17150 	3.43854e-02	 (2.45548e-08, -3.23433e-28)	-5.18687e-08
0.17155 	3.20766e-02	 (2.30731e-08, 1.97215e-29)	-4.86592e-08
0.17160 	3.00040e-02	 (2.17328e-08, -2.65057e-28)	-4.57576e-08
0.17165 	2.81360e-02	 (2.05158e-08, -2.01160e-28)	-4.31247e-08
0.17170 	2.64464e-02	 (1.94071e-08, -2.24036e-28)	-4.07274e-08
0.17175 	2.49127e-02	 (1.83937e-08, 3.92853e-28)	-3.85375e-08
0.17180 	2.35163e-02	 (1.74646e-08, 2.52435e-28)	-3.65310e-08
0.17185 	2.22409e-02	 (1.66104e-08, 1.19118e-28)	-3.46874e-08
0.17190 	2.10727e-02	 (1.58230e-08, -7.41529e-29)	-3.29891e-08
0.17195 	2.00001e-02	 (1.50954e-08, 1.22273e-28)	-3.14206e-08
0.17200 	1.90125e-02	 (1.44214e-08, 1.57772e-30)	-2.99686e-08
0.17205 	1.81012e-02	 (1.37958e-08, 1.45545e-28)	-2.86216e-08
0.17210 	1.72584e-02	 (1.32138e-08, 5.91646e-30)	-2.73694e-08
0.17215 	1.64772e-02	 (1.26714e-08, 6.23200e-29)	-2.62030e-08
0.17220 	1.57517e-02	 (1.21649e-08, -7.13919e-29)	-2.51145e-08
0.17225 	1.50767e-02	 (1.16912e-08, -5.12760e-30)	-2.40969e-08
0.17230 	1.44475e-02	 (1.12472e-08, 1.55800e-28)	-2.31439e-08
0.17235 	1.38599e-02	 (1.08306e-08, 5.75868e-29)	-2.22502e-08
0.17240 	1.33103e-02	 (1.04390e-08, 2.91879e-29)	-2.14107e-08
0.17245 	1.27955e-02	 (1.00705e-08, 2.52435e-29)	-2.06209e-08
0.17250 	1.23125e-02	 (9.72309e-09, 3.27377e-29)	-1.98770e-08
0.17255 	1.18587e-02	 (9.39522e-09, 7.49418e-30)	-1.91753e-08
0.17260 	1.14318e-02	 (9.08540e-09, 4.02319e-29)	-1.85126e-08
0.17265 	1.10296e-02	 (8.79228e-09, -1.49884e-29)	-1.78860e-08
0.17270 	1.06502e-02	 (8.51463e-09, 5.28537e-29)	-1.72928e-08
0.17275 	1.02919e-02	 (8.25136e-09, 3.54987e-29)	-1.67307e-08
0.17280 	9.95311e-03	 (8.00146e-09, -4.77261e-29)	-1.61975e-08
0.17285 	9.63245e-03	 (7.76400e-09, -1.71577e-29)	-1.56910e-08
0.17290 	9.32860e-03	 (7.53815e-09, -2.22853e-29)	-1.52096e-08
0.17295 	9.04040e-03	 (7.32314e-09, 5.26565e-29)	-1.47516e-08
0.17300 	8.76675e-03	 (7.11826e-09, 2.56380e-30)	-1.43155e-08
0.17305 	8.50668e-03	 (6.92287e-09, -5.12760e-30)	-1.38997e-08
0.17310 	8.25928e-03	 (6.73637e-09, -4.53595e-30)	-1.35031e-08
0.17315 	8.02374e-03	 (6.55822e-09, -5.67980e-29)	-1.31245e-08
0.17320 	7.79928e-03	 (6.38791e-09, 8.48025e-30)	-1.27627e-08
0.17325 	7.58521e-03	 (6.22498e-09, 3.62876e-29)	-1.24168e-08
0.17330 	7.38089e-03	 (6.06899e-09, -2.01160e-29)	-1.20859e-08
0.17335 	7.18572e-03	 (5.91953e-09, -3.88514e-29)	-1.17689e-08
0.17340 	6.99916e-03	 (5.77625e-09, -1.81438e-29)	-1.14653e-08
0.17345 	6.82069e-03	 (5.63880e-09, 1.77494e-30)	-1.11741e-08
0.17350 	6.64984e-03	 (5.50686e-09, -1.69605e-29)	-1.08948e-08
0.17355 	6.48618e-03	 (5.38012e-09, -7.69139e-30)	-1.06266e-08
0.17360 	6.32931e-03	 (5.25831e-09, -1.67633e-29)	-1.03690e-08
0.17365 	6.17884e-03	 (5.14118e-09, -3.07656e-29)	-1.01214e-08
0.17370 	6.03443e-03	 (5.02848e-09, 1.34106e-29)	-9.88335e-09
0.17375 	5.89575e-03	 (4.91999e-09, 1.97215e-31)	-9.65426e-09
0.17380 	5.76249e-03	 (4.81549e-09, 1.30162e-29)	-9.43373e-09
0.17385 	5.63438e-03	 (4.71478e-09, 7.49418e-30)	-9.22132e-09
0.17390 	5.51114e-03	 (4.61769e-09, 1.89327e-29)	-9.01663e-09
0.17395 	5.39253e-03	 (4.52403e-09, -3.25405e-30)	-8.81928e-09
0.17400 	5.27831e-03	 (4.43365e-09, -5.02899e-30)	-8.62892e-09
0.17405 	5.16827e-03	 (4.34638e-09, 2.03132e-29)	-8.44523e-09
0.17410 	5.06221e-03	 (4.26209e-09, -7.79000e-30)	-8.26789e-09
0.17415 	4.95992e-03	 (4.18064e-09, 1.53828e-29)	-8.09660e-09
0.17420 	4.86124e-03	 (4.10191e-09, 1.17343e-29)	-7.93109e-09
0.17425 	4.76599e-03	 (4.02576e-09, 7.59279e-30)	-7.77110e-09
0.17430 	4.67401e-03	 (3.95208e-09, 4.63456e-30)	-7.61639e-09
0.17435 	4.58516e-03	 (3.88078e-09, -1.17343e-29)	-7.46672e-09
0.17440 	4.49929e-03	 (3.81174e-09, 2.95823e-31)	-7.32188e-09
0.17445 	4.41626e-03	 (3.74488e-09, -1.22273e-29)	-7.18165e-09
0.17450 	4.33596e-03	 (3.68009e-09, -3.45127e-30)	-7.04584e-09
0.17455 	4.25827e-03	 (3.61730e-09, 3.15544e-30)	-6.91427e-09
0.17460 	4.18306e-03	 (3.55642e-09, 1.34106e-29)	-6.78676e-09
0.17465 	4.11024e-03	 (3.49737e-09, -7.49418e-30)	-6.66315e-09
0.17470 	4.03970e-03	 (3.44008e-09, 2.36658e-30)	-6.54327e-09
0.17475 	3.97136e-03	 (3.38449e-09, -2.56380e-30)	-6.42697e-09
0.17480 	3.90511e-03	 (3.33052e-09, 1.28190e-30)	-6.31412e-09
0.17485 	3.84088e-03	 (3.27811e-09, 5.22620e-30)	-6.20458e-09
0.17490 	3.77858e-03	 (3.22721e-09, -6.21228e-30)	-6.09823e-09
0.17495 	3.71814e-03	 (3.17775e-09, 1.01566e-29)	-5.99493e-09
0.17500 	3.65948e-03	 (3.12968e-09, -6.40949e-30)	-5.89457e-09
0.17505 	3.60253e-03	 (3.08295e-09, -3.15544e-30)	-5.79704e-09
0.17510 	3.54723e-03	 (3.03752e-09, -9.46633e-30)	-5.70224e-09
0.17515 	3.49352e-03	 (2.99332e-09, 3.45127e-30)	-5.61007e-09
0.17520 	3.44133e-03	 (2.95033e-09, 5.62063e-30)	-5.52043e-09
0.17525 	3.39061e-03	 (2.90849e-09, -1.47911e-30)	-5.43322e-09
0.17530 	3.34131e-03	 (2.86777e-09, 1.97215e-30)	-5.34837e-09
0.17535 	3.29337e-03	 (2.82812e-09, -3.15544e-30)	-5.26578e-09
0.17540 	3.24673e-03	 (2.78950e-09, -6.11367e-30)	-5.18536e-09
0.17545 	3.20137e-03	 (2.75191e-09, 1.28190e-30)	-5.10709e-09
0.17550 	3.15724e-03	 (2.71528e-09, -2.85962e-30)	-5.03086e-09
0.17555 	3.11428e-03	 (2.67960e-09, 5.91646e-31)	-4.95660e-09
0.17560 	3.07246e-03	 (2.64482e-09, 5.62063e-30)	-4.88425e-09
0.17565 	3.03174e-03	 (2.61091e-09, 9.86076e-32)	-4.81373e-09
0.17570 	2.99208e-03	 (2.57786e-09, 6.40949e-30)	-4.74500e-09
0.17575 	2.95344e-03	 (2.54563e-09, -3.94430e-31)	-4.67799e-09
0.17580 	2.91580e-03	 (2.51419e-09, -1.08468e-30)	-4.61264e-09
0.17585 	2.87911e-03	 (2.48352e-09, -3.84570e-30)	-4.54891e-09
0.17590 	2.84336e-03	 (2.45360e-09, -3.25405e-30)	-4.48673e-09
0.17595 	2.80850e-03	 (2.42440e-09, 6.60671e-30)	-4.42606e-09
0.17600 	2.77451e-03	 (2.39590e-09, 4.73317e-30)	-4.36686e-09
0.17605 	2.74136e-03	 (2.36808e-09, 1.18329e-30)	-4.30908e-09
0.17610 	2.70902e-03	 (2.34092e-09, 3.84570e-30)	-4.25267e-09
0.17615 	2.67747e-03	 (2.31440e-09, -1.03538e-30)	-4.19759e-09
0.17620 	2.64669e-03	 (2.28849e-09, 1.38051e-30)	-4.14380e-09
0.17625 	2.61665e-03	 (2.26319e-09, -3.35266e-30)	-4.09127e-09
0.17630 	2.58732e-03	 (2.23848e-09, 3.89500e-30)	-4.03995e-09
0.17635 	2.55869e-03	 (2.21433e-09, 1.08468e-30)	-3.98981e-09
0.17640 	2.53074e-03	 (2.19073e-09, -3.25405e-30)	-3.94082e-09
0.17645 	2.50345e-03	 (2.16766e-09, 1.77494e-30)	-3.89293e-09
0.17650 	2.47679e-03	 (2.14512e-09, -3.94430e-31)	-3.84613e-09
0.17655 	2.45075e-03	 (2.12308e-09, 4.93038e-32)	-3.80037e-09
0.17660 	2.42531e-03	 (2.10154e-09, 9.86076e-32)	-3.75564e-09
0.17665 	2.40045e-03	 (2.08047e-09, -1.03538e-30)	-3.71189e-09
0.17670 	2.37617e-03	 (2.05987e-09, -6.90253e-31)	-3.66910e-09
0.17675 	2.35243e-03	 (2.03972e-09, 2.46519e-31)	-3.62725e-09
0.17680 	2.32923e-03	 (2.02001e-09, -6.40949e-31)	-3.58631e-09
0.17685 	2.30654e-03	 (2.00073e-09, -2.21867e-30)	-3.54626e-09
0.17690 	2.28437e-03	 (1.98187e-09, -1.03538e-30)	-3.50706e-09
0.17695 	2.26269e-03	 (1.96342e-09, -5.42342e-31)	-3.46871e-09
0.17700 	2.24149e-03	 (1.94536e-09, 1.87354e-30)	-3.43117e-09
0.17705 	2.22075e-03	 (1.92769e-09, -1.23260e-30)	-3.39442e-09
0.17710 	2.20047e-03	 (1.91039e-09, 5.91646e-31)	-3.35845e-09
0.17715 	2.18064e-03	 (1.89347e-09, 1.03538e-30)	-3.32323e-09
0.17720 	2.16123e-03	 (1.87690e-09, -4.93038e-31)	-3.28874e-09
0.17725 	2.14225e-03	 (1.86068e-09, 2.46519e-31)	-3.25497e-09
0.17730 	2.12367e-03	 (1.84480e-09, -6.40949e-31)	-3.22190e-09
0.17735 	2.10550e-03	 (1.82925e-09, -9.86076e-32)	-3.18950e-09
0.17740 	2.08771e-03	 (1.81403e-09, -5.42342e-31)	-3.15777e-09
0.17745 	2.07030e-03	 (1.79912e-09, -2.95823e-31)	-3.12668e-09
0.17750 	2.05327e-03	 (1.78452e-09, -2.46519e-31)	-3.09622e-09
0.17755 	2.03659e-03	 (1.77023e-09, -1.97215e-31)	-3.06638e-09
0.17760 	2.02027e-03	 (1.75623e-09, -6.40949e-31)	-3.03714e-09
0.17765 	2.00429e-03	 (1.74251e-09, 1.97215e-31)	-3.00848e-09
0.17770 	1.98865e-03	 (1.72908e-09, 1.97215e-31)	-2.98039e-09
0.17775 	1.97334e-03	 (1.71593e-09, 2.46519e-31)	-2.95286e-09
0.17780 	1.95835e-03	 (1.70304e-09, -7.88861e-31)	-2.92587e-09
0.17785 	1.94367e-03	 (1.69041e-09, 4.93038e-32)	-2.89941e-09
0.17790 	1.92930e-03	 (1.67805e-09, -3.45127e-31)	-2.87348e-09
0.17795 	1.91522e-03	 (1.66593e-09, 1.97215e-31)	-2.84805e-09
0.17800 	1.90144e-03	 (1.65406e-09, -9.86076e-32)	-2.82311e-09
0.17805 	1.88794e-03	 (1.64243e-09, 1.97215e-31)	-2.79866e-09
0.17810 	1.87473e-03	 (1.63104e-09, -4.93038e-31)	-2.77469e-09
0.17815 	1.86179e-03	 (1.61988e-09, -4.93038e-31)	-2.75118e-09
0.17820 	1.84911e-03	 (1.60894e-09, 9.86076e-32)	-2.72811e-09
0.17825 	1.83670e-03	 (1.59822e-09, -1.97215e-31)	-2.70550e-09
0.17830 	1.82454e-03	 (1.58773e-09, 1.97215e-31)	-2.68331e-09
0.17835 	1.81264e-03	 (1.57744e-09, -5.91646e-31)	-2.66155e-09
0.17840 	1.80098e-03	 (1.56736e-09, -6.90253e-31)	-2.64020e-09
0.17845 	1.78956e-03	 (1.55749e-09, 4.93038e-32)	-2.61926e-09
0.17850 	1.77837e-03	 (1.54781e-09, 1.97215e-31)	-2.59872e-09
0.17855 	1.76742e-03	 (1.53833e-09, -4.93038e-31)	-2.57856e-09
0.17860 	1.75670e-03	 (1.52904e-09, -6.90253e-31)	-2.55879e-09
0.17865 	1.74619e-03	 (1.51995e-09, 1.23260e-30)	-2.53938e-09
0.17870 	1.73591e-03	 (1.51103e-09, 3.45127e-31)	-2.52035e-09
0.17875 	1.72583e-03	 (1.50230e-09, 2.95823e-31)	-2.50167e-09
0.17880 	1.71597e-03	 (1.49375e-09, 1.47911e-31)	-2.48334e-09
0.17885 	1.70631e-03	 (1.48537e-09, 1.03538e-30)	-2.46535e-09
0.17890 	1.69685e-03	 (1.47716e-09, 8.87469e-31)	-2.44770e-09
0.17895 	1.68759e-03	 (1.46912e-09, -6.90253e-31)	-2.43038e-09
0.17900 	1.67853e-03	 (1.46124e-09, 1.47911e-31)	-2.41339e-09
0.17905 	1.66965e-03	 (1.45353e-09, 1.97215e-31)	-2.39671e-09
0.17910 	1.66096e-03	 (1.44598e-09, -1.08468e-30)	-2.38034e-09
0.17915 	1.65246e-03	 (1.43859e-09, -5.42342e-31)	-2.36428e-09
0.17920 	1.64414e-03	 (1.43135e-09, -1.28190e-30)	-2.34852e-09
0.17925 	1.63599e-03	 (1.42426e-09, -8.38165e-31)	-2.33305e-09
0.17930 	1.62802e-03	 (1.41732e-09, 7.39557e-31)	-2.31787e-09
0.17935 	1.62022e-03	 (1.41053e-09, -5.91646e-31)	-2.30297e-09
0.17940 	1.61258e-03	 (1.40388e-09, -7.39557e-31)	-2.28835e-09
0.17945 	1.60512e-03	 (1.39737e-09, -1.13399e-30)	-2.27401e-09
0.17950 	1.59782e-03	 (1.39101e-09, -1.62703e-30)	-2.25993e-09
0.17955 	1.59067e-03	 (1.38478e-09, 1.62703e-30)	-2.24611e-09
0.17960 	1.58369e-03	 (1.37868e-09, 4.93038e-32)	-2.23255e-09
0.17965 	1.57686e-03	 (1.37272e-09, 4.93038e-31)	-2.21925e-09
0.17970 	1.57018e-03	 (1.36689e-09, -7.88861e-31)	-2.20620e-09
0.17975 	1.56366e-03	 (1.36120e-09, -7.88861e-31)	-2.19339e-09
0.17980 	1.55728e-03	 (1.35562e-09, 4.93038e-32)	-2.18083e-09
0.17985 	1.55105e-03	 (1.35018e-09, 4.93038e-31)	-2.16850e-09
0.17990 	1.54496e-03	 (1.34486e-09, 2.02146e-30)	-2.15640e-09
0.17995 	1.53901e-03	 (1.33966e-09, -5.91646e-31)	-2.14454e-09
0.18000 	1.53321e-03	 (1.33458e-09, 1.23260e-30)	-2.13290e-09
0.18005 	1.52754e-03	 (1.32962e-09, -9.86076e-31)	-2.12148e-09
0.18010 	1.52201e-03	 (1.32478e-09, -7.88861e-31)	-2.11028e-09
0.18015 	1.51661e-03	 (1.32005e-09, -9.86076e-32)	-2.09929e-09
0.18020 	1.51135e-03	 (1.31544e-09, -3.94430e-31)	-2.08852e-09
0.18025 	1.50622e-03	 (1.31094e-09, -7.39557e-31)	-2.07796e-09
0.18030 	1.50121e-03	 (1.30655e-09, -1.47911e-30)	-2.06760e-09
0.18035 	1.49634e-03	 (1.30227e-09, 1.57772e-30)	-2.05744e-09
0.18040 	1.49158e-03	 (1.29810e-09, -6.90253e-31)	-2.04749e-09
0.18045 	1.48696e-03	 (1.29404e-09, 9.86076e-31)	-2.03772e-09
0.18050 	1.48245e-03	 (1.29008e-09, -1.23260e-30)	-2.02816e-09
0.18055 	1.47807e-03	 (1.28623e-09, -2.95823e-30)	-2.01878e-09
0.18060 	1.47381e-03	 (1.28249e-09, 9.86076e-32)	-2.00959e-09
0.18065 	1.46967e-03	 (1.27884e-09, -7.39557e-31)	-2.00059e-09
0.18070 	1.46564e-03	 (1.27530e-09, 2.46519e-31)	-1.99177e-09
0.18075 	1.46173e-03	 (1.27186e-09, -1.47911e-30)	-1.98313e-09
0.18080 	1.45794e-03	 (1.26852e-09, 2.56380e-30)	-1.97467e-09
0.18085 	1.45426e-03	 (1.26527e-09, -8.87469e-31)	-1.96638e-09
0.18090 	1.45069e-03	 (1.26213e-09, 2.61310e-30)	-1.95827e-09
0.18095 	1.44724e-03	 (1.25908e-09, 2.36658e-30)	-1.95033e-09
0.18100 	1.44389e-03	 (1.25613e-09, -1.33120e-30)	-1.94255e-09
0.18105 	1.44066e-03	 (1.25327e-09, 4.93038e-32)	-1.93495e-09
0.18110 	1.43753e-03	 (1.25050e-09, -5.17690e-31)	-1.92751e-09
0.18115 	1.43451e-03	 (1.24783e-09, -6.90253e-31)	-1.92023e-09
0.18120 	1.43160e-03	 (1.24525e-09, -1.67633e-30)	-1.91311e-09
0.18125 	1.42879e-03	 (1.24277e-09, -2.46519e-31)	-1.90615e-09
0.18130 	1.42609e-03	 (1.24037e-09, -1.79959e-30)	-1.89935e-09
0.18135 	1.42349e-03	 (1.23807e-09, -2.71171e-30)	-1.89270e-09
0.18140 	1.42100e-03	 (1.23585e-09, 1.06003e-30)	-1.88621e-09
0.18145 	1.41861e-03	 (1.23373e-09, 2.95823e-31)	-1.87987e-09
0.18150 	1.41632e-03	 (1.23169e-09, -3.03218e-30)	-1.87368e-09
0.18155 	1.41413e-03	 (1.22974e-09, 2.44054e-30)	-1.86764e-09
0.18160 	1.41205e-03	 (1.22788e-09, -1.47911e-31)	-1.86175e-09
0.18165 	1.41006e-03	 (1.22610e-09, -1.97215e-31)	-1.85600e-09
0.18170 	1.40818e-03	 (1.22441e-09, 1.23260e-30)	-1.85040e-09
0.18175 	1.40639e-03	 (1.22281e-09, 1.25725e-30)	-1.84494e-09
0.18180 	1.40470e-03	 (1.22129e-09, -8.13513e-31)	-1.83962e-09
0.18185 	1.40311e-03	 (1.21986e-09, -2.34193e-30)	-1.83444e-09
0.18190 	1.40162e-03	 (1.21851e-09, -1.94750e-30)	-1.82940e-09
0.18195 	1.40023e-03	 (1.21725e-09, 2.02146e-30)	-1.82450e-09
0.18200 	1.39893e-03	 (1.21607e-09, -1.47911e-31)	-1.81973e-09
0.18205 	1.39773e-03	 (1.21498e-09, -3.08149e-30)	-1.81511e-09
0.18210 	1.39662e-03	 (1.21397e-09, 2.78567e-30)	-1.81061e-09
0.18215 	1.39562e-03	 (1.21304e-09, -2.48984e-30)	-1.80625e-09
0.18220 	1.39470e-03	 (1.21219e-09, 1.23260e-31)	-1.80203e-09
0.18225 	1.39389e-03	 (1.21143e-09, 7.64209e-31)	-1.79793e-09
0.18230 	1.39316e-03	 (1.21075e-09, 8.62817e-31)	-1.79397e-09
0.18235 	1.39254e-03	 (1.21015e-09, -3.57453e-30)	-1.79013e-09
0.18240 	1.39201e-03	 (1.20964e-09, 2.46519e-31)	-1.78642e-09
0.18245 	1.39157e-03	 (1.20920e-09, 6.40949e-31)	-1.78285e-09
0.18250 	1.39123e-03	 (1.20885e-09, 3.00753e-30)	-1.77940e-09
0.18255 	1.39098e-03	 (1.20858e-09, -3.67313e-30)	-1.77607e-09
0.18260 	1.39082e-03	 (1.20839e-09, -4.93038e-32)	-1.77288e-09
0.18265 	1.39077e-03	 (1.20829e-09, 1.97215e-31)	-1.76980e-09
0.18270 	1.39080e-03	 (1.20826e-09, 6.40949e-31)	-1.76686e-09
0.18275 	1.39093e-03	 (1.20832e-09, -1.92285e-30)	-1.76403e-09
0.18280 	1.39116e-03	 (1.20846e-09, 1.28190e-30)	-1.76134e-09
0.18285 	1.39148e-03	 (1.20868e-09, -2.68706e-30)	-1.75876e-09
0.18290 	1.39189e-03	 (1.20898e-09, 8.87469e-31)	-1.75631e-09
0.18295 	1.39240e-03	 (1.20937e-09, -1.45446e-30)	-1.75398e-09
0.18300 	1.39301e-03	 (1.20983e-09, -2.78567e-30)	-1.75177e-09
0.18305 	1.39371e-03	 (1.21038e-09, -2.58845e-30)	-1.74968e-09
0.18310 	1.39451e-03	 (1.21101e-09, -1.67633e-30)	-1.74771e-09
0.18315 	1.39540e-03	 (1.21173e-09, 2.53915e-30)	-1.74587e-09
0.18320 	1.39639e-03	 (1.21253e-09, -4.93038e-31)	-1.74414e-09
0.18325 	1.39748e-03	 (1.21341e-09, -1.01073e-30)	-1.74254e-09
0.18330 	1.39866e-03	 (1.21437e-09, -3.54987e-30)	-1.74105e-09
0.18335 	1.39994e-03	 (1.21542e-09, 2.71171e-31)	-1.73969e-09
0.18340 	1.40132e-03	 (1.21655e-09, -1.84889e-30)	-1.73844e-09
0.18345 	1.40279e-03	 (1.21777e-09, 4.68386e-31)	-1.73732e-09
0.18350 	1.40437e-03	 (1.21907e-09, 1.03538e-30)	-1.73631e-09
0.18355 	1.40604e-03	 (1.22045e-09, -1.47911e-30)	-1.73542e-09
0.18360 	1.40781e-03	 (1.22192e-09, -2.41589e-30)	-1.73466e-09
0.18365 	1.40969e-03	 (1.22348e-09, -5.44807e-30)	-1.73401e-09
0.18370 	1.41166e-03	 (1.22512e-09, -3.62383e-30)	-1.73348e-09
0.18375 	1.41374e-03	 (1.22686e-09, -1.75029e-30)	-1.73307e-09
0.18380 	1.41592e-03	 (1.22867e-09, 3.40196e-30)	-1.73279e-09
0.18385 	1.41820e-03	 (1.23058e-09, 1.47911e-31)	-1.73262e-09
0.18390 	1.42059e-03	 (1.23257e-09, 1.30655e-30)	-1.73257e-09
0.18395 	1.42308e-03	 (1.23466e-09, -1.79959e-30)	-1.73265e-09
0.18400 	1.42567e-03	 (1.23683e-09, 5.62063e-30)	-1.73284e-09
0.18405 	1.42837e-03	 (1.23910e-09, -1.18329e-30)	-1.73315e-09
0.18410 	1.43118e-03	 (1.24145e-09, 3.25405e-30)	-1.73359e-09
0.18415 	1.43410e-03	 (1.24390e-09, -4.73317e-30)	-1.73415e-09
0.18420 	1.43712e-03	 (1.24644e-09, -3.25405e-30)	-1.73483e-09
0.18425 	1.44026e-03	 (1.24907e-09, 1.52842e-30)	-1.73563e-09
0.18430 	1.44350e-03	 (1.25180e-09, -2.46519e-30)	-1.73656e-09
0.18435 	1.44686e-03	 (1.25462e-09, 1.42981e-30)	-1.73761e-09
0.18440 	1.45033e-03	 (1.25754e-09, 4.43734e-31)	-1.73879e-09
0.18445 	1.45391e-03	 (1.26055e-09, 1.97215e-31)	-1.74009e-09
0.18450 	1.45761e-03	 (1.26367e-09, -2.66241e-30)	-1.74151e-09
0.18455 	1.46143e-03	 (1.26688e-09, -3.45127e-31)	-1.74306e-09
0.18460 	1.46536e-03	 (1.27019e-09, -1.97215e-30)	-1.74474e-09
0.18465 	1.46942e-03	 (1.27360e-09, 4.09222e-30)	-1.74655e-09
0.18470 	1.47359e-03	 (1.27712e-09, 4.83177e-30)	-1.74849e-09
0.18475 	1.47789e-03	 (1.28073e-09, -4.93038e-31)	-1.75055e-09
0.18480 	1.48231e-03	 (1.28445e-09, -8.38165e-31)	-1.75275e-09
0.18485 	1.48685e-03	 (1.28828e-09, 9.86076e-32)	-1.75507e-09
0.18490 	1.49152e-03	 (1.29221e-09, 1.47911e-31)	-1.75753e-09
0.18495 	1.49632e-03	 (1.29625e-09, -2.61310e-30)	-1.76012e-09
0.18500 	1.50125e-03	 (1.30040e-09, -3.50057e-30)	-1.76285e-09
0.18505 	1.50631e-03	 (1.30466e-09, -4.78247e-30)	-1.76571e-09
0.18510 	1.51150e-03	 (1.30903e-09, 1.62703e-30)	-1.76871e-09
0.18515 	1.51683e-03	 (1.31352e-09, 1.87354e-30)	-1.77185e-09
0.18520 	1.52229e-03	 (1.31811e-09, -2.16937e-30)	-1.77513e-09
0.18525 	1.52790e-03	 (1.32283e-09, 2.61310e-30)	-1.77854e-09
0.18530 	1.53364e-03	 (1.32766e-09, 4.24013e-30)	-1.78210e-09
0.18535 	1.53953e-03	 (1.33262e-09, 3.10614e-30)	-1.78581e-09
0.18540 	1.54557e-03	 (1.33769e-09, 4.43734e-31)	-1.78965e-09
0.18545 	1.55175e-03	 (1.34289e-09, 2.95823e-31)	-1.79365e-09
0.18550 	1.55808e-03	 (1.34821e-09, -3.54987e-30)	-1.79779e-09
0.18555 	1.56456e-03	 (1.35366e-09, -2.21867e-30)	-1.80208e-09
0.18560 	1.57120e-03	 (1.35923e-09, -1.97215e-30)	-1.80652e-09
0.18565 	1.57799e-03	 (1.36494e-09, 4.09222e-30)	-1.81112e-09
0.18570 	1.58494e-03	 (1.37078e-09, -6.80393e-30)	-1.81587e-09
0.18575 	1.59206e-03	 (1.37675e-09, -2.02146e-30)	-1.82078e-09
0.18580 	1.59934e-03	 (1.38286e-09, -3.05684e-30)	-1.82585e-09
0.18585 	1.60679e-03	 (1.38911e-09, -2.81032e-30)	-1.83108e-09
0.18590 	1.61441e-03	 (1.39550e-09, 2.85962e-30)	-1.83647e-09
0.18595 	1.62220e-03	 (1.40203e-09, -2.51449e-30)	-1.84203e-09
0.18600 	1.63017e-03	 (1.40871e-09, 1.28190e-30)	-1.84775e-09
0.18605 	1.63832e-03	 (1.41553e-09, 3.99361e-30)	-1.85365e-09
0.18610 	1.64665e-03	 (1.42251e-09, -3.94430e-30)	-1.85972e-09
0.18615 	1.65517e-03	 (1.42964e-09, 4.63456e-30)	-1.86596e-09
0.18620 	1.66388e-03	 (1.43692e-09, 4.97968e-30)	-1.87238e-09
0.18625 	1.67278e-03	 (1.44437e-09, 7.39557e-31)	-1.87898e-09
0.18630 	1.68188e-03	 (1.45197e-09, -4.09222e-30)	-1.88576e-09
0.18635 	1.69118e-03	 (1.45974e-09, -5.71924e-30)	-1.89273e-09
0.18640 	1.70069e-03	 (1.46768e-09, 3.30336e-30)	-1.89989e-09
0.18645 	1.71041e-03	 (1.47579e-09, 4.63456e-30)	-1.90724e-09
0.18650 	1.72034e-03	 (1.48407e-09, 9.81146e-30)	-1.91479e-09
0.18655 	1.73048e-03	 (1.49253e-09, -4.68386e-30)	-1.92253e-09
0.18660 	1.74085e-03	 (1.50117e-09, -8.67747e-30)	-1.93047e-09
0.18665 	1.75145e-03	 (1.51000e-09, 4.68386e-30)	-1.93862e-09
0.18670 	1.76228e-03	 (1.51901e-09, 2.71171e-30)	-1.94698e-09
0.18675 	1.77334e-03	 (1.52821e-09, -3.94430e-30)	-1.95555e-09
0.18680 	1.78465e-03	 (1.53761e-09, 5.07829e-30)	-1.96434e-09
0.18685 	1.79620e-03	 (1.54721e-09, 2.66241e-30)	-1.97334e-09
0.18690 	1.80801e-03	 (1.55702e-09, -9.86076e-31)	-1.98258e-09
0.18695 	1.82007e-03	 (1.56703e-09, 3.50057e-30)	-1.99203e-09
0.18700 	1.83240e-03	 (1.57725e-09, -6.40949e-31)	-2.00173e-09
0.18705 	1.84500e-03	 (1.58769e-09, 3.50057e-30)	-2.01165e-09
0.18710 	1.85787e-03	 (1.59835e-09, 9.36772e-31)	-2.02182e-09
0.18715 	1.87103e-03	 (1.60923e-09, -4.53595e-30)	-2.03224e-09
0.18720 	1.88447e-03	 (1.62035e-09, 9.31842e-30)	-2.04291e-09
0.18725 	1.89821e-03	 (1.63170e-09, 7.39557e-31)	-2.05383e-09
0.18730 	1.91225e-03	 (1.64330e-09, 1.05017e-29)	-2.06502e-09
0.18735 	1.92661e-03	 (1.65514e-09, 6.90253e-31)	-2.07647e-09
0.18740 	1.94128e-03	 (1.66723e-09, -7.79000e-30)	-2.08820e-09
0.18745 	1.95627e-03	 (1.67959e-09, -2.36658e-30)	-2.10020e-09
0.18750 	1.97160e-03	 (1.69220e-09, 1.42981e-30)	-2.11249e-09
0.18755 	1.98727e-03	 (1.70509e-09, -5.07829e-30)	-2.12507e-09
0.18760 	2.00329e-03	 (1.71825e-09, -2.95823e-31)	-2.13795e-09
0.18765 	2.01967e-03	 (1.73170e-09, -3.94430e-31)	-2.15113e-09
0.18770 	2.03641e-03	 (1.74544e-09, 1.82424e-30)	-2.16462e-09
0.18775 	2.05354e-03	 (1.75947e-09, 8.87469e-31)	-2.17843e-09
0.18780 	2.07105e-03	 (1.77381e-09, 5.42342e-31)	-2.19257e-09
0.18785 	2.08896e-03	 (1.78847e-09, -7.29696e-30)	-2.20704e-09
0.18790 	2.10728e-03	 (1.80344e-09, 3.40196e-30)	-2.22185e-09
0.18795 	2.12602e-03	 (1.81874e-09, 9.86076e-32)	-2.23700e-09
0.18800 	2.14519e-03	 (1.83438e-09, -3.10614e-30)	-2.25252e-09
0.18805 	2.16480e-03	 (1.85036e-09, 1.52842e-30)	-2.26840e-09
0.18810 	2.18487e-03	 (1.86670e-09, -9.36772e-31)	-2.28466e-09
0.18815 	2.20541e-03	 (1.88340e-09, -4.09222e-30)	-2.30130e-09
0.18820 	2.22642e-03	 (1.90047e-09, -1.75522e-29)	-2.31833e-09
0.18825 	2.24794e-03	 (1.91793e-09, 5.52203e-30)	-2.33577e-09
0.18830 	2.26996e-03	 (1.93578e-09, -5.52203e-30)	-2.35363e-09
0.18835 	2.29250e-03	 (1.95403e-09, 7.88861e-31)	-2.37191e-09
0.18840 	2.31559e-03	 (1.97271e-09, 9.86076e-31)	-2.39062e-09
0.18845 	2.33923e-03	 (1.99180e-09, -4.53595e-30)	-2.40979e-09
0.18850 	2.36344e-03	 (2.01134e-09, -1.67633e-30)	-2.42941e-09
0.18855 	2.38825e-03	 (2.03133e-09, 3.50057e-30)	-2.44951e-09
0.18860 	2.41366e-03	 (2.05178e-09, -2.46519e-31)	-2.47010e-09
0.18865 	2.43969e-03	 (2.07271e-09, 1.12413e-29)	-2.49118e-09
0.18870 	2.46637e-03	 (2.09414e-09, 6.85323e-30)	-2.51278e-09
0.18875 	2.49372e-03	 (2.11607e-09, -1.13399e-30)	-2.53491e-09
0.18880 	2.52176e-03	 (2.13852e-09, 1.34106e-29)	-2.55758e-09
0.18885 	2.55050e-03	 (2.16150e-09, 1.94257e-29)	-2.58081e-09
0.18890 	2.57998e-03	 (2.18505e-09, 7.00114e-30)	-2.60462e-09
0.18895 	2.61022e-03	 (2.20916e-09, -4.93038e-32)	-2.62902e-09
0.18900 	2.64123e-03	 (2.23386e-09, 1.10441e-29)	-2.65403e-09
0.18905 	2.67305e-03	 (2.25916e-09, 7.29696e-30)	-2.67967e-09
0.18910 	2.70571e-03	 (2.28509e-09, -5.32481e-30)	-2.70596e-09
0.18915 	2.73923e-03	 (2.31167e-09, 1.97215e-31)	-2.73292e-09
0.18920 	2.77365e-03	 (2.33891e-09, 1.81931e-29)	-2.76056e-09
0.18925 	2.80899e-03	 (2.36684e-09, -4.14152e-30)	-2.78892e-09
0.18930 	2.84528e-03	 (2.39549e-09, 8.23374e-30)	-2.81802e-09
0.18935 	2.88257e-03	 (2.42486e-09, 1.14385e-29)	-2.84787e-09
0.18940 	2.92088e-03	 (2.45500e-09, 1.67633e-30)	-2.87851e-09
0.18945 	2.96026e-03	 (2.48592e-09, -6.11367e-30)	-2.90996e-09
0.18950 	3.00074e-03	 (2.51765e-09, 4.24013e-30)	-2.94224e-09
0.18955 	3.04236e-03	 (2.55022e-09, -2.76101e-30)	-2.97539e-09
0.18960 	3.08517e-03	 (2.58365e-09, 2.76101e-30)	-3.00943e-09
0.18965 	3.12921e-03	 (2.61799e-09, -3.16530e-29)	-3.04440e-09
0.18970 	3.17453e-03	 (2.65326e-09, -5.22620e-30)	-3.08033e-09
0.18975 	3.22118e-03	 (2.68950e-09, 3.94430e-30)	-3.11725e-09
0.18980 	3.26921e-03	 (2.72673e-09, 1.33120e-29)	-3.15519e-09
0.18985 	3.31867e-03	 (2.76501e-09, -7.09975e-30)	-3.19420e-09
0.18990 	3.36963e-03	 (2.80436e-09, -3.25405e-30)	-3.23432e-09
0.18995 	3.42214e-03	 (2.84483e-09, -1.57772e-29)	-3.27558e-09
0.19000 	3.47626e-03	 (2.88645e-09, 4.53595e-30)	-3.31803e-09
0.19005 	3.53207e-03	 (2.92929e-09, 9.95937e-30)	-3.36171e-09
0.19010 	3.58964e-03	 (2.97337e-09, -1.11427e-29)	-3.40668e-09
0.19015 	3.64904e-03	 (3.01876e-09, -5.91646e-30)	-3.45297e-09
0.19020 	3.71034e-03	 (3.06550e-09, 8.67747e-30)	-3.50065e-09
0.19025 	3.77364e-03	 (3.11364e-09, -5.42342e-30)	-3.54977e-09
0.19030 	3.83902e-03	 (3.16326e-09, 2.82018e-29)	-3.60039e-09
0.19035 	3.90657e-03	 (3.21440e-09, 2.16937e-29)	-3.65256e-09
0.19040 	3.97639e-03	 (3.26713e-09, 9.56494e-30)	-3.70636e-09
0.19045 	4.04858e-03	 (3.32152e-09, -8.18443e-30)	-3.76184e-09
0.19050 	4.12326e-03	 (3.37764e-09, -7.88861e-30)	-3.81910e-09
0.19055 	4.20054e-03	 (3.43557e-09, -1.50870e-29)	-3.87819e-09
0.19060 	4.28055e-03	 (3.49538e-09, -2.12992e-29)	-3.93920e-09
0.19065 	4.36341e-03	 (3.55717e-09, 6.87295e-29)	-4.00222e-09
0.19070 	4.44927e-03	 (3.62101e-09, -4.83177e-30)	-4.06733e-09
0.19075 	4.53828e-03	 (3.68701e-09, -8.97329e-30)	-4.13463e-09
0.19080 	4.63058e-03	 (3.75527e-09, 2.62296e-29)	-4.20423e-09
0.19085 	4.72636e-03	 (3.82589e-09, 1.97215e-29)	-4.27622e-09
0.19090 	4.82579e-03	 (3.89898e-09, -1.22273e-29)	-4.35073e-09
0.19095 	4.92907e-03	 (3.97467e-09, 1.52842e-29)	-4.42787e-09
0.19100 	5.03639e-03	 (4.05308e-09, -1.23260e-29)	-4.50777e-09
0.19105 	5.14797e-03	 (4.13436e-09, -5.91646e-31)	-4.59058e-09
0.19110 	5.26405e-03	 (4.21864e-09, -2.66241e-30)	-4.67643e-09
0.19115 	5.38488e-03	 (4.30608e-09, -4.98955e-29)	-4.76549e-09
0.19120 	5.51073e-03	 (4.39685e-09, -4.97968e-29)	-4.85791e-09
0.19125 	5.64187e-03	 (4.49112e-09, 1.52842e-29)	-4.95388e-09
0.19130 	5.77863e-03	 (4.58908e-09, 3.94430e-30)	-5.05359e-09
0.19135 	5.92134e-03	 (4.69094e-09, 1.47911e-29)	-5.15723e-09
0.19140 	6.07034e-03	 (4.79691e-09, 3.88514e-29)	-5.26504e-09
0.19145 	6.22603e-03	 (4.90723e-09, 1.57772e-30)	-5.37723e-09
0.19150 	6.38881e-03	 (5.02214e-09, 1.49884e-29)	-5.49407e-09
0.19155 	6.55915e-03	 (5.14192e-09, 2.56380e-30)	-5.61582e-09
0.19160 	6.73751e-03	 (5.26685e-09, -3.78653e-29)	-5.74278e-09
0.19165 	6.92444e-03	 (5.39725e-09, -3.43154e-29)	-5.87526e-09
0.19170 	7.12048e-03	 (5.53346e-09, 4.45706e-29)	-6.01359e-09
0.19175 	7.32627e-03	 (5.67584e-09, 5.50230e-29)	-6.15814e-09
0.19180 	7.54247e-03	 (5.82478e-09, 4.33873e-30)	-6.30931e-09
0.19185 	7.76981e-03	 (5.98071e-09, 5.71924e-29)	-6.46752e-09
0.19190 	8.00910e-03	 (6.14411e-09, -3.39210e-29)	-6.63325e-09
0.19195 	8.26119e-03	 (6.31546e-09, -7.35613e-29)	-6.80700e-09
0.19200 	8.52704e-03	 (6.49533e-09, -1.20301e-29)	-6.98931e-09
0.19205 	8.80770e-03	 (6.68431e-09, -9.70299e-29)	-7.18080e-09
0.19210 	9.10431e-03	 (6.88307e-09, 3.74709e-29)	-7.38211e-09
0.19215 	9.41812e-03	 (7.09231e-09, -8.42109e-29)	-7.59397e-09
0.19220 	9.75052e-03	 (7.31282e-09, -2.80046e-29)	-7.81715e-09
0.19225 	1.01030e-02	 (7.54547e-09, -8.42109e-29)	-8.05254e-09
0.19230 	1.04774e-02	 (7.79121e-09, 3.72737e-29)	-8.30107e-09
0.19235 	1.08754e-02	 (8.05109e-09, -2.72157e-29)	-8.56380e-09
0.19240 	1.12992e-02	 (8.32626e-09, 7.65195e-29)	-8.84188e-09
0.19245 	1.17511e-02	 (8.61803e-09, 1.59744e-29)	-9.13661e-09
0.19250 	1.22337e-02	 (8.92780e-09, 5.64036e-29)	-9.44940e-09
0.19255 	1.27498e-02	 (9.25718e-09, -4.14152e-29)	-9.78185e-09
0.19260 	1.33028e-02	 (9.60793e-09, -7.13919e-29)	-1.01357e-08
0.19265 	1.38963e-02	 (9.98204e-09, -4.85149e-29)	-1.05130e-08
0.19270 	1.45343e-02	 (1.03817e-08, 8.79580e-29)	-1.09159e-08
0.19275 	1.52217e-02	 (1.08095e-08, 6.42922e-29)	-1.13470e-08
0.19280 	1.59636e-02	 (1.12682e-08, 1.55800e-28)	-1.18090e-08
0.19285 	1.67660e-02	 (1.17611e-08, -7.88861e-30)	-1.23051e-08
0.19290 	1.76360e-02	 (1.22917e-08, 1.58167e-28)	-1.28391e-08
0.19295 	1.85814e-02	 (1.28643e-08, 6.03479e-29)	-1.34149e-08
0.19300 	1.96113e-02	 (1.34836e-08, 7.61251e-29)	-1.40375e-08
0.19305 	2.07362e-02	 (1.41550e-08, 9.46633e-30)	-1.47122e-08
0.19310 	2.19683e-02	 (1.48850e-08, 4.35057e-28)	-1.54454e-08
0.19315 	2.33220e-02	 (1.56809e-08, -2.40603e-28)	-1.62444e-08
0.19320 	2.48139e-02	 (1.65511e-08, -9.46633e-29)	-1.71176e-08
0.19325 	2.64638e-02	 (1.75059e-08, -2.28770e-29)	-1.80751e-08
0.19330 	2.82952e-02	 (1.85569e-08, 3.94430e-30)	-1.91287e-08
0.19335 	3.03357e-02	 (1.97183e-08, 3.28955e-28)	-2.02923e-08
0.19340 	3.26191e-02	 (2.10068e-08, 2.95823e-28)	-2.15826e-08
0.19345 	3.51857e-02	 (2.24425e-08, -1.34106e-28)	-2.30196e-08
0.19350 	3.80848e-02	 (2.40498e-08, 6.25567e-28)	-2.46276e-08
0.19355 	4.13771e-02	 (2.58585e-08, 2.25614e-28)	-2.64360e-08
0.19360 	4.51375e-02	 (2.79053e-08, 5.56147e-28)	-2.84814e-08
0.19365 	4.94599e-02	 (3.02356e-08, 8.36193e-29)	-3.08089e-08
0.19370 	5.44629e-02	 (3.29069e-08, -6.53177e-28)	-3.34754e-08
0.19375 	6.02983e-02	 (3.59917e-08, -2.72157e-28)	-3.65531e-08
0.19380 	6.71625e-02	 (3.95840e-08, -7.00508e-28)	-4.01351e-08
0.19385 	7.53138e-02	 (4.38060e-08, -5.38003e-28)	-4.43425e-08
0.19390 	8.50968e-02	 (4.88201e-08, 5.71135e-28)	-4.93364e-08
0.19395 	9.69800e-02	 (5.48454e-08, 9.02457e-28)	-5.53339e-08
0.19400 	1.11613e-01	 (6.21839e-08, 1.81754e-27)	-6.26342e-08
0.19405 	1.29917e-01	 (7.12616e-08, -1.58877e-27)	-7.16590e-08
0.19410 	1.53235e-01	 (8.26948e-08, 2.45178e-27)	-8.30187e-08
0.19415 	1.83586e-01	 (9.74041e-08, -3.37632e-28)	-9.76241e-08
0.19420 	2.24115e-01	 (1.16815e-07, 2.35081e-27)	-1.16885e-07
0.19425 	2.79953e-01	 (1.43237e-07, -2.60640e-27)	-1.43087e-07
0.19430 	3.59910e-01	 (1.80612e-07, 3.36370e-27)	-1.80125e-07
0.19435 	4.80197e-01	 (2.36139e-07, -4.91618e-27)	-2.35113e-07
0.19440 	6.73334e-01	 (3.24168e-07, -1.06023e-27)	-3.22226e-07
0.19445 	1.01270e+00	 (4.76856e-07, 3.37632e-26)	-4.73218e-07
0.19450 	1.69414e+00	 (7.79437e-07, -2.47639e-26)	-7.72212e-07
0.19455 	3.39785e+00	 (1.52585e-06, 5.75553e-27)	-1.50921e-06
0.19460 	9.98706e+00	 (4.37355e-06, 9.85104e-25)	-4.31871e-06
0.19465 	1.22928e+02	 (5.25508e-05, -4.21862e-23)	-5.18062e-05
0.19470 	5.40223e+01	 (2.22917e-05, -1.58974e-24)	-2.19395e-05
0.19475 	7.62017e+00	 (3.05860e-06, -2.46781e-25)	-3.00531e-06
0.19480 	2.88999e+00	 (1.12488e-06, -2.36027e-25)	-1.10346e-06
0.19485 	1.50980e+00	 (5.68817e-07, -2.08512e-26)	-5.57062e-07
0.19490 	9.26480e-01	 (3.37250e-07, 1.23315e-26)	-3.29735e-07
0.19495 	6.26605e-01	 (2.19967e-07, -8.89835e-27)	-2.14710e-07
0.19500 	4.52392e-01	 (1.52851e-07, 7.82550e-27)	-1.48951e-07
0.19505 	3.42328e-01	 (1.11088e-07, 3.49623e-27)	-1.08076e-07
0.19510 	2.68404e-01	 (8.34668e-08, -1.14227e-27)	-8.10691e-08
0.19515 	2.16386e-01	 (6.43289e-08, -1.52092e-27)	-6.23778e-08
0.19520 	1.78414e-01	 (5.05754e-08, 3.77076e-28)	-4.89604e-08
0.19525 	1.49863e-01	 (4.03957e-08, -4.18096e-28)	-3.90412e-08
0.19530 	1.27867e-01	 (3.26764e-08, 1.00028e-27)	-3.15286e-08
0.19535 	1.10573e-01	 (2.67032e-08, -1.57772e-30)	-2.57226e-08
0.19540 	9.67397e-02	 (2.20012e-08, 1.83805e-28)	-2.11583e-08
0.19545 	8.55105e-02	 (1.82455e-08, 4.49651e-29)	-1.75175e-08
0.19550 	7.62792e-02	 (1.52076e-08, -9.86076e-30)	-1.45767e-08
0.19555 	6.86067e-02	 (1.27235e-08, -5.52203e-29)	-1.21755e-08
0.19560 	6.21687e-02	 (1.06729e-08, -4.89094e-29)	-1.01963e-08
0.19565 	5.67219e-02	 (8.96633e-09, 1.10046e-28)	-8.55182e-09
0.19570 	5.20803e-02	 (7.53597e-09, 1.00580e-29)	-7.17571e-09
0.19575 	4.81003e-02	 (6.32985e-09, -3.11600e-29)	-6.01729e-09
0.19580 	4.46696e-02	 (5.30759e-09, -2.72157e-29)	-5.03718e-09
0.19585 	4.16992e-02	 (4.43753e-09, -1.55800e-29)	-4.20448e-09
0.19590 	3.91179e-02	 (3.69455e-09, 2.66241e-29)	-3.49474e-09
0.19595 	3.68686e-02	 (3.05859e-09, -2.95823e-30)	-2.88840e-09
0.19600 	3.49046e-02	 (2.51349e-09, -1.75522e-29)	-2.36971e-09
0.19605 	3.31879e-02	 (2.04615e-09, 2.51449e-30)	-1.92591e-09
0.19610 	3.16873e-02	 (1.64589e-09, -3.30336e-30)	-1.54661e-09
0.19615 	3.03769e-02	 (1.30397e-09, -1.52842e-30)	-1.22329e-09
0.19620 	2.92353e-02	 (1.01320e-09, 2.51449e-30)	-9.48942e-10
0.19625 	2.82446e-02	 (7.67682e-10, -1.40516e-30)	-7.17808e-10
0.19630 	2.73901e-02	 (5.62556e-10, 6.90253e-31)	-5.25139e-10
0.19635 	2.66595e-02	 (3.93836e-10, -2.46519e-32)	-3.67033e-10
0.19640 	2.60425e-02	 (2.58268e-10, 3.94430e-31)	-2.40294e-10
0.19645 	2.55308e-02	 (1.53228e-10, -2.95823e-31)	-1.42328e-10
0.19650 	2.51176e-02	 (7.66278e-11, -4.93038e-32)	-7.10595e-11
0.19655 	2.47976e-02	 (2.68580e-11, -2.46519e-31)	-2.48652e-11
0.19660 	2.45664e-02	 (2.73269e-12, -1.47911e-31)	-2.52575e-12
0.19665 	2.44212e-02	 (3.45422e-12, -1.47911e-31)	-3.18736e-12
0.19670 	2.43598e-02	 (2.85876e-11, -2.46519e-31)	-2.63355e-11
0.19675 	2.43812e-02	 (7.80450e-11, 9.86076e-32)	-7.17778e-11
0.19680 	2.44854e-02	 (1.52079e-10, 1.28190e-30)	-1.39636e-10
0.19685 	2.46734e-02	 (2.51288e-10, -1.97215e-31)	-2.30345e-10
0.19690 	2.49469e-02	 (3.76622e-10, -3.35266e-30)	-3.44664e-10
0.19695 	2.53089e-02	 (5.29411e-10, -2.16937e-30)	-4.83688e-10
0.19700 	2.57633e-02	 (7.11394e-10, -2.76101e-30)	-6.48879e-10
0.19705 	2.63153e-02	 (9.24757e-10, -5.91646e-31)	-8.42099e-10
0.19710 	2.69715e-02	 (1.17220e-09, 2.16937e-30)	-1.06566e-09
0.19715 	2.77398e-02	 (1.45700e-09, -2.56380e-30)	-1.32238e-09
0.19720 	2.86298e-02	 (1.78310e-09, 1.22273e-29)	-1.61568e-09
0.19725 	2.96532e-02	 (2.15525e-09, 1.57772e-30)	-1.94967e-09
0.19730 	3.08240e-02	 (2.57912e-09, 8.67747e-30)	-2.32925e-09
0.19735 	3.21589e-02	 (3.06151e-09, -1.02552e-29)	-2.76033e-09
0.19740 	3.36778e-02	 (3.61055e-09, -2.16937e-30)	-3.24998e-09
0.19745 	3.54048e-02	 (4.23604e-09, 3.90486e-29)	-3.80670e-09
0.19750 	3.73686e-02	 (4.94980e-09, 4.53595e-29)	-4.44077e-09
0.19755 	3.96042e-02	 (5.76616e-09, 2.95823e-29)	-5.16462e-09
0.19760 	4.21538e-02	 (6.70258e-09, -1.60139e-28)	-5.99343e-09
0.19765 	4.50689e-02	 (7.78051e-09, 3.19489e-29)	-6.94581e-09
0.19770 	4.84131e-02	 (9.02642e-09, 4.25985e-29)	-8.04474e-09
0.19775 	5.22650e-02	 (1.04733e-08, 8.67747e-29)	-9.31886e-09
0.19780 	5.67228e-02	 (1.21627e-08, 1.64872e-28)	-1.08041e-08
0.19785 	6.19108e-02	 (1.41472e-08, -1.64872e-28)	-1.25462e-08
0.19790 	6.79871e-02	 (1.64945e-08, -1.23062e-28)	-1.46037e-08
0.19795 	7.51565e-02	 (1.92924e-08, -1.30162e-28)	-1.70526e-08
0.19800 	8.36867e-02	 (2.26566e-08, 1.64083e-28)	-1.99931e-08
0.19805 	9.39339e-02	 (2.67418e-08, 1.46728e-28)	-2.35591e-08
0.19810 	1.06380e-01	 (3.17587e-08, 2.52435e-28)	-2.79326e-08
0.19815 	1.21689e-01	 (3.79994e-08, 1.39786e-27)	-3.33662e-08
0.19820 	1.40797e-01	 (4.58781e-08, 6.31089e-29)	-4.02177e-08
0.19825 	1.65059e-01	 (5.59975e-08, 2.12992e-28)	-4.90075e-08
0.19830 	1.96492e-01	 (6.92611e-08, 5.99534e-29)	-6.05152e-08
0.19835 	2.38208e-01	 (8.70703e-08, -3.97586e-28)	-7.59498e-08
0.19840 	2.95212e-01	 (1.11693e-07, 1.26849e-27)	-9.72667e-08
0.19845 	3.75972e-01	 (1.46989e-07, 1.59034e-27)	-1.27792e-07
0.19850 	4.95753e-01	 (1.99957e-07, -4.46811e-27)	-1.73556e-07
0.19855 	6.84381e-01	 (2.84356e-07, 4.51860e-27)	-2.46402e-07
0.19860 	1.00677e+00	 (4.30308e-07, -1.93870e-26)	-3.72257e-07
0.19865 	1.62723e+00	 (7.14525e-07, -6.68449e-26)	-6.17110e-07
0.19870 	3.06915e+00	 (1.38290e-06, -1.11879e-25)	-1.19239e-06
0.19875 	7.82861e+00	 (3.61604e-06, -2.84343e-25)	-3.11273e-06
0.19880 	4.83466e+01	 (2.28904e-05, 6.72084e-25)	-1.96718e-05
0.19885 	2.05306e+02	 (9.85531e-05, -4.38406e-23)	-8.45554e-05
0.19890 	1.24490e+01	 (6.13333e-06, 9.25731e-25)	-5.25350e-06
0.19895 	4.04983e+00	 (2.03744e-06, -3.38869e-25)	-1.74228e-06
0.19900 	1.98262e+00	 (1.01725e-06, 4.60442e-26)	-8.68448e-07
0.19905 	1.17329e+00	 (6.13372e-07, -3.63507e-27)	-5.22782e-07
0.19910 	7.75094e-01	 (4.12510e-07, -1.76200e-26)	-3.51004e-07
0.19915 	5.50253e-01	 (2.97896e-07, -2.22143e-27)	-2.53061e-07
0.19920 	4.10992e-01	 (2.26174e-07, -5.93223e-27)	-1.91815e-07
0.19925 	3.18802e-01	 (1.78212e-07, 6.29827e-27)	-1.50889e-07
0.19930 	2.54628e-01	 (1.44492e-07, 1.09809e-27)	-1.22137e-07
0.19935 	2.08165e-01	 (1.19840e-07, 1.99424e-27)	-1.01131e-07
0.19940 	1.73445e-01	 (1.01241e-07, -1.19907e-27)	-8.52946e-08
0.19945 	1.46817e-01	 (8.68423e-08, 1.08547e-27)	-7.30430e-08
0.19950 	1.25947e-01	 (7.54526e-08, -2.91563e-27)	-6.33581e-08
0.19955 	1.09285e-01	 (6.62766e-08, 3.97586e-28)	-5.55610e-08
0.19960 	9.57704e-02	 (5.87672e-08, 1.19907e-28)	-4.91843e-08
0.19965 	8.46558e-02	 (5.25375e-08, 7.16286e-28)	-4.38976e-08
0.19970 	7.54039e-02	 (4.73072e-08, -7.88861e-28)	-3.94621e-08
0.19975 	6.76198e-02	 (4.28695e-08, 6.46866e-28)	-3.57012e-08
0.19980 	6.10078e-02	 (3.90689e-08, -5.11182e-28)	-3.24823e-08
0.19985 	5.53433e-02	 (3.57865e-08, -1.97215e-28)	-2.97040e-08
0.19990 	5.04530e-02	 (3.29301e-08, -3.97586e-28)	-2.72880e-08
0.19995 	4.62014e-02	 (3.04274e-08, 3.15544e-30)	-2.51724e-08
0.20000 	4.24815e-02	 (2.82210e-08, 6.68954e-28)	-2.33084e-08
