0.000 0.00000e+00
0.001 -1.63955e-13
0.002 -3.27955e-13
0.003 -4.92045e-13
0.004 -6.56270e-13
0.005 -8.20676e-13
0.006 -9.85307e-13
0.007 -1.15021e-12
0.008 -1.31543e-12
0.009 -1.48101e-12
0.010 -1.64699e-12
0.011 -1.81343e-12
0.012 -1.98037e-12
0.013 -2.14785e-12
0.014 -2.31593e-12
0.015 -2.48464e-12
0.016 -2.65403e-12
0.017 -2.82415e-12
0.018 -2.99505e-12
0.019 -3.16677e-12
0.020 -3.33936e-12
0.021 -3.51286e-12
0.022 -3.68733e-12
0.023 -3.86282e-12
0.024 -4.03937e-12
0.025 -4.21702e-12
0.026 -4.39584e-12
0.027 -4.57586e-12
0.028 -4.75713e-12
0.029 -4.93972e-12
0.030 -5.12366e-12
0.031 -5.30900e-12
0.032 -5.49581e-12
0.033 -5.68412e-12
0.034 -5.87399e-12
0.035 -6.06547e-12
0.036 -6.25862e-12
0.037 -6.45349e-12
0.038 -6.65012e-12
0.039 -6.84858e-12
0.040 -7.04892e-12
0.041 -7.25119e-12
0.042 -7.45545e-12
0.043 -7.66175e-12
0.044 -7.87016e-12
0.045 -8.08072e-12
0.046 -8.29349e-12
0.047 -8.50854e-12
0.048 -8.72592e-12
0.049 -8.94569e-12
0.050 -9.16791e-12
0.051 -9.39264e-12
0.052 -9.61994e-12
0.053 -9.84987e-12
0.054 -1.00825e-11
0.055 -1.03179e-11
0.056 -1.05561e-11
0.057 -1.07972e-11
0.058 -1.10413e-11
0.059 -1.12883e-11
0.060 -1.15385e-11
0.061 -1.17918e-11
0.062 -1.20483e-11
0.063 -1.23082e-11
0.064 -1.25714e-11
0.065 -1.28380e-11
0.066 -1.31081e-11
0.067 -1.33818e-11
0.068 -1.36592e-11
0.069 -1.39403e-11
0.070 -1.42251e-11
0.071 -1.45139e-11
0.072 -1.48066e-11
0.073 -1.51034e-11
0.074 -1.54043e-11
0.075 -1.57094e-11
0.076 -1.60187e-11
0.077 -1.63324e-11
0.078 -1.66506e-11
0.079 -1.69733e-11
0.080 -1.73006e-11
0.081 -1.76326e-11
0.082 -1.79694e-11
0.083 -1.83111e-11
0.084 -1.86578e-11
0.085 -1.90095e-11
0.086 -1.93664e-11
0.087 -1.97286e-11
0.088 -2.00961e-11
0.089 -2.04690e-11
0.090 -2.08476e-11
0.091 -2.12317e-11
0.092 -2.16216e-11
0.093 -2.20174e-11
0.094 -2.24191e-11
0.095 -2.28270e-11
0.096 -2.32409e-11
0.097 -2.36612e-11
0.098 -2.40879e-11
0.099 -2.45210e-11
0.100 -2.49608e-11
