0.000 0.00000e+00
0.001 -5.51390e-12
0.002 -1.10283e-11
0.003 -1.65437e-11
0.004 -2.20606e-11
0.005 -2.75795e-11
0.006 -3.31009e-11
0.007 -3.86253e-11
0.008 -4.41531e-11
0.009 -4.96850e-11
0.010 -5.52213e-11
0.011 -6.07625e-11
0.012 -6.63092e-11
0.013 -7.18618e-11
0.014 -7.74208e-11
0.015 -8.29867e-11
0.016 -8.85598e-11
0.017 -9.41408e-11
0.018 -9.97300e-11
0.019 -1.05328e-10
0.020 -1.10935e-10
0.021 -1.16551e-10
0.022 -1.22178e-10
0.023 -1.27815e-10
0.024 -1.33463e-10
0.025 -1.39122e-10
0.026 -1.44793e-10
0.027 -1.50475e-10
0.028 -1.56170e-10
0.029 -1.61878e-10
0.030 -1.67600e-10
0.031 -1.73334e-10
0.032 -1.79083e-10
0.033 -1.84846e-10
0.034 -1.90623e-10
0.035 -1.96415e-10
0.036 -2.02222e-10
0.037 -2.08045e-10
0.038 -2.13884e-10
0.039 -2.19738e-10
0.040 -2.25609e-10
0.041 -2.31496e-10
0.042 -2.37401e-10
0.043 -2.43322e-10
0.044 -2.49260e-10
0.045 -2.55216e-10
0.046 -2.61189e-10
0.047 -2.67180e-10
0.048 -2.73189e-10
0.049 -2.79216e-10
0.050 -2.85262e-10
0.051 -2.91325e-10
0.052 -2.97407e-10
0.053 -3.03508e-10
0.054 -3.09627e-10
0.055 -3.15765e-10
0.056 -3.21922e-10
0.057 -3.28097e-10
0.058 -3.34291e-10
0.059 -3.40504e-10
0.060 -3.46735e-10
0.061 -3.52986e-10
0.062 -3.59255e-10
0.063 -3.65542e-10
0.064 -3.71848e-10
0.065 -3.78173e-10
0.066 -3.84516e-10
0.067 -3.90877e-10
0.068 -3.97256e-10
0.069 -4.03653e-10
0.070 -4.10068e-10
0.071 -4.16501e-10
0.072 -4.22951e-10
0.073 -4.29418e-10
0.074 -4.35902e-10
0.075 -4.42403e-10
0.076 -4.48920e-10
0.077 -4.55454e-10
0.078 -4.62004e-10
0.079 -4.68569e-10
0.080 -4.75149e-10
0.081 -4.81744e-10
0.082 -4.88354e-10
0.083 -4.94979e-10
0.084 -5.01617e-10
0.085 -5.08269e-10
0.086 -5.14934e-10
0.087 -5.21611e-10
0.088 -5.28301e-10
0.089 -5.35003e-10
0.090 -5.41716e-10
0.091 -5.48440e-10
0.092 -5.55174e-10
0.093 -5.61919e-10
0.094 -5.68673e-10
0.095 -5.75436e-10
0.096 -5.82207e-10
0.097 -5.88987e-10
0.098 -5.95773e-10
0.099 -6.02567e-10
0.100 -6.09367e-10
