0.000 0.00000e+00
0.001 -7.91690e-10
0.002 -1.58345e-09
0.003 -2.37537e-09
0.004 -3.16750e-09
0.005 -3.95994e-09
0.006 -4.75274e-09
0.007 -5.54599e-09
0.008 -6.33975e-09
0.009 -7.13411e-09
0.010 -7.92914e-09
0.011 -8.72490e-09
0.012 -9.52148e-09
0.013 -1.03189e-08
0.014 -1.11174e-08
0.015 -1.19168e-08
0.016 -1.27174e-08
0.017 -1.35191e-08
0.018 -1.43221e-08
0.019 -1.51263e-08
0.020 -1.59320e-08
0.021 -1.67391e-08
0.022 -1.75478e-08
0.023 -1.83581e-08
0.024 -1.91700e-08
0.025 -1.99836e-08
0.026 -2.07991e-08
0.027 -2.16164e-08
0.028 -2.24357e-08
0.029 -2.32569e-08
0.030 -2.40802e-08
0.031 -2.49057e-08
0.032 -2.57334e-08
0.033 -2.65633e-08
0.034 -2.73955e-08
0.035 -2.82302e-08
0.036 -2.90673e-08
0.037 -2.99068e-08
0.038 -3.07490e-08
0.039 -3.15938e-08
0.040 -3.24413e-08
0.041 -3.32916e-08
0.042 -3.41446e-08
0.043 -3.50005e-08
0.044 -3.58594e-08
0.045 -3.67212e-08
0.046 -3.75860e-08
0.047 -3.84540e-08
0.048 -3.93250e-08
0.049 -4.01993e-08
0.050 -4.10768e-08
0.051 -4.19576e-08
0.052 -4.28418e-08
0.053 -4.37293e-08
0.054 -4.46203e-08
0.055 -4.55147e-08
0.056 -4.64127e-08
0.057 -4.73143e-08
0.058 -4.82195e-08
0.059 -4.91284e-08
0.060 -5.00410e-08
0.061 -5.09573e-08
0.062 -5.18774e-08
0.063 -5.28014e-08
0.064 -5.37292e-08
0.065 -5.46610e-08
0.066 -5.55967e-08
0.067 -5.65363e-08
0.068 -5.74800e-08
0.069 -5.84278e-08
0.070 -5.93796e-08
0.071 -6.03356e-08
0.072 -6.12957e-08
0.073 -6.22600e-08
0.074 -6.32285e-08
0.075 -6.42013e-08
0.076 -6.51783e-08
0.077 -6.61596e-08
0.078 -6.71453e-08
0.079 -6.81353e-08
0.080 -6.91297e-08
0.081 -7.01285e-08
0.082 -7.11317e-08
0.083 -7.21394e-08
0.084 -7.31515e-08
0.085 -7.41681e-08
0.086 -7.51893e-08
0.087 -7.62149e-08
0.088 -7.72452e-08
0.089 -7.82799e-08
0.090 -7.93193e-08
0.091 -8.03633e-08
0.092 -8.14118e-08
0.093 -8.24650e-08
0.094 -8.35229e-08
0.095 -8.45854e-08
0.096 -8.56526e-08
0.097 -8.67244e-08
0.098 -8.78010e-08
0.099 -8.88822e-08
0.100 -8.99682e-08
