0.000 0.00000e+00
0.001 -1.92679e-13
0.002 -3.85408e-13
0.003 -5.78238e-13
0.004 -7.71220e-13
0.005 -9.64403e-13
0.006 -1.15784e-12
0.007 -1.35158e-12
0.008 -1.54567e-12
0.009 -1.74017e-12
0.010 -1.93512e-12
0.011 -2.13058e-12
0.012 -2.32660e-12
0.013 -2.52323e-12
0.014 -2.72051e-12
0.015 -2.91851e-12
0.016 -3.11727e-12
0.017 -3.31685e-12
0.018 -3.51729e-12
0.019 -3.71865e-12
0.020 -3.92098e-12
0.021 -4.12434e-12
0.022 -4.32877e-12
0.023 -4.53433e-12
0.024 -4.74108e-12
0.025 -4.94906e-12
0.026 -5.15833e-12
0.027 -5.36894e-12
0.028 -5.58095e-12
0.029 -5.79442e-12
0.030 -6.00939e-12
0.031 -6.22593e-12
0.032 -6.44408e-12
0.033 -6.66390e-12
0.034 -6.88546e-12
0.035 -7.10880e-12
0.036 -7.33399e-12
0.037 -7.56107e-12
0.038 -7.79012e-12
0.039 -8.02118e-12
0.040 -8.25432e-12
0.041 -8.48958e-12
0.042 -8.72705e-12
0.043 -8.96676e-12
0.044 -9.20879e-12
0.045 -9.45319e-12
0.046 -9.70002e-12
0.047 -9.94935e-12
0.048 -1.02012e-11
0.049 -1.04558e-11
0.050 -1.07129e-11
0.051 -1.09729e-11
0.052 -1.12356e-11
0.053 -1.15013e-11
0.054 -1.17698e-11
0.055 -1.20414e-11
0.056 -1.23161e-11
0.057 -1.25938e-11
0.058 -1.28748e-11
0.059 -1.31591e-11
0.060 -1.34467e-11
0.061 -1.37377e-11
0.062 -1.40323e-11
0.063 -1.43303e-11
0.064 -1.46320e-11
0.065 -1.49374e-11
0.066 -1.52466e-11
0.067 -1.55596e-11
0.068 -1.58765e-11
0.069 -1.61974e-11
0.070 -1.65224e-11
0.071 -1.68515e-11
0.072 -1.71848e-11
0.073 -1.75224e-11
0.074 -1.78644e-11
0.075 -1.82109e-11
0.076 -1.85619e-11
0.077 -1.89175e-11
0.078 -1.92778e-11
0.079 -1.96429e-11
0.080 -2.00128e-11
0.081 -2.03876e-11
0.082 -2.07675e-11
0.083 -2.11525e-11
0.084 -2.15427e-11
0.085 -2.19382e-11
0.086 -2.23390e-11
0.087 -2.27453e-11
0.088 -2.31572e-11
0.089 -2.35747e-11
0.090 -2.39979e-11
0.091 -2.44269e-11
0.092 -2.48618e-11
0.093 -2.53027e-11
0.094 -2.57498e-11
0.095 -2.62030e-11
0.096 -2.66624e-11
0.097 -2.71283e-11
0.098 -2.76006e-11
0.099 -2.80796e-11
0.100 -2.85651e-11
