0.000 0.00000e+00
0.001 -2.58493e-11
0.002 -5.17008e-11
0.003 -7.75566e-11
0.004 -1.03419e-10
0.005 -1.29290e-10
0.006 -1.55172e-10
0.007 -1.81066e-10
0.008 -2.06976e-10
0.009 -2.32903e-10
0.010 -2.58849e-10
0.011 -2.84817e-10
0.012 -3.10808e-10
0.013 -3.36824e-10
0.014 -3.62868e-10
0.015 -3.88942e-10
0.016 -4.15047e-10
0.017 -4.41186e-10
0.018 -4.67360e-10
0.019 -4.93571e-10
0.020 -5.19822e-10
0.021 -5.46114e-10
0.022 -5.72448e-10
0.023 -5.98828e-10
0.024 -6.25253e-10
0.025 -6.51727e-10
0.026 -6.78251e-10
0.027 -7.04826e-10
0.028 -7.31454e-10
0.029 -7.58136e-10
0.030 -7.84875e-10
0.031 -8.11671e-10
0.032 -8.38526e-10
0.033 -8.65441e-10
0.034 -8.92417e-10
0.035 -9.19456e-10
0.036 -9.46560e-10
0.037 -9.73728e-10
0.038 -1.00096e-09
0.039 -1.02826e-09
0.040 -1.05563e-09
0.041 -1.08307e-09
0.042 -1.11058e-09
0.043 -1.13816e-09
0.044 -1.16581e-09
0.045 -1.19354e-09
0.046 -1.22133e-09
0.047 -1.24920e-09
0.048 -1.27714e-09
0.049 -1.30516e-09
0.050 -1.33325e-09
0.051 -1.36142e-09
0.052 -1.38966e-09
0.053 -1.41797e-09
0.054 -1.44636e-09
0.055 -1.47483e-09
0.056 -1.50337e-09
0.057 -1.53198e-09
0.058 -1.56067e-09
0.059 -1.58944e-09
0.060 -1.61827e-09
0.061 -1.64718e-09
0.062 -1.67617e-09
0.063 -1.70522e-09
0.064 -1.73435e-09
0.065 -1.76355e-09
0.066 -1.79282e-09
0.067 -1.82215e-09
0.068 -1.85156e-09
0.069 -1.88103e-09
0.070 -1.91057e-09
0.071 -1.94017e-09
0.072 -1.96984e-09
0.073 -1.99957e-09
0.074 -2.02935e-09
0.075 -2.05920e-09
0.076 -2.08911e-09
0.077 -2.11907e-09
0.078 -2.14908e-09
0.079 -2.17915e-09
0.080 -2.20927e-09
0.081 -2.23944e-09
0.082 -2.26965e-09
0.083 -2.29991e-09
0.084 -2.33021e-09
0.085 -2.36056e-09
0.086 -2.39094e-09
0.087 -2.42135e-09
0.088 -2.45180e-09
0.089 -2.48229e-09
0.090 -2.51280e-09
0.091 -2.54334e-09
0.092 -2.57390e-09
0.093 -2.60448e-09
0.094 -2.63508e-09
0.095 -2.66570e-09
0.096 -2.69633e-09
0.097 -2.72697e-09
0.098 -2.75762e-09
0.099 -2.78827e-09
0.100 -2.81893e-09
