0.000 0.00000e+00
0.001 -1.16383e-08
0.002 -2.32782e-08
0.003 -3.49212e-08
0.004 -4.65689e-08
0.005 -5.82228e-08
0.006 -6.98845e-08
0.007 -8.15555e-08
0.008 -9.32374e-08
0.009 -1.04932e-07
0.010 -1.16640e-07
0.011 -1.28364e-07
0.012 -1.40105e-07
0.013 -1.51865e-07
0.014 -1.63645e-07
0.015 -1.75447e-07
0.016 -1.87272e-07
0.017 -1.99122e-07
0.018 -2.10998e-07
0.019 -2.22903e-07
0.020 -2.34837e-07
0.021 -2.46803e-07
0.022 -2.58801e-07
0.023 -2.70834e-07
0.024 -2.82903e-07
0.025 -2.95009e-07
0.026 -3.07154e-07
0.027 -3.19340e-07
0.028 -3.31569e-07
0.029 -3.43841e-07
0.030 -3.56159e-07
0.031 -3.68524e-07
0.032 -3.80937e-07
0.033 -3.93401e-07
0.034 -4.05917e-07
0.035 -4.18487e-07
0.036 -4.31111e-07
0.037 -4.43793e-07
0.038 -4.56533e-07
0.039 -4.69333e-07
0.040 -4.82195e-07
0.041 -4.95120e-07
0.042 -5.08110e-07
0.043 -5.21167e-07
0.044 -5.34293e-07
0.045 -5.47489e-07
0.046 -5.60756e-07
0.047 -5.74098e-07
0.048 -5.87514e-07
0.049 -6.01008e-07
0.050 -6.14580e-07
0.051 -6.28233e-07
0.052 -6.41968e-07
0.053 -6.55787e-07
0.054 -6.69692e-07
0.055 -6.83685e-07
0.056 -6.97768e-07
0.057 -7.11942e-07
0.058 -7.26209e-07
0.059 -7.40571e-07
0.060 -7.55030e-07
0.061 -7.69588e-07
0.062 -7.84247e-07
0.063 -7.99008e-07
0.064 -8.13874e-07
0.065 -8.28848e-07
0.066 -8.43929e-07
0.067 -8.59122e-07
0.068 -8.74427e-07
0.069 -8.89847e-07
0.070 -9.05385e-07
0.071 -9.21041e-07
0.072 -9.36819e-07
0.073 -9.52720e-07
0.074 -9.68746e-07
0.075 -9.84901e-07
0.076 -1.00119e-06
0.077 -1.01760e-06
0.078 -1.03415e-06
0.079 -1.05084e-06
0.080 -1.06767e-06
0.081 -1.08464e-06
0.082 -1.10176e-06
0.083 -1.11902e-06
0.084 -1.13643e-06
0.085 -1.15399e-06
0.086 -1.17171e-06
0.087 -1.18959e-06
0.088 -1.20762e-06
0.089 -1.22582e-06
0.090 -1.24418e-06
0.091 -1.26271e-06
0.092 -1.28141e-06
0.093 -1.30029e-06
0.094 -1.31934e-06
0.095 -1.33858e-06
0.096 -1.35799e-06
0.097 -1.37759e-06
0.098 -1.39738e-06
0.099 -1.41737e-06
0.100 -1.43754e-06
