0.000 0.00000e+00
0.001 -2.15231e-09
0.002 -4.30503e-09
0.003 -6.45857e-09
0.004 -8.61335e-09
0.005 -1.07698e-08
0.006 -1.29283e-08
0.007 -1.50892e-08
0.008 -1.72530e-08
0.009 -1.94202e-08
0.010 -2.15910e-08
0.011 -2.37659e-08
0.012 -2.59454e-08
0.013 -2.81298e-08
0.014 -3.03195e-08
0.015 -3.25150e-08
0.016 -3.47167e-08
0.017 -3.69249e-08
0.018 -3.91402e-08
0.019 -4.13628e-08
0.020 -4.35932e-08
0.021 -4.58319e-08
0.022 -4.80791e-08
0.023 -5.03354e-08
0.024 -5.26012e-08
0.025 -5.48768e-08
0.026 -5.71626e-08
0.027 -5.94591e-08
0.028 -6.17667e-08
0.029 -6.40857e-08
0.030 -6.64167e-08
0.031 -6.87599e-08
0.032 -7.11158e-08
0.033 -7.34848e-08
0.034 -7.58673e-08
0.035 -7.82637e-08
0.036 -8.06744e-08
0.037 -8.30998e-08
0.038 -8.55404e-08
0.039 -8.79964e-08
0.040 -9.04683e-08
0.041 -9.29566e-08
0.042 -9.54615e-08
0.043 -9.79835e-08
0.044 -1.00523e-07
0.045 -1.03080e-07
0.046 -1.05656e-07
0.047 -1.08251e-07
0.048 -1.10864e-07
0.049 -1.13497e-07
0.050 -1.16150e-07
0.051 -1.18823e-07
0.052 -1.21516e-07
0.053 -1.24231e-07
0.054 -1.26967e-07
0.055 -1.29724e-07
0.056 -1.32504e-07
0.057 -1.35307e-07
0.058 -1.38132e-07
0.059 -1.40980e-07
0.060 -1.43853e-07
0.061 -1.46749e-07
0.062 -1.49669e-07
0.063 -1.52615e-07
0.064 -1.55585e-07
0.065 -1.58581e-07
0.066 -1.61603e-07
0.067 -1.64651e-07
0.068 -1.67726e-07
0.069 -1.70827e-07
0.070 -1.73956e-07
0.071 -1.77112e-07
0.072 -1.80296e-07
0.073 -1.83509e-07
0.074 -1.86750e-07
0.075 -1.90021e-07
0.076 -1.93320e-07
0.077 -1.96649e-07
0.078 -2.00008e-07
0.079 -2.03398e-07
0.080 -2.06818e-07
0.081 -2.10269e-07
0.082 -2.13751e-07
0.083 -2.17265e-07
0.084 -2.20811e-07
0.085 -2.24389e-07
0.086 -2.28000e-07
0.087 -2.31643e-07
0.088 -2.35319e-07
0.089 -2.39029e-07
0.090 -2.42773e-07
0.091 -2.46550e-07
0.092 -2.50362e-07
0.093 -2.54208e-07
0.094 -2.58090e-07
0.095 -2.62006e-07
0.096 -2.65958e-07
0.097 -2.69945e-07
0.098 -2.73968e-07
0.099 -2.78027e-07
0.100 -2.82123e-07
