0.000 0.00000e+00
0.001 -5.95862e-10
0.002 -1.19188e-09
0.003 -1.78821e-09
0.004 -2.38501e-09
0.005 -2.98244e-09
0.006 -3.58064e-09
0.007 -4.17979e-09
0.008 -4.78003e-09
0.009 -5.38152e-09
0.010 -5.98442e-09
0.011 -6.58889e-09
0.012 -7.19509e-09
0.013 -7.80317e-09
0.014 -8.41329e-09
0.015 -9.02561e-09
0.016 -9.64030e-09
0.017 -1.02575e-08
0.018 -1.08774e-08
0.019 -1.15001e-08
0.020 -1.21259e-08
0.021 -1.27548e-08
0.022 -1.33870e-08
0.023 -1.40228e-08
0.024 -1.46622e-08
0.025 -1.53054e-08
0.026 -1.59526e-08
0.027 -1.66040e-08
0.028 -1.72597e-08
0.029 -1.79199e-08
0.030 -1.85847e-08
0.031 -1.92544e-08
0.032 -1.99291e-08
0.033 -2.06090e-08
0.034 -2.12943e-08
0.035 -2.19851e-08
0.036 -2.26815e-08
0.037 -2.33839e-08
0.038 -2.40923e-08
0.039 -2.48070e-08
0.040 -2.55281e-08
0.041 -2.62558e-08
0.042 -2.69903e-08
0.043 -2.77317e-08
0.044 -2.84803e-08
0.045 -2.92363e-08
0.046 -2.99998e-08
0.047 -3.07710e-08
0.048 -3.15502e-08
0.049 -3.23374e-08
0.050 -3.31330e-08
0.051 -3.39371e-08
0.052 -3.47498e-08
0.053 -3.55715e-08
0.054 -3.64023e-08
0.055 -3.72424e-08
0.056 -3.80920e-08
0.057 -3.89514e-08
0.058 -3.98206e-08
0.059 -4.07000e-08
0.060 -4.15898e-08
0.061 -4.24902e-08
0.062 -4.34013e-08
0.063 -4.43234e-08
0.064 -4.52568e-08
0.065 -4.62016e-08
0.066 -4.71580e-08
0.067 -4.81264e-08
0.068 -4.91069e-08
0.069 -5.00998e-08
0.070 -5.11053e-08
0.071 -5.21236e-08
0.072 -5.31549e-08
0.073 -5.41996e-08
0.074 -5.52578e-08
0.075 -5.63298e-08
0.076 -5.74159e-08
0.077 -5.85162e-08
0.078 -5.96311e-08
0.079 -6.07607e-08
0.080 -6.19054e-08
0.081 -6.30654e-08
0.082 -6.42410e-08
0.083 -6.54324e-08
0.084 -6.66399e-08
0.085 -6.78638e-08
0.086 -6.91043e-08
0.087 -7.03617e-08
0.088 -7.16363e-08
0.089 -7.29283e-08
0.090 -7.42381e-08
0.091 -7.55659e-08
0.092 -7.69120e-08
0.093 -7.82768e-08
0.094 -7.96603e-08
0.095 -8.10631e-08
0.096 -8.24854e-08
0.097 -8.39274e-08
0.098 -8.53894e-08
0.099 -8.68719e-08
0.100 -8.83750e-08
