-0.20000 	5.51472e-03	   (6.68054e-09, 0.00000e+00)	-5.51762e-09
-0.19995 	5.56374e-03	   (6.79302e-09, 8.07794e-28)	-5.61982e-09
-0.19990 	5.61359e-03	   (6.90769e-09, 0.00000e+00)	-5.72415e-09
-0.19985 	5.66429e-03	   (7.02461e-09, -4.03897e-28)	-5.83068e-09
-0.19980 	5.71586e-03	   (7.14381e-09, 0.00000e+00)	-5.93944e-09
-0.19975 	5.76831e-03	   (7.26537e-09, -4.03897e-28)	-6.05052e-09
-0.19970 	5.82167e-03	   (7.38934e-09, 0.00000e+00)	-6.16395e-09
-0.19965 	5.87596e-03	   (7.51578e-09, 0.00000e+00)	-6.27980e-09
-0.19960 	5.93121e-03	   (7.64474e-09, 0.00000e+00)	-6.39814e-09
-0.19955 	5.98742e-03	   (7.77630e-09, -4.03897e-28)	-6.51903e-09
-0.19950 	6.04462e-03	   (7.91052e-09, 0.00000e+00)	-6.64253e-09
-0.19945 	6.10284e-03	   (8.04747e-09, 0.00000e+00)	-6.76871e-09
-0.19940 	6.16210e-03	   (8.18721e-09, 0.00000e+00)	-6.89765e-09
-0.19935 	6.22243e-03	   (8.32981e-09, 8.07794e-28)	-7.02942e-09
-0.19930 	6.28384e-03	   (8.47536e-09, 8.07794e-28)	-7.16409e-09
-0.19925 	6.34638e-03	   (8.62392e-09, 0.00000e+00)	-7.30174e-09
-0.19920 	6.41005e-03	   (8.77558e-09, -8.07794e-28)	-7.44245e-09
-0.19915 	6.47489e-03	   (8.93041e-09, 0.00000e+00)	-7.58631e-09
-0.19910 	6.54094e-03	   (9.08850e-09, 0.00000e+00)	-7.73339e-09
-0.19905 	6.60821e-03	   (9.24993e-09, 0.00000e+00)	-7.88379e-09
-0.19900 	6.67674e-03	   (9.41480e-09, 0.00000e+00)	-8.03759e-09
-0.19895 	6.74655e-03	   (9.58319e-09, 0.00000e+00)	-8.19490e-09
-0.19890 	6.81769e-03	   (9.75520e-09, 0.00000e+00)	-8.35581e-09
-0.19885 	6.89019e-03	   (9.93093e-09, 0.00000e+00)	-8.52042e-09
-0.19880 	6.96407e-03	   (1.01105e-08, -8.07794e-28)	-8.68883e-09
-0.19875 	7.03937e-03	   (1.02939e-08, 0.00000e+00)	-8.86115e-09
-0.19870 	7.11614e-03	   (1.04814e-08, 8.07794e-28)	-9.03749e-09
-0.19865 	7.19440e-03	   (1.06731e-08, -8.07794e-28)	-9.21798e-09
-0.19860 	7.27420e-03	   (1.08690e-08, 0.00000e+00)	-9.40271e-09
-0.19855 	7.35558e-03	   (1.10693e-08, 0.00000e+00)	-9.59183e-09
-0.19850 	7.43857e-03	   (1.12741e-08, 8.07794e-28)	-9.78545e-09
-0.19845 	7.52323e-03	   (1.14835e-08, -1.61559e-27)	-9.98372e-09
-0.19840 	7.60958e-03	   (1.16976e-08, 0.00000e+00)	-1.01868e-08
-0.19835 	7.69769e-03	   (1.19167e-08, -8.07794e-28)	-1.03947e-08
-0.19830 	7.78760e-03	   (1.21408e-08, 0.00000e+00)	-1.06077e-08
-0.19825 	7.87935e-03	   (1.23701e-08, 0.00000e+00)	-1.08259e-08
-0.19820 	7.97300e-03	   (1.26047e-08, 0.00000e+00)	-1.10495e-08
-0.19815 	8.06860e-03	   (1.28448e-08, 0.00000e+00)	-1.12787e-08
-0.19810 	8.16620e-03	   (1.30906e-08, -1.61559e-27)	-1.15135e-08
-0.19805 	8.26586e-03	   (1.33422e-08, -8.07794e-28)	-1.17542e-08
-0.19800 	8.36763e-03	   (1.35998e-08, 0.00000e+00)	-1.20010e-08
-0.19795 	8.47159e-03	   (1.38636e-08, 8.07794e-28)	-1.22540e-08
-0.19790 	8.57778e-03	   (1.41337e-08, 1.61559e-27)	-1.25135e-08
-0.19785 	8.68627e-03	   (1.44104e-08, 1.61559e-27)	-1.27796e-08
-0.19780 	8.79714e-03	   (1.46939e-08, -1.61559e-27)	-1.30526e-08
-0.19775 	8.91044e-03	   (1.49844e-08, 1.61559e-27)	-1.33326e-08
-0.19770 	9.02625e-03	   (1.52820e-08, -1.61559e-27)	-1.36200e-08
-0.19765 	9.14465e-03	   (1.55871e-08, 0.00000e+00)	-1.39149e-08
-0.19760 	9.26571e-03	   (1.58998e-08, 0.00000e+00)	-1.42176e-08
-0.19755 	9.38951e-03	   (1.62204e-08, -1.61559e-27)	-1.45283e-08
-0.19750 	9.51614e-03	   (1.65492e-08, 0.00000e+00)	-1.48473e-08
-0.19745 	9.64567e-03	   (1.68864e-08, -1.61559e-27)	-1.51749e-08
-0.19740 	9.77821e-03	   (1.72323e-08, 0.00000e+00)	-1.55114e-08
-0.19735 	9.91384e-03	   (1.75872e-08, 3.23117e-27)	-1.58571e-08
-0.19730 	1.00527e-02	   (1.79514e-08, 3.23117e-27)	-1.62122e-08
-0.19725 	1.01948e-02	   (1.83251e-08, 0.00000e+00)	-1.65771e-08
-0.19720 	1.03403e-02	   (1.87088e-08, 0.00000e+00)	-1.69522e-08
-0.19715 	1.04893e-02	   (1.91027e-08, 0.00000e+00)	-1.73378e-08
-0.19710 	1.06419e-02	   (1.95072e-08, 0.00000e+00)	-1.77342e-08
-0.19705 	1.07983e-02	   (1.99227e-08, 0.00000e+00)	-1.81419e-08
-0.19700 	1.09585e-02	   (2.03495e-08, 1.61559e-27)	-1.85612e-08
-0.19695 	1.11227e-02	   (2.07880e-08, 1.61559e-27)	-1.89926e-08
-0.19690 	1.12910e-02	   (2.12387e-08, 0.00000e+00)	-1.94365e-08
-0.19685 	1.14636e-02	   (2.17019e-08, -1.61559e-27)	-1.98933e-08
-0.19680 	1.16405e-02	   (2.21782e-08, 0.00000e+00)	-2.03635e-08
-0.19675 	1.18221e-02	   (2.26680e-08, 1.61559e-27)	-2.08477e-08
-0.19670 	1.20083e-02	   (2.31718e-08, 0.00000e+00)	-2.13463e-08
-0.19665 	1.21994e-02	   (2.36900e-08, 0.00000e+00)	-2.18598e-08
-0.19660 	1.23955e-02	   (2.42233e-08, -1.61559e-27)	-2.23889e-08
-0.19655 	1.25969e-02	   (2.47722e-08, 0.00000e+00)	-2.29342e-08
-0.19650 	1.28037e-02	   (2.53373e-08, 0.00000e+00)	-2.34961e-08
-0.19645 	1.30160e-02	   (2.59192e-08, 0.00000e+00)	-2.40755e-08
-0.19640 	1.32342e-02	   (2.65185e-08, 0.00000e+00)	-2.46730e-08
-0.19635 	1.34584e-02	   (2.71359e-08, 0.00000e+00)	-2.52892e-08
-0.19630 	1.36888e-02	   (2.77722e-08, 0.00000e+00)	-2.59250e-08
-0.19625 	1.39257e-02	   (2.84280e-08, 0.00000e+00)	-2.65811e-08
-0.19620 	1.41694e-02	   (2.91041e-08, 0.00000e+00)	-2.72583e-08
-0.19615 	1.44200e-02	   (2.98014e-08, -6.46235e-27)	-2.79575e-08
-0.19610 	1.46778e-02	   (3.05206e-08, -3.23117e-27)	-2.86797e-08
-0.19605 	1.49432e-02	   (3.12627e-08, 0.00000e+00)	-2.94257e-08
-0.19600 	1.52164e-02	   (3.20287e-08, 6.46235e-27)	-3.01965e-08
-0.19595 	1.54977e-02	   (3.28195e-08, 3.23117e-27)	-3.09932e-08
-0.19590 	1.57875e-02	   (3.36361e-08, -3.23117e-27)	-3.18170e-08
-0.19585 	1.60861e-02	   (3.44797e-08, -6.46235e-27)	-3.26689e-08
-0.19580 	1.63939e-02	   (3.53513e-08, -9.69352e-27)	-3.35502e-08
-0.19575 	1.67112e-02	   (3.62523e-08, 3.23117e-27)	-3.44622e-08
-0.19570 	1.70384e-02	   (3.71838e-08, 0.00000e+00)	-3.54062e-08
-0.19565 	1.73760e-02	   (3.81473e-08, 3.23117e-27)	-3.63838e-08
-0.19560 	1.77244e-02	   (3.91441e-08, 3.23117e-27)	-3.73963e-08
-0.19555 	1.80840e-02	   (4.01758e-08, 0.00000e+00)	-3.84454e-08
-0.19550 	1.84554e-02	   (4.12439e-08, -3.23117e-27)	-3.95328e-08
-0.19545 	1.88391e-02	   (4.23500e-08, 0.00000e+00)	-4.06602e-08
-0.19540 	1.92356e-02	   (4.34960e-08, 0.00000e+00)	-4.18296e-08
-0.19535 	1.96454e-02	   (4.46838e-08, 0.00000e+00)	-4.30429e-08
-0.19530 	2.00693e-02	   (4.59152e-08, 6.46235e-27)	-4.43023e-08
-0.19525 	2.05078e-02	   (4.71924e-08, 0.00000e+00)	-4.56100e-08
-0.19520 	2.09617e-02	   (4.85176e-08, 0.00000e+00)	-4.69683e-08
-0.19515 	2.14316e-02	   (4.98932e-08, -1.29247e-26)	-4.83799e-08
-0.19510 	2.19184e-02	   (5.13216e-08, -6.46235e-27)	-4.98473e-08
-0.19505 	2.24227e-02	   (5.28055e-08, -6.46235e-27)	-5.13734e-08
-0.19500 	2.29456e-02	   (5.43477e-08, -6.46235e-27)	-5.29612e-08
-0.19495 	2.34879e-02	   (5.59511e-08, 0.00000e+00)	-5.46140e-08
-0.19490 	2.40506e-02	   (5.76190e-08, -6.46235e-27)	-5.63351e-08
-0.19485 	2.46347e-02	   (5.93548e-08, 0.00000e+00)	-5.81282e-08
-0.19480 	2.52413e-02	   (6.11621e-08, 0.00000e+00)	-5.99972e-08
-0.19475 	2.58716e-02	   (6.30446e-08, -6.46235e-27)	-6.19462e-08
-0.19470 	2.65268e-02	   (6.50065e-08, 0.00000e+00)	-6.39796e-08
-0.19465 	2.72084e-02	   (6.70523e-08, -6.46235e-27)	-6.61022e-08
-0.19460 	2.79176e-02	   (6.91865e-08, 6.46235e-27)	-6.83190e-08
-0.19455 	2.86560e-02	   (7.14143e-08, 1.29247e-26)	-7.06355e-08
-0.19450 	2.94253e-02	   (7.37409e-08, -1.29247e-26)	-7.30574e-08
-0.19445 	3.02273e-02	   (7.61722e-08, 0.00000e+00)	-7.55910e-08
-0.19440 	3.10636e-02	   (7.87142e-08, -2.58494e-26)	-7.82429e-08
-0.19435 	3.19365e-02	   (8.13738e-08, 0.00000e+00)	-8.10203e-08
-0.19430 	3.28479e-02	   (8.41579e-08, 0.00000e+00)	-8.39309e-08
-0.19425 	3.38003e-02	   (8.70743e-08, 2.58494e-26)	-8.69830e-08
-0.19420 	3.47961e-02	   (9.01312e-08, -1.29247e-26)	-9.01857e-08
-0.19415 	3.58381e-02	   (9.33376e-08, 0.00000e+00)	-9.35485e-08
-0.19410 	3.69290e-02	   (9.67031e-08, -2.58494e-26)	-9.70819e-08
-0.19405 	3.80720e-02	   (1.00238e-07, -1.29247e-26)	-1.00797e-07
-0.19400 	3.92705e-02	   (1.03954e-07, 1.29247e-26)	-1.04707e-07
-0.19395 	4.05282e-02	   (1.07863e-07, 1.29247e-26)	-1.08823e-07
-0.19390 	4.18490e-02	   (1.11978e-07, 0.00000e+00)	-1.13162e-07
-0.19385 	4.32371e-02	   (1.16313e-07, 0.00000e+00)	-1.17738e-07
-0.19380 	4.46973e-02	   (1.20885e-07, 5.16988e-26)	-1.22568e-07
-0.19375 	4.62347e-02	   (1.25711e-07, -2.58494e-26)	-1.27671e-07
-0.19370 	4.78547e-02	   (1.30808e-07, -2.58494e-26)	-1.33068e-07
-0.19365 	4.95634e-02	   (1.36197e-07, 0.00000e+00)	-1.38780e-07
-0.19360 	5.13674e-02	   (1.41901e-07, 0.00000e+00)	-1.44831e-07
-0.19355 	5.32739e-02	   (1.47944e-07, 2.58494e-26)	-1.51248e-07
-0.19350 	5.52909e-02	   (1.54353e-07, 5.16988e-26)	-1.58061e-07
-0.19345 	5.74270e-02	   (1.61156e-07, 5.16988e-26)	-1.65301e-07
-0.19340 	5.96918e-02	   (1.68388e-07, -2.58494e-26)	-1.73004e-07
-0.19335 	6.20959e-02	   (1.76082e-07, -5.16988e-26)	-1.81208e-07
-0.19330 	6.46509e-02	   (1.84280e-07, 2.58494e-26)	-1.89958e-07
-0.19325 	6.73697e-02	   (1.93024e-07, 0.00000e+00)	-1.99301e-07
-0.19320 	7.02667e-02	   (2.02364e-07, -5.16988e-26)	-2.09290e-07
-0.19315 	7.33577e-02	   (2.12353e-07, 1.03398e-25)	-2.19984e-07
-0.19310 	7.66606e-02	   (2.23053e-07, 5.16988e-26)	-2.31450e-07
-0.19305 	8.01949e-02	   (2.34530e-07, 5.16988e-26)	-2.43762e-07
-0.19300 	8.39831e-02	   (2.46861e-07, -5.16988e-26)	-2.57003e-07
-0.19295 	8.80499e-02	   (2.60131e-07, 0.00000e+00)	-2.71266e-07
-0.19290 	9.24234e-02	   (2.74436e-07, -5.16988e-26)	-2.86657e-07
-0.19285 	9.71351e-02	   (2.89885e-07, 0.00000e+00)	-3.03294e-07
-0.19280 	1.02221e-01	   (3.06600e-07, 0.00000e+00)	-3.21312e-07
-0.19275 	1.07722e-01	   (3.24721e-07, 1.03398e-25)	-3.40866e-07
-0.19270 	1.13683e-01	   (3.44409e-07, 0.00000e+00)	-3.62130e-07
-0.19265 	1.20159e-01	   (3.65845e-07, -1.03398e-25)	-3.85305e-07
-0.19260 	1.27211e-01	   (3.89241e-07, -2.06795e-25)	-4.10623e-07
-0.19255 	1.34907e-01	   (4.14838e-07, 0.00000e+00)	-4.38349e-07
-0.19250 	1.43330e-01	   (4.42917e-07, 2.06795e-25)	-4.68794e-07
-0.19245 	1.52573e-01	   (4.73806e-07, 1.03398e-25)	-5.02317e-07
-0.19240 	1.62748e-01	   (5.07887e-07, 0.00000e+00)	-5.39338e-07
-0.19235 	1.73983e-01	   (5.45608e-07, 0.00000e+00)	-5.80354e-07
-0.19230 	1.86432e-01	   (5.87501e-07, 0.00000e+00)	-6.25947e-07
-0.19225 	2.00274e-01	   (6.34195e-07, -4.13590e-25)	-6.76815e-07
-0.19220 	2.15728e-01	   (6.86445e-07, -4.13590e-25)	-7.33787e-07
-0.19215 	2.33052e-01	   (7.45157e-07, -2.06795e-25)	-7.97864e-07
-0.19210 	2.52561e-01	   (8.11428e-07, 0.00000e+00)	-8.70259e-07
-0.19205 	2.74639e-01	   (8.86600e-07, 0.00000e+00)	-9.52453e-07
-0.19200 	2.99758e-01	   (9.72323e-07, 0.00000e+00)	-1.04627e-06
-0.19195 	3.28502e-01	   (1.07065e-06, 8.27181e-25)	-1.15397e-06
-0.19190 	3.61604e-01	   (1.18414e-06, -4.13590e-25)	-1.27841e-06
-0.19185 	3.99993e-01	   (1.31606e-06, 0.00000e+00)	-1.42318e-06
-0.19180 	4.44857e-01	   (1.47059e-06, -8.27181e-25)	-1.59292e-06
-0.19175 	4.97740e-01	   (1.65315e-06, 0.00000e+00)	-1.79362e-06
-0.19170 	5.60671e-01	   (1.87090e-06, 0.00000e+00)	-2.03323e-06
-0.19165 	6.36370e-01	   (2.13341e-06, 0.00000e+00)	-2.32236e-06
-0.19160 	7.28538e-01	   (2.45377e-06, -1.65436e-24)	-2.67550e-06
-0.19155 	8.42328e-01	   (2.85017e-06, 1.65436e-24)	-3.11285e-06
-0.19150 	9.85070e-01	   (3.34853e-06, -1.65436e-24)	-3.66319e-06
-0.19145 	1.16750e+00	   (3.98685e-06, 0.00000e+00)	-4.36870e-06
-0.19140 	1.40581e+00	   (4.82254e-06, 0.00000e+00)	-5.29317e-06
-0.19135 	1.72542e+00	   (5.94571e-06, 6.61744e-24)	-6.53673e-06
-0.19130 	2.16801e+00	   (7.50433e-06, 0.00000e+00)	-8.26392e-06
-0.19125 	2.80591e+00	   (9.75523e-06, 0.00000e+00)	-1.07604e-05
-0.19120 	3.77364e+00	   (1.31764e-05, 1.32349e-23)	-1.45582e-05
-0.19115 	5.34547e+00	   (1.87424e-05, 2.64698e-23)	-2.07420e-05
-0.19110 	8.15434e+00	   (2.87011e-05, 0.00000e+00)	-3.18157e-05
-0.19105 	1.39506e+01	   (4.92562e-05, 2.11758e-22)	-5.46916e-05
-0.19100 	2.92186e+01	   (1.03265e-04, 8.47033e-22)	-1.14850e-04
-0.19095 	9.72247e+01	   (3.40357e-04, 0.00000e+00)	-3.79165e-04
-0.19090 	6.99524e+03	   (1.91488e-02, 0.00000e+00)	-2.13674e-02
-0.19085 	3.70799e+02	   (1.21891e-03, 0.00000e+00)	-1.36238e-03
-0.19080 	5.21054e+01	   (1.85903e-04, -8.47033e-22)	-2.08128e-04
-0.19075 	2.03279e+01	   (7.35134e-05, 0.00000e+00)	-8.24382e-05
-0.19070 	1.07900e+01	   (3.93011e-05, -1.05879e-22)	-4.41452e-05
-0.19065 	6.68251e+00	   (2.44763e-05, 0.00000e+00)	-2.75386e-05
-0.19060 	4.54369e+00	   (1.67256e-05, 0.00000e+00)	-1.88493e-05
-0.19055 	3.28953e+00	   (1.21663e-05, -1.32349e-23)	-1.37337e-05
-0.19050 	2.49150e+00	   (9.25699e-06, -1.32349e-23)	-1.04669e-05
-0.19045 	1.95242e+00	   (7.28666e-06, 6.61744e-24)	-8.25263e-06
-0.19040 	1.57123e+00	   (5.88999e-06, 0.00000e+00)	-6.68183e-06
-0.19035 	1.29177e+00	   (4.86364e-06, -9.92617e-24)	-5.52661e-06
-0.19030 	1.08081e+00	   (4.08706e-06, 0.00000e+00)	-4.65184e-06
-0.19025 	9.17658e-01	   (3.48510e-06, 4.96308e-24)	-3.97326e-06
-0.19020 	7.88886e-01	   (3.00892e-06, -3.30872e-24)	-3.43604e-06
-0.19015 	6.85469e-01	   (2.62565e-06, 1.65436e-24)	-3.00332e-06
-0.19010 	6.01163e-01	   (2.31251e-06, 0.00000e+00)	-2.64951e-06
-0.19005 	5.31532e-01	   (2.05332e-06, 8.27181e-25)	-2.35643e-06
-0.19000 	4.73357e-01	   (1.83630e-06, 8.27181e-25)	-2.11086e-06
-0.18995 	4.24257e-01	   (1.65273e-06, -8.27181e-25)	-1.90298e-06
-0.18990 	3.82437e-01	   (1.49605e-06, -8.27181e-25)	-1.72542e-06
-0.18985 	3.46526e-01	   (1.36121e-06, 0.00000e+00)	-1.57251e-06
-0.18980 	3.15461e-01	   (1.24432e-06, -4.13590e-25)	-1.43985e-06
-0.18975 	2.88408e-01	   (1.14231e-06, 0.00000e+00)	-1.32399e-06
-0.18970 	2.64704e-01	   (1.05275e-06, 4.13590e-25)	-1.22219e-06
-0.18965 	2.43819e-01	   (9.73659e-07, 0.00000e+00)	-1.13225e-06
-0.18960 	2.25322e-01	   (9.03472e-07, 0.00000e+00)	-1.05236e-06
-0.18955 	2.08864e-01	   (8.40886e-07, 2.06795e-25)	-9.81079e-07
-0.18950 	1.94155e-01	   (7.84835e-07, 6.20385e-25)	-9.17195e-07
-0.18945 	1.80955e-01	   (7.34432e-07, 0.00000e+00)	-8.59710e-07
-0.18940 	1.69065e-01	   (6.88938e-07, -4.13590e-25)	-8.07787e-07
-0.18935 	1.58318e-01	   (6.47729e-07, 2.06795e-25)	-7.60723e-07
-0.18930 	1.48571e-01	   (6.10279e-07, 0.00000e+00)	-7.17924e-07
-0.18925 	1.39705e-01	   (5.76140e-07, 1.03398e-25)	-6.78883e-07
-0.18920 	1.31615e-01	   (5.44930e-07, 0.00000e+00)	-6.43169e-07
-0.18915 	1.24215e-01	   (5.16320e-07, 0.00000e+00)	-6.10407e-07
-0.18910 	1.17427e-01	   (4.90027e-07, -1.03398e-25)	-5.80279e-07
-0.18905 	1.11187e-01	   (4.65803e-07, 0.00000e+00)	-5.52505e-07
-0.18900 	1.05436e-01	   (4.43435e-07, 0.00000e+00)	-5.26842e-07
-0.18895 	1.00126e-01	   (4.22737e-07, 1.03398e-25)	-5.03080e-07
-0.18890 	9.52111e-02	   (4.03545e-07, 1.03398e-25)	-4.81033e-07
-0.18885 	9.06543e-02	   (3.85713e-07, 0.00000e+00)	-4.60537e-07
-0.18880 	8.64214e-02	   (3.69116e-07, -5.16988e-26)	-4.41448e-07
-0.18875 	8.24824e-02	   (3.53640e-07, 5.16988e-26)	-4.23638e-07
-0.18870 	7.88106e-02	   (3.39186e-07, -5.16988e-26)	-4.06994e-07
-0.18865 	7.53825e-02	   (3.25665e-07, -1.03398e-25)	-3.91414e-07
-0.18860 	7.21771e-02	   (3.12996e-07, 5.16988e-26)	-3.76809e-07
-0.18855 	6.91753e-02	   (3.01109e-07, 0.00000e+00)	-3.63097e-07
-0.18850 	6.63604e-02	   (2.89940e-07, 5.16988e-26)	-3.50206e-07
-0.18845 	6.37172e-02	   (2.79432e-07, 0.00000e+00)	-3.38071e-07
-0.18840 	6.12319e-02	   (2.69533e-07, 0.00000e+00)	-3.26633e-07
-0.18835 	5.88924e-02	   (2.60195e-07, -5.16988e-26)	-3.15838e-07
-0.18830 	5.66873e-02	   (2.51378e-07, 5.16988e-26)	-3.05639e-07
-0.18825 	5.46066e-02	   (2.43042e-07, -2.58494e-26)	-2.95991e-07
-0.18820 	5.26412e-02	   (2.35152e-07, -2.58494e-26)	-2.86856e-07
-0.18815 	5.07826e-02	   (2.27677e-07, 2.58494e-26)	-2.78196e-07
-0.18810 	4.90233e-02	   (2.20588e-07, 2.58494e-26)	-2.69979e-07
-0.18805 	4.73564e-02	   (2.13859e-07, -2.58494e-26)	-2.62174e-07
-0.18800 	4.57754e-02	   (2.07464e-07, 0.00000e+00)	-2.54755e-07
-0.18795 	4.42747e-02	   (2.01382e-07, -2.58494e-26)	-2.47695e-07
-0.18790 	4.28488e-02	   (1.95593e-07, 0.00000e+00)	-2.40971e-07
-0.18785 	4.14929e-02	   (1.90077e-07, 2.58494e-26)	-2.34563e-07
-0.18780 	4.02025e-02	   (1.84818e-07, 0.00000e+00)	-2.28450e-07
-0.18775 	3.89734e-02	   (1.79800e-07, 2.58494e-26)	-2.22613e-07
-0.18770 	3.78019e-02	   (1.75008e-07, -2.58494e-26)	-2.17038e-07
-0.18765 	3.66843e-02	   (1.70428e-07, 0.00000e+00)	-2.11707e-07
-0.18760 	3.56175e-02	   (1.66048e-07, 0.00000e+00)	-2.06606e-07
-0.18755 	3.45984e-02	   (1.61856e-07, -2.58494e-26)	-2.01723e-07
-0.18750 	3.36243e-02	   (1.57842e-07, 0.00000e+00)	-1.97045e-07
-0.18745 	3.26924e-02	   (1.53995e-07, 0.00000e+00)	-1.92560e-07
-0.18740 	3.18005e-02	   (1.50306e-07, -1.29247e-26)	-1.88257e-07
-0.18735 	3.09462e-02	   (1.46767e-07, -5.16988e-26)	-1.84128e-07
-0.18730 	3.01276e-02	   (1.43369e-07, 0.00000e+00)	-1.80162e-07
-0.18725 	2.93426e-02	   (1.40104e-07, 1.29247e-26)	-1.76350e-07
-0.18720 	2.85894e-02	   (1.36967e-07, 1.29247e-26)	-1.72686e-07
-0.18715 	2.78664e-02	   (1.33950e-07, -2.58494e-26)	-1.69160e-07
-0.18710 	2.71720e-02	   (1.31047e-07, 0.00000e+00)	-1.65767e-07
-0.18705 	2.65046e-02	   (1.28252e-07, 0.00000e+00)	-1.62500e-07
-0.18700 	2.58630e-02	   (1.25560e-07, 1.29247e-26)	-1.59351e-07
-0.18695 	2.52457e-02	   (1.22966e-07, 1.29247e-26)	-1.56317e-07
-0.18690 	2.46516e-02	   (1.20465e-07, 0.00000e+00)	-1.53390e-07
-0.18685 	2.40796e-02	   (1.18053e-07, 2.58494e-26)	-1.50567e-07
-0.18680 	2.35286e-02	   (1.15725e-07, 1.29247e-26)	-1.47841e-07
-0.18675 	2.29976e-02	   (1.13477e-07, -1.29247e-26)	-1.45209e-07
-0.18670 	2.24855e-02	   (1.11307e-07, -1.29247e-26)	-1.42667e-07
-0.18665 	2.19916e-02	   (1.09210e-07, 1.29247e-26)	-1.40210e-07
-0.18660 	2.15150e-02	   (1.07182e-07, -6.46235e-27)	-1.37834e-07
-0.18655 	2.10549e-02	   (1.05222e-07, 6.46235e-27)	-1.35536e-07
-0.18650 	2.06106e-02	   (1.03325e-07, -6.46235e-27)	-1.33313e-07
-0.18645 	2.01813e-02	   (1.01490e-07, -6.46235e-27)	-1.31161e-07
-0.18640 	1.97664e-02	   (9.97131e-08, 0.00000e+00)	-1.29077e-07
-0.18635 	1.93652e-02	   (9.79923e-08, -1.29247e-26)	-1.27059e-07
-0.18630 	1.89772e-02	   (9.63251e-08, 6.46235e-27)	-1.25103e-07
-0.18625 	1.86018e-02	   (9.47094e-08, -6.46235e-27)	-1.23208e-07
-0.18620 	1.82385e-02	   (9.31431e-08, 0.00000e+00)	-1.21370e-07
-0.18615 	1.78867e-02	   (9.16241e-08, 0.00000e+00)	-1.19588e-07
-0.18610 	1.75460e-02	   (9.01505e-08, 0.00000e+00)	-1.17858e-07
-0.18605 	1.72159e-02	   (8.87205e-08, 6.46235e-27)	-1.16180e-07
-0.18600 	1.68960e-02	   (8.73324e-08, 6.46235e-27)	-1.14551e-07
-0.18595 	1.65859e-02	   (8.59847e-08, -6.46235e-27)	-1.12969e-07
-0.18590 	1.62852e-02	   (8.46756e-08, 6.46235e-27)	-1.11433e-07
-0.18585 	1.59935e-02	   (8.34038e-08, -6.46235e-27)	-1.09940e-07
-0.18580 	1.57104e-02	   (8.21678e-08, 6.46235e-27)	-1.08490e-07
-0.18575 	1.54357e-02	   (8.09663e-08, -6.46235e-27)	-1.07080e-07
-0.18570 	1.51691e-02	   (7.97981e-08, 0.00000e+00)	-1.05709e-07
-0.18565 	1.49101e-02	   (7.86619e-08, -6.46235e-27)	-1.04376e-07
-0.18560 	1.46586e-02	   (7.75565e-08, 6.46235e-27)	-1.03079e-07
-0.18555 	1.44142e-02	   (7.64809e-08, 0.00000e+00)	-1.01817e-07
-0.18550 	1.41767e-02	   (7.54339e-08, 6.46235e-27)	-1.00589e-07
-0.18545 	1.39458e-02	   (7.44147e-08, 6.46235e-27)	-9.93931e-08
-0.18540 	1.37213e-02	   (7.34221e-08, -6.46235e-27)	-9.82292e-08
-0.18535 	1.35030e-02	   (7.24554e-08, 6.46235e-27)	-9.70957e-08
-0.18530 	1.32906e-02	   (7.15135e-08, 0.00000e+00)	-9.59916e-08
-0.18525 	1.30840e-02	   (7.05958e-08, 0.00000e+00)	-9.49159e-08
-0.18520 	1.28829e-02	   (6.97013e-08, 3.23117e-27)	-9.38678e-08
-0.18515 	1.26872e-02	   (6.88292e-08, 3.23117e-27)	-9.28463e-08
-0.18510 	1.24966e-02	   (6.79790e-08, -3.23117e-27)	-9.18506e-08
-0.18505 	1.23110e-02	   (6.71497e-08, 3.23117e-27)	-9.08798e-08
-0.18500 	1.21303e-02	   (6.63409e-08, 0.00000e+00)	-8.99332e-08
-0.18495 	1.19542e-02	   (6.55517e-08, 0.00000e+00)	-8.90099e-08
-0.18490 	1.17826e-02	   (6.47816e-08, 3.23117e-27)	-8.81093e-08
-0.18485 	1.16153e-02	   (6.40300e-08, 6.46235e-27)	-8.72306e-08
-0.18480 	1.14523e-02	   (6.32963e-08, 0.00000e+00)	-8.63733e-08
-0.18475 	1.12934e-02	   (6.25800e-08, -6.46235e-27)	-8.55366e-08
-0.18470 	1.11384e-02	   (6.18805e-08, 0.00000e+00)	-8.47199e-08
-0.18465 	1.09873e-02	   (6.11972e-08, -3.23117e-27)	-8.39227e-08
-0.18460 	1.08398e-02	   (6.05299e-08, -3.23117e-27)	-8.31443e-08
-0.18455 	1.06960e-02	   (5.98778e-08, 0.00000e+00)	-8.23843e-08
-0.18450 	1.05556e-02	   (5.92406e-08, 0.00000e+00)	-8.16420e-08
-0.18445 	1.04186e-02	   (5.86180e-08, 6.46235e-27)	-8.09170e-08
-0.18440 	1.02849e-02	   (5.80093e-08, 0.00000e+00)	-8.02088e-08
-0.18435 	1.01543e-02	   (5.74143e-08, 0.00000e+00)	-7.95170e-08
-0.18430 	1.00268e-02	   (5.68325e-08, 3.23117e-27)	-7.88410e-08
-0.18425 	9.90235e-03	   (5.62635e-08, -3.23117e-27)	-7.81804e-08
-0.18420 	9.78076e-03	   (5.57071e-08, 0.00000e+00)	-7.75348e-08
-0.18415 	9.66199e-03	   (5.51629e-08, 6.46235e-27)	-7.69039e-08
-0.18410 	9.54595e-03	   (5.46304e-08, 3.23117e-27)	-7.62872e-08
-0.18405 	9.43257e-03	   (5.41095e-08, -3.23117e-27)	-7.56843e-08
-0.18400 	9.32177e-03	   (5.35997e-08, -6.46235e-27)	-7.50948e-08
-0.18395 	9.21347e-03	   (5.31008e-08, 0.00000e+00)	-7.45185e-08
-0.18390 	9.10761e-03	   (5.26125e-08, 3.23117e-27)	-7.39550e-08
-0.18385 	9.00412e-03	   (5.21346e-08, -3.23117e-27)	-7.34039e-08
-0.18380 	8.90294e-03	   (5.16666e-08, 3.23117e-27)	-7.28650e-08
-0.18375 	8.80399e-03	   (5.12085e-08, -3.23117e-27)	-7.23379e-08
-0.18370 	8.70723e-03	   (5.07598e-08, 0.00000e+00)	-7.18223e-08
-0.18365 	8.61258e-03	   (5.03205e-08, 1.61559e-27)	-7.13180e-08
-0.18360 	8.52000e-03	   (4.98902e-08, 0.00000e+00)	-7.08247e-08
-0.18355 	8.42943e-03	   (4.94687e-08, -3.23117e-27)	-7.03420e-08
-0.18350 	8.34082e-03	   (4.90558e-08, 1.61559e-27)	-6.98699e-08
-0.18345 	8.25411e-03	   (4.86513e-08, -1.61559e-27)	-6.94079e-08
-0.18340 	8.16925e-03	   (4.82549e-08, -1.61559e-27)	-6.89560e-08
-0.18335 	8.08621e-03	   (4.78665e-08, -1.61559e-27)	-6.85137e-08
-0.18330 	8.00493e-03	   (4.74860e-08, 0.00000e+00)	-6.80810e-08
-0.18325 	7.92536e-03	   (4.71130e-08, -1.61559e-27)	-6.76575e-08
-0.18320 	7.84747e-03	   (4.67474e-08, 1.61559e-27)	-6.72432e-08
-0.18315 	7.77122e-03	   (4.63891e-08, -1.61559e-27)	-6.68377e-08
-0.18310 	7.69655e-03	   (4.60378e-08, 0.00000e+00)	-6.64409e-08
-0.18305 	7.62344e-03	   (4.56934e-08, 3.23117e-27)	-6.60526e-08
-0.18300 	7.55184e-03	   (4.53558e-08, 0.00000e+00)	-6.56725e-08
-0.18295 	7.48172e-03	   (4.50248e-08, -1.61559e-27)	-6.53007e-08
-0.18290 	7.41305e-03	   (4.47002e-08, 3.23117e-27)	-6.49367e-08
-0.18285 	7.34578e-03	   (4.43819e-08, 0.00000e+00)	-6.45806e-08
-0.18280 	7.27989e-03	   (4.40698e-08, 0.00000e+00)	-6.42320e-08
-0.18275 	7.21534e-03	   (4.37636e-08, 3.23117e-27)	-6.38910e-08
-0.18270 	7.15211e-03	   (4.34634e-08, 0.00000e+00)	-6.35572e-08
-0.18265 	7.09015e-03	   (4.31689e-08, 0.00000e+00)	-6.32306e-08
-0.18260 	7.02945e-03	   (4.28801e-08, -1.61559e-27)	-6.29110e-08
-0.18255 	6.96997e-03	   (4.25968e-08, 1.61559e-27)	-6.25983e-08
-0.18250 	6.91169e-03	   (4.23188e-08, 3.23117e-27)	-6.22923e-08
-0.18245 	6.85458e-03	   (4.20462e-08, 1.61559e-27)	-6.19929e-08
-0.18240 	6.79861e-03	   (4.17787e-08, -1.61559e-27)	-6.17000e-08
-0.18235 	6.74376e-03	   (4.15163e-08, 0.00000e+00)	-6.14135e-08
-0.18230 	6.69000e-03	   (4.12589e-08, 1.61559e-27)	-6.11332e-08
-0.18225 	6.63731e-03	   (4.10063e-08, 0.00000e+00)	-6.08590e-08
-0.18220 	6.58567e-03	   (4.07584e-08, 3.23117e-27)	-6.05908e-08
-0.18215 	6.53506e-03	   (4.05153e-08, -1.61559e-27)	-6.03285e-08
-0.18210 	6.48544e-03	   (4.02767e-08, 1.61559e-27)	-6.00721e-08
-0.18205 	6.43681e-03	   (4.00426e-08, -1.61559e-27)	-5.98213e-08
-0.18200 	6.38915e-03	   (3.98128e-08, 1.61559e-27)	-5.95760e-08
-0.18195 	6.34242e-03	   (3.95874e-08, 1.61559e-27)	-5.93363e-08
-0.18190 	6.29662e-03	   (3.93663e-08, 0.00000e+00)	-5.91020e-08
-0.18185 	6.25171e-03	   (3.91492e-08, 0.00000e+00)	-5.88729e-08
-0.18180 	6.20770e-03	   (3.89363e-08, 1.61559e-27)	-5.86491e-08
-0.18175 	6.16455e-03	   (3.87273e-08, 0.00000e+00)	-5.84304e-08
-0.18170 	6.12226e-03	   (3.85223e-08, -1.61559e-27)	-5.82168e-08
-0.18165 	6.08080e-03	   (3.83211e-08, -1.61559e-27)	-5.80081e-08
-0.18160 	6.04015e-03	   (3.81236e-08, 0.00000e+00)	-5.78043e-08
-0.18155 	6.00031e-03	   (3.79299e-08, 0.00000e+00)	-5.76053e-08
-0.18150 	5.96126e-03	   (3.77399e-08, 0.00000e+00)	-5.74110e-08
-0.18145 	5.92297e-03	   (3.75534e-08, -1.61559e-27)	-5.72214e-08
-0.18140 	5.88545e-03	   (3.73704e-08, 0.00000e+00)	-5.70364e-08
-0.18135 	5.84867e-03	   (3.71909e-08, 0.00000e+00)	-5.68559e-08
-0.18130 	5.81262e-03	   (3.70148e-08, 0.00000e+00)	-5.66798e-08
-0.18125 	5.77728e-03	   (3.68420e-08, 1.61559e-27)	-5.65081e-08
-0.18120 	5.74265e-03	   (3.66725e-08, 1.61559e-27)	-5.63408e-08
-0.18115 	5.70871e-03	   (3.65062e-08, 1.61559e-27)	-5.61777e-08
-0.18110 	5.67545e-03	   (3.63432e-08, -1.61559e-27)	-5.60188e-08
-0.18105 	5.64285e-03	   (3.61832e-08, 0.00000e+00)	-5.58641e-08
-0.18100 	5.61092e-03	   (3.60263e-08, 0.00000e+00)	-5.57134e-08
-0.18095 	5.57962e-03	   (3.58724e-08, -1.61559e-27)	-5.55668e-08
-0.18090 	5.54896e-03	   (3.57216e-08, 0.00000e+00)	-5.54242e-08
-0.18085 	5.51892e-03	   (3.55736e-08, -1.61559e-27)	-5.52855e-08
-0.18080 	5.48950e-03	   (3.54285e-08, -1.61559e-27)	-5.51507e-08
-0.18075 	5.46067e-03	   (3.52863e-08, 8.07794e-28)	-5.50197e-08
-0.18070 	5.43244e-03	   (3.51469e-08, 0.00000e+00)	-5.48925e-08
-0.18065 	5.40479e-03	   (3.50102e-08, 1.61559e-27)	-5.47691e-08
-0.18060 	5.37772e-03	   (3.48763e-08, -8.07794e-28)	-5.46494e-08
-0.18055 	5.35121e-03	   (3.47450e-08, 0.00000e+00)	-5.45333e-08
-0.18050 	5.32526e-03	   (3.46164e-08, 1.61559e-27)	-5.44208e-08
-0.18045 	5.29985e-03	   (3.44904e-08, 8.07794e-28)	-5.43120e-08
-0.18040 	5.27498e-03	   (3.43669e-08, 0.00000e+00)	-5.42066e-08
-0.18035 	5.25065e-03	   (3.42460e-08, 0.00000e+00)	-5.41048e-08
-0.18030 	5.22684e-03	   (3.41276e-08, -8.07794e-28)	-5.40064e-08
-0.18025 	5.20354e-03	   (3.40116e-08, 0.00000e+00)	-5.39115e-08
-0.18020 	5.18075e-03	   (3.38981e-08, 0.00000e+00)	-5.38200e-08
-0.18015 	5.15847e-03	   (3.37869e-08, -8.07794e-28)	-5.37318e-08
-0.18010 	5.13667e-03	   (3.36781e-08, -1.61559e-27)	-5.36470e-08
-0.18005 	5.11537e-03	   (3.35717e-08, -8.07794e-28)	-5.35654e-08
-0.18000 	5.09455e-03	   (3.34676e-08, 0.00000e+00)	-5.34872e-08
-0.17995 	5.07420e-03	   (3.33657e-08, 8.07794e-28)	-5.34122e-08
-0.17990 	5.05432e-03	   (3.32662e-08, -8.07794e-28)	-5.33404e-08
-0.17985 	5.03490e-03	   (3.31688e-08, 8.07794e-28)	-5.32718e-08
-0.17980 	5.01593e-03	   (3.30736e-08, -8.07794e-28)	-5.32064e-08
-0.17975 	4.99742e-03	   (3.29806e-08, 0.00000e+00)	-5.31441e-08
-0.17970 	4.97935e-03	   (3.28898e-08, 1.61559e-27)	-5.30849e-08
-0.17965 	4.96173e-03	   (3.28011e-08, 0.00000e+00)	-5.30288e-08
-0.17960 	4.94453e-03	   (3.27145e-08, 0.00000e+00)	-5.29758e-08
-0.17955 	4.92777e-03	   (3.26300e-08, 8.07794e-28)	-5.29259e-08
-0.17950 	4.91143e-03	   (3.25475e-08, 8.07794e-28)	-5.28790e-08
-0.17945 	4.89551e-03	   (3.24671e-08, 8.07794e-28)	-5.28351e-08
-0.17940 	4.88001e-03	   (3.23886e-08, 8.07794e-28)	-5.27942e-08
-0.17935 	4.86491e-03	   (3.23122e-08, 0.00000e+00)	-5.27563e-08
-0.17930 	4.85022e-03	   (3.22378e-08, 1.61559e-27)	-5.27214e-08
-0.17925 	4.83594e-03	   (3.21653e-08, 8.07794e-28)	-5.26894e-08
-0.17920 	4.82205e-03	   (3.20948e-08, 0.00000e+00)	-5.26603e-08
-0.17915 	4.80856e-03	   (3.20261e-08, 8.07794e-28)	-5.26341e-08
-0.17910 	4.79545e-03	   (3.19594e-08, 8.07794e-28)	-5.26109e-08
-0.17905 	4.78273e-03	   (3.18946e-08, -8.07794e-28)	-5.25905e-08
-0.17900 	4.77040e-03	   (3.18317e-08, -1.61559e-27)	-5.25731e-08
-0.17895 	4.75844e-03	   (3.17706e-08, 8.07794e-28)	-5.25585e-08
-0.17890 	4.74686e-03	   (3.17113e-08, 8.07794e-28)	-5.25468e-08
-0.17885 	4.73566e-03	   (3.16539e-08, -2.42338e-27)	-5.25379e-08
-0.17880 	4.72482e-03	   (3.15983e-08, -1.61559e-27)	-5.25318e-08
-0.17875 	4.71435e-03	   (3.15445e-08, -8.07794e-28)	-5.25286e-08
-0.17870 	4.70425e-03	   (3.14924e-08, 0.00000e+00)	-5.25282e-08
-0.17865 	4.69450e-03	   (3.14422e-08, 1.61559e-27)	-5.25307e-08
-0.17860 	4.68512e-03	   (3.13937e-08, 0.00000e+00)	-5.25359e-08
-0.17855 	4.67609e-03	   (3.13470e-08, -8.07794e-28)	-5.25440e-08
-0.17850 	4.66741e-03	   (3.13020e-08, 0.00000e+00)	-5.25549e-08
-0.17845 	4.65909e-03	   (3.12587e-08, -8.07794e-28)	-5.25686e-08
-0.17840 	4.65112e-03	   (3.12172e-08, -1.61559e-27)	-5.25850e-08
-0.17835 	4.64349e-03	   (3.11773e-08, 1.61559e-27)	-5.26043e-08
-0.17830 	4.63621e-03	   (3.11392e-08, 0.00000e+00)	-5.26264e-08
-0.17825 	4.62927e-03	   (3.11028e-08, 0.00000e+00)	-5.26512e-08
-0.17820 	4.62267e-03	   (3.10680e-08, 0.00000e+00)	-5.26789e-08
-0.17815 	4.61641e-03	   (3.10350e-08, -8.07794e-28)	-5.27093e-08
-0.17810 	4.61049e-03	   (3.10035e-08, -8.07794e-28)	-5.27425e-08
-0.17805 	4.60491e-03	   (3.09738e-08, 1.61559e-27)	-5.27786e-08
-0.17800 	4.59966e-03	   (3.09457e-08, -3.23117e-27)	-5.28174e-08
-0.17795 	4.59475e-03	   (3.09193e-08, -1.61559e-27)	-5.28590e-08
-0.17790 	4.59016e-03	   (3.08945e-08, 0.00000e+00)	-5.29035e-08
-0.17785 	4.58591e-03	   (3.08713e-08, 0.00000e+00)	-5.29507e-08
-0.17780 	4.58199e-03	   (3.08498e-08, 1.61559e-27)	-5.30008e-08
-0.17775 	4.57840e-03	   (3.08299e-08, 8.07794e-28)	-5.30536e-08
-0.17770 	4.57514e-03	   (3.08116e-08, 8.07794e-28)	-5.31094e-08
-0.17765 	4.57221e-03	   (3.07949e-08, -8.07794e-28)	-5.31679e-08
-0.17760 	4.56960e-03	   (3.07799e-08, -8.07794e-28)	-5.32293e-08
-0.17755 	4.56732e-03	   (3.07665e-08, 8.07794e-28)	-5.32935e-08
-0.17750 	4.56536e-03	   (3.07546e-08, 0.00000e+00)	-5.33606e-08
-0.17745 	4.56373e-03	   (3.07444e-08, 8.07794e-28)	-5.34306e-08
-0.17740 	4.56243e-03	   (3.07358e-08, 8.07794e-28)	-5.35034e-08
-0.17735 	4.56145e-03	   (3.07288e-08, 1.61559e-27)	-5.35791e-08
-0.17730 	4.56080e-03	   (3.07234e-08, 0.00000e+00)	-5.36578e-08
-0.17725 	4.56047e-03	   (3.07196e-08, 0.00000e+00)	-5.37393e-08
-0.17720 	4.56046e-03	   (3.07174e-08, 0.00000e+00)	-5.38238e-08
-0.17715 	4.56078e-03	   (3.07168e-08, -8.07794e-28)	-5.39112e-08
-0.17710 	4.56143e-03	   (3.07179e-08, -8.07794e-28)	-5.40016e-08
-0.17705 	4.56240e-03	   (3.07205e-08, 1.61559e-27)	-5.40950e-08
-0.17700 	4.56370e-03	   (3.07247e-08, 1.61559e-27)	-5.41913e-08
-0.17695 	4.56532e-03	   (3.07305e-08, 0.00000e+00)	-5.42907e-08
-0.17690 	4.56727e-03	   (3.07380e-08, 1.61559e-27)	-5.43931e-08
-0.17685 	4.56955e-03	   (3.07470e-08, 8.07794e-28)	-5.44985e-08
-0.17680 	4.57216e-03	   (3.07577e-08, 0.00000e+00)	-5.46070e-08
-0.17675 	4.57509e-03	   (3.07700e-08, -8.07794e-28)	-5.47185e-08
-0.17670 	4.57836e-03	   (3.07839e-08, -1.61559e-27)	-5.48332e-08
-0.17665 	4.58195e-03	   (3.07994e-08, -8.07794e-28)	-5.49510e-08
-0.17660 	4.58588e-03	   (3.08166e-08, 1.61559e-27)	-5.50720e-08
-0.17655 	4.59014e-03	   (3.08353e-08, 0.00000e+00)	-5.51961e-08
-0.17650 	4.59474e-03	   (3.08558e-08, -8.07794e-28)	-5.53234e-08
-0.17645 	4.59967e-03	   (3.08779e-08, 8.07794e-28)	-5.54539e-08
-0.17640 	4.60494e-03	   (3.09016e-08, 0.00000e+00)	-5.55877e-08
-0.17635 	4.61055e-03	   (3.09270e-08, 0.00000e+00)	-5.57248e-08
-0.17630 	4.61650e-03	   (3.09540e-08, -1.61559e-27)	-5.58651e-08
-0.17625 	4.62280e-03	   (3.09827e-08, 0.00000e+00)	-5.60088e-08
-0.17620 	4.62943e-03	   (3.10131e-08, 8.07794e-28)	-5.61559e-08
-0.17615 	4.63642e-03	   (3.10452e-08, 8.07794e-28)	-5.63063e-08
-0.17610 	4.64375e-03	   (3.10790e-08, -1.61559e-27)	-5.64601e-08
-0.17605 	4.65143e-03	   (3.11145e-08, -1.61559e-27)	-5.66175e-08
-0.17600 	4.65947e-03	   (3.11517e-08, -8.07794e-28)	-5.67782e-08
-0.17595 	4.66786e-03	   (3.11906e-08, 0.00000e+00)	-5.69426e-08
-0.17590 	4.67661e-03	   (3.12313e-08, 0.00000e+00)	-5.71104e-08
-0.17585 	4.68572e-03	   (3.12737e-08, 0.00000e+00)	-5.72819e-08
-0.17580 	4.69519e-03	   (3.13178e-08, 0.00000e+00)	-5.74570e-08
-0.17575 	4.70503e-03	   (3.13637e-08, 0.00000e+00)	-5.76358e-08
-0.17570 	4.71524e-03	   (3.14115e-08, 8.07794e-28)	-5.78182e-08
-0.17565 	4.72582e-03	   (3.14610e-08, -8.07794e-28)	-5.80045e-08
-0.17560 	4.73678e-03	   (3.15123e-08, -8.07794e-28)	-5.81945e-08
-0.17555 	4.74812e-03	   (3.15654e-08, 1.61559e-27)	-5.83883e-08
-0.17550 	4.75983e-03	   (3.16204e-08, -1.61559e-27)	-5.85860e-08
-0.17545 	4.77194e-03	   (3.16772e-08, 0.00000e+00)	-5.87877e-08
-0.17540 	4.78443e-03	   (3.17359e-08, 0.00000e+00)	-5.89933e-08
-0.17535 	4.79731e-03	   (3.17964e-08, 8.07794e-28)	-5.92029e-08
-0.17530 	4.81060e-03	   (3.18589e-08, 0.00000e+00)	-5.94166e-08
-0.17525 	4.82428e-03	   (3.19232e-08, 8.07794e-28)	-5.96344e-08
-0.17520 	4.83837e-03	   (3.19895e-08, 0.00000e+00)	-5.98564e-08
-0.17515 	4.85287e-03	   (3.20578e-08, 0.00000e+00)	-6.00825e-08
-0.17510 	4.86778e-03	   (3.21280e-08, 0.00000e+00)	-6.03130e-08
-0.17505 	4.88311e-03	   (3.22002e-08, 0.00000e+00)	-6.05478e-08
-0.17500 	4.89887e-03	   (3.22744e-08, 0.00000e+00)	-6.07870e-08
-0.17495 	4.91505e-03	   (3.23507e-08, 8.07794e-28)	-6.10306e-08
-0.17490 	4.93167e-03	   (3.24290e-08, 8.07794e-28)	-6.12788e-08
-0.17485 	4.94872e-03	   (3.25094e-08, 1.61559e-27)	-6.15315e-08
-0.17480 	4.96623e-03	   (3.25918e-08, 0.00000e+00)	-6.17888e-08
-0.17475 	4.98418e-03	   (3.26764e-08, 0.00000e+00)	-6.20508e-08
-0.17470 	5.00258e-03	   (3.27631e-08, 8.07794e-28)	-6.23176e-08
-0.17465 	5.02145e-03	   (3.28520e-08, 0.00000e+00)	-6.25893e-08
-0.17460 	5.04079e-03	   (3.29431e-08, -8.07794e-28)	-6.28658e-08
-0.17455 	5.06060e-03	   (3.30364e-08, 8.07794e-28)	-6.31473e-08
-0.17450 	5.08089e-03	   (3.31319e-08, -8.07794e-28)	-6.34339e-08
-0.17445 	5.10167e-03	   (3.32298e-08, 8.07794e-28)	-6.37256e-08
-0.17440 	5.12294e-03	   (3.33299e-08, -8.07794e-28)	-6.40225e-08
-0.17435 	5.14471e-03	   (3.34323e-08, 0.00000e+00)	-6.43247e-08
-0.17430 	5.16699e-03	   (3.35371e-08, 0.00000e+00)	-6.46322e-08
-0.17425 	5.18979e-03	   (3.36443e-08, 8.07794e-28)	-6.49452e-08
-0.17420 	5.21311e-03	   (3.37540e-08, 8.07794e-28)	-6.52638e-08
-0.17415 	5.23696e-03	   (3.38660e-08, 8.07794e-28)	-6.55879e-08
-0.17410 	5.26135e-03	   (3.39806e-08, -2.42338e-27)	-6.59178e-08
-0.17405 	5.28629e-03	   (3.40977e-08, -8.07794e-28)	-6.62535e-08
-0.17400 	5.31179e-03	   (3.42174e-08, -1.61559e-27)	-6.65951e-08
-0.17395 	5.33785e-03	   (3.43396e-08, 0.00000e+00)	-6.69427e-08
-0.17390 	5.36448e-03	   (3.44645e-08, 0.00000e+00)	-6.72964e-08
-0.17385 	5.39170e-03	   (3.45921e-08, 0.00000e+00)	-6.76563e-08
-0.17380 	5.41951e-03	   (3.47224e-08, 0.00000e+00)	-6.80225e-08
-0.17375 	5.44793e-03	   (3.48554e-08, 0.00000e+00)	-6.83952e-08
-0.17370 	5.47696e-03	   (3.49912e-08, 0.00000e+00)	-6.87744e-08
-0.17365 	5.50662e-03	   (3.51299e-08, 0.00000e+00)	-6.91602e-08
-0.17360 	5.53690e-03	   (3.52715e-08, 0.00000e+00)	-6.95528e-08
-0.17355 	5.56784e-03	   (3.54160e-08, -1.61559e-27)	-6.99523e-08
-0.17350 	5.59943e-03	   (3.55635e-08, 0.00000e+00)	-7.03588e-08
-0.17345 	5.63170e-03	   (3.57140e-08, 1.61559e-27)	-7.07724e-08
-0.17340 	5.66464e-03	   (3.58675e-08, 1.61559e-27)	-7.11934e-08
-0.17335 	5.69828e-03	   (3.60242e-08, 1.61559e-27)	-7.16217e-08
-0.17330 	5.73262e-03	   (3.61841e-08, 0.00000e+00)	-7.20576e-08
-0.17325 	5.76768e-03	   (3.63473e-08, 0.00000e+00)	-7.25011e-08
-0.17320 	5.80348e-03	   (3.65137e-08, 0.00000e+00)	-7.29525e-08
-0.17315 	5.84003e-03	   (3.66834e-08, -3.23117e-27)	-7.34119e-08
-0.17310 	5.87733e-03	   (3.68566e-08, 1.61559e-27)	-7.38794e-08
-0.17305 	5.91541e-03	   (3.70332e-08, 0.00000e+00)	-7.43552e-08
-0.17300 	5.95429e-03	   (3.72134e-08, 0.00000e+00)	-7.48395e-08
-0.17295 	5.99397e-03	   (3.73972e-08, -1.61559e-27)	-7.53324e-08
-0.17290 	6.03447e-03	   (3.75846e-08, 0.00000e+00)	-7.58341e-08
-0.17285 	6.07582e-03	   (3.77757e-08, 0.00000e+00)	-7.63447e-08
-0.17280 	6.11802e-03	   (3.79707e-08, 1.61559e-27)	-7.68645e-08
-0.17275 	6.16110e-03	   (3.81695e-08, 0.00000e+00)	-7.73937e-08
-0.17270 	6.20507e-03	   (3.83723e-08, 0.00000e+00)	-7.79324e-08
-0.17265 	6.24995e-03	   (3.85790e-08, 1.61559e-27)	-7.84808e-08
-0.17260 	6.29576e-03	   (3.87899e-08, 0.00000e+00)	-7.90392e-08
-0.17255 	6.34252e-03	   (3.90050e-08, 1.61559e-27)	-7.96077e-08
-0.17250 	6.39026e-03	   (3.92243e-08, 1.61559e-27)	-8.01866e-08
-0.17245 	6.43898e-03	   (3.94480e-08, 1.61559e-27)	-8.07760e-08
-0.17240 	6.48872e-03	   (3.96761e-08, 1.61559e-27)	-8.13763e-08
-0.17235 	6.53950e-03	   (3.99087e-08, 0.00000e+00)	-8.19876e-08
-0.17230 	6.59133e-03	   (4.01459e-08, 0.00000e+00)	-8.26101e-08
-0.17225 	6.64425e-03	   (4.03879e-08, -1.61559e-27)	-8.32443e-08
-0.17220 	6.69827e-03	   (4.06347e-08, 1.61559e-27)	-8.38902e-08
-0.17215 	6.75343e-03	   (4.08864e-08, -1.61559e-27)	-8.45481e-08
-0.17210 	6.80974e-03	   (4.11431e-08, 1.61559e-27)	-8.52184e-08
-0.17205 	6.86724e-03	   (4.14049e-08, -1.61559e-27)	-8.59013e-08
-0.17200 	6.92595e-03	   (4.16720e-08, -1.61559e-27)	-8.65971e-08
-0.17195 	6.98590e-03	   (4.19444e-08, 0.00000e+00)	-8.73061e-08
-0.17190 	7.04713e-03	   (4.22223e-08, 0.00000e+00)	-8.80286e-08
-0.17185 	7.10966e-03	   (4.25058e-08, 1.61559e-27)	-8.87649e-08
-0.17180 	7.17351e-03	   (4.27951e-08, 0.00000e+00)	-8.95154e-08
-0.17175 	7.23874e-03	   (4.30902e-08, 0.00000e+00)	-9.02803e-08
-0.17170 	7.30536e-03	   (4.33912e-08, 3.23117e-27)	-9.10600e-08
-0.17165 	7.37342e-03	   (4.36984e-08, 4.84676e-27)	-9.18550e-08
-0.17160 	7.44294e-03	   (4.40119e-08, 0.00000e+00)	-9.26655e-08
-0.17155 	7.51397e-03	   (4.43318e-08, 3.23117e-27)	-9.34919e-08
-0.17150 	7.58655e-03	   (4.46582e-08, 0.00000e+00)	-9.43347e-08
-0.17145 	7.66071e-03	   (4.49914e-08, 4.84676e-27)	-9.51942e-08
-0.17140 	7.73649e-03	   (4.53314e-08, 0.00000e+00)	-9.60708e-08
-0.17135 	7.81394e-03	   (4.56786e-08, 1.61559e-27)	-9.69651e-08
-0.17130 	7.89310e-03	   (4.60329e-08, 0.00000e+00)	-9.78774e-08
-0.17125 	7.97402e-03	   (4.63947e-08, -1.61559e-27)	-9.88082e-08
-0.17120 	8.05674e-03	   (4.67640e-08, -1.61559e-27)	-9.97580e-08
-0.17115 	8.14130e-03	   (4.71412e-08, 1.61559e-27)	-1.00727e-07
-0.17110 	8.22777e-03	   (4.75263e-08, 3.23117e-27)	-1.01717e-07
-0.17105 	8.31619e-03	   (4.79196e-08, -3.23117e-27)	-1.02726e-07
-0.17100 	8.40662e-03	   (4.83214e-08, 0.00000e+00)	-1.03757e-07
-0.17095 	8.49911e-03	   (4.87317e-08, 0.00000e+00)	-1.04810e-07
-0.17090 	8.59371e-03	   (4.91509e-08, 0.00000e+00)	-1.05884e-07
-0.17085 	8.69050e-03	   (4.95792e-08, 0.00000e+00)	-1.06982e-07
-0.17080 	8.78953e-03	   (5.00168e-08, 0.00000e+00)	-1.08103e-07
-0.17075 	8.89086e-03	   (5.04640e-08, 0.00000e+00)	-1.09248e-07
-0.17070 	8.99456e-03	   (5.09210e-08, -3.23117e-27)	-1.10418e-07
-0.17065 	9.10070e-03	   (5.13882e-08, -3.23117e-27)	-1.11614e-07
-0.17060 	9.20935e-03	   (5.18657e-08, 0.00000e+00)	-1.12835e-07
-0.17055 	9.32059e-03	   (5.23540e-08, 3.23117e-27)	-1.14084e-07
-0.17050 	9.43449e-03	   (5.28532e-08, 0.00000e+00)	-1.15360e-07
-0.17045 	9.55114e-03	   (5.33637e-08, 3.23117e-27)	-1.16665e-07
-0.17040 	9.67061e-03	   (5.38859e-08, -6.46235e-27)	-1.18000e-07
-0.17035 	9.79299e-03	   (5.44200e-08, -3.23117e-27)	-1.19365e-07
-0.17030 	9.91838e-03	   (5.49664e-08, -3.23117e-27)	-1.20760e-07
-0.17025 	1.00469e-02	   (5.55255e-08, 3.23117e-27)	-1.22188e-07
-0.17020 	1.01785e-02	   (5.60976e-08, 3.23117e-27)	-1.23650e-07
-0.17015 	1.03135e-02	   (5.66833e-08, -3.23117e-27)	-1.25145e-07
-0.17010 	1.04519e-02	   (5.72827e-08, 6.46235e-27)	-1.26676e-07
-0.17005 	1.05937e-02	   (5.78965e-08, 0.00000e+00)	-1.28242e-07
-0.17000 	1.07392e-02	   (5.85249e-08, 0.00000e+00)	-1.29847e-07
-0.16995 	1.08885e-02	   (5.91686e-08, 3.23117e-27)	-1.31490e-07
-0.16990 	1.10416e-02	   (5.98279e-08, 3.23117e-27)	-1.33172e-07
-0.16985 	1.11987e-02	   (6.05033e-08, 0.00000e+00)	-1.34896e-07
-0.16980 	1.13599e-02	   (6.11955e-08, 0.00000e+00)	-1.36663e-07
-0.16975 	1.15254e-02	   (6.19048e-08, 0.00000e+00)	-1.38473e-07
-0.16970 	1.16953e-02	   (6.26320e-08, 0.00000e+00)	-1.40329e-07
-0.16965 	1.18698e-02	   (6.33775e-08, 3.23117e-27)	-1.42232e-07
-0.16960 	1.20490e-02	   (6.41419e-08, -3.23117e-27)	-1.44183e-07
-0.16955 	1.22331e-02	   (6.49260e-08, 3.23117e-27)	-1.46184e-07
-0.16950 	1.24222e-02	   (6.57304e-08, 0.00000e+00)	-1.48238e-07
-0.16945 	1.26166e-02	   (6.65558e-08, -3.23117e-27)	-1.50345e-07
-0.16940 	1.28164e-02	   (6.74028e-08, 0.00000e+00)	-1.52507e-07
-0.16935 	1.30219e-02	   (6.82723e-08, 9.69352e-27)	-1.54727e-07
-0.16930 	1.32332e-02	   (6.91651e-08, 6.46235e-27)	-1.57007e-07
-0.16925 	1.34506e-02	   (7.00819e-08, 6.46235e-27)	-1.59349e-07
-0.16920 	1.36743e-02	   (7.10238e-08, 1.29247e-26)	-1.61754e-07
-0.16915 	1.39045e-02	   (7.19914e-08, 0.00000e+00)	-1.64226e-07
-0.16910 	1.41414e-02	   (7.29859e-08, 1.29247e-26)	-1.66767e-07
-0.16905 	1.43854e-02	   (7.40082e-08, 6.46235e-27)	-1.69380e-07
-0.16900 	1.46367e-02	   (7.50594e-08, -1.29247e-26)	-1.72067e-07
-0.16895 	1.48957e-02	   (7.61405e-08, -1.29247e-26)	-1.74831e-07
-0.16890 	1.51625e-02	   (7.72527e-08, 0.00000e+00)	-1.77675e-07
-0.16885 	1.54376e-02	   (7.83972e-08, 0.00000e+00)	-1.80602e-07
-0.16880 	1.57212e-02	   (7.95753e-08, 0.00000e+00)	-1.83616e-07
-0.16875 	1.60137e-02	   (8.07882e-08, 0.00000e+00)	-1.86719e-07
-0.16870 	1.63155e-02	   (8.20375e-08, 0.00000e+00)	-1.89917e-07
-0.16865 	1.66270e-02	   (8.33246e-08, 0.00000e+00)	-1.93212e-07
-0.16860 	1.69486e-02	   (8.46509e-08, 0.00000e+00)	-1.96608e-07
-0.16855 	1.72807e-02	   (8.60182e-08, 1.29247e-26)	-2.00111e-07
-0.16850 	1.76237e-02	   (8.74281e-08, 0.00000e+00)	-2.03723e-07
-0.16845 	1.79783e-02	   (8.88826e-08, -6.46235e-27)	-2.07451e-07
-0.16840 	1.83448e-02	   (9.03833e-08, -6.46235e-27)	-2.11299e-07
-0.16835 	1.87237e-02	   (9.19325e-08, -1.29247e-26)	-2.15272e-07
-0.16830 	1.91158e-02	   (9.35321e-08, -6.46235e-27)	-2.19376e-07
-0.16825 	1.95216e-02	   (9.51845e-08, 0.00000e+00)	-2.23617e-07
-0.16820 	1.99416e-02	   (9.68921e-08, 6.46235e-27)	-2.28000e-07
-0.16815 	2.03766e-02	   (9.86572e-08, 0.00000e+00)	-2.32533e-07
-0.16810 	2.08274e-02	   (1.00483e-07, 6.46235e-27)	-2.37223e-07
-0.16805 	2.12946e-02	   (1.02371e-07, 0.00000e+00)	-2.42077e-07
-0.16800 	2.17790e-02	   (1.04326e-07, 1.29247e-26)	-2.47102e-07
-0.16795 	2.22816e-02	   (1.06349e-07, 2.58494e-26)	-2.52307e-07
-0.16790 	2.28031e-02	   (1.08446e-07, -1.29247e-26)	-2.57701e-07
-0.16785 	2.33447e-02	   (1.10618e-07, 1.29247e-26)	-2.63294e-07
-0.16780 	2.39072e-02	   (1.12871e-07, 0.00000e+00)	-2.69094e-07
-0.16775 	2.44919e-02	   (1.15207e-07, -1.29247e-26)	-2.75113e-07
-0.16770 	2.50998e-02	   (1.17632e-07, 0.00000e+00)	-2.81362e-07
-0.16765 	2.57322e-02	   (1.20149e-07, 0.00000e+00)	-2.87853e-07
-0.16760 	2.63904e-02	   (1.22764e-07, 1.29247e-26)	-2.94600e-07
-0.16755 	2.70759e-02	   (1.25482e-07, -1.29247e-26)	-3.01614e-07
-0.16750 	2.77901e-02	   (1.28309e-07, 1.29247e-26)	-3.08912e-07
-0.16745 	2.85347e-02	   (1.31250e-07, 0.00000e+00)	-3.16509e-07
-0.16740 	2.93115e-02	   (1.34312e-07, 1.29247e-26)	-3.24422e-07
-0.16735 	3.01222e-02	   (1.37501e-07, 0.00000e+00)	-3.32668e-07
-0.16730 	3.09690e-02	   (1.40825e-07, 0.00000e+00)	-3.41267e-07
-0.16725 	3.18538e-02	   (1.44292e-07, -1.29247e-26)	-3.50240e-07
-0.16720 	3.27792e-02	   (1.47910e-07, 1.29247e-26)	-3.59609e-07
-0.16715 	3.37474e-02	   (1.51689e-07, -2.58494e-26)	-3.69398e-07
-0.16710 	3.47614e-02	   (1.55637e-07, 2.58494e-26)	-3.79633e-07
-0.16705 	3.58239e-02	   (1.59766e-07, 0.00000e+00)	-3.90341e-07
-0.16700 	3.69380e-02	   (1.64087e-07, 0.00000e+00)	-4.01553e-07
-0.16695 	3.81073e-02	   (1.68613e-07, -2.58494e-26)	-4.13302e-07
-0.16690 	3.93353e-02	   (1.73355e-07, 0.00000e+00)	-4.25622e-07
-0.16685 	4.06261e-02	   (1.78330e-07, 0.00000e+00)	-4.38552e-07
-0.16680 	4.19839e-02	   (1.83553e-07, 0.00000e+00)	-4.52132e-07
-0.16675 	4.34136e-02	   (1.89040e-07, 0.00000e+00)	-4.66409e-07
-0.16670 	4.49203e-02	   (1.94811e-07, 0.00000e+00)	-4.81432e-07
-0.16665 	4.65095e-02	   (2.00885e-07, 0.00000e+00)	-4.97253e-07
-0.16660 	4.81875e-02	   (2.07284e-07, -5.16988e-26)	-5.13932e-07
-0.16655 	4.99608e-02	   (2.14033e-07, -2.58494e-26)	-5.31531e-07
-0.16650 	5.18369e-02	   (2.21158e-07, -2.58494e-26)	-5.50122e-07
-0.16645 	5.38240e-02	   (2.28687e-07, 1.03398e-25)	-5.69781e-07
-0.16640 	5.59307e-02	   (2.36654e-07, 5.16988e-26)	-5.90592e-07
-0.16635 	5.81671e-02	   (2.45092e-07, -5.16988e-26)	-6.12648e-07
-0.16630 	6.05438e-02	   (2.54040e-07, -5.16988e-26)	-6.36053e-07
-0.16625 	6.30729e-02	   (2.63541e-07, 0.00000e+00)	-6.60920e-07
-0.16620 	6.57678e-02	   (2.73643e-07, 0.00000e+00)	-6.87373e-07
-0.16615 	6.86430e-02	   (2.84397e-07, 0.00000e+00)	-7.15555e-07
-0.16610 	7.17152e-02	   (2.95863e-07, 0.00000e+00)	-7.45618e-07
-0.16605 	7.50028e-02	   (3.08105e-07, 0.00000e+00)	-7.77738e-07
-0.16600 	7.85262e-02	   (3.21197e-07, 0.00000e+00)	-8.12109e-07
-0.16595 	8.23086e-02	   (3.35220e-07, -5.16988e-26)	-8.48947e-07
-0.16590 	8.63760e-02	   (3.50266e-07, 1.03398e-25)	-8.88499e-07
-0.16585 	9.07577e-02	   (3.66438e-07, 1.03398e-25)	-9.31039e-07
-0.16580 	9.54870e-02	   (3.83853e-07, -1.03398e-25)	-9.76881e-07
-0.16575 	1.00602e-01	   (4.02646e-07, 1.03398e-25)	-1.02638e-06
-0.16570 	1.06145e-01	   (4.22965e-07, -1.03398e-25)	-1.07994e-06
-0.16565 	1.12165e-01	   (4.44986e-07, 0.00000e+00)	-1.13801e-06
-0.16560 	1.18719e-01	   (4.68904e-07, 1.03398e-25)	-1.20114e-06
-0.16555 	1.25872e-01	   (4.94948e-07, -2.06795e-25)	-1.26992e-06
-0.16550 	1.33699e-01	   (5.23381e-07, 0.00000e+00)	-1.34507e-06
-0.16545 	1.42288e-01	   (5.54509e-07, 0.00000e+00)	-1.42739e-06
-0.16540 	1.51741e-01	   (5.88688e-07, 2.06795e-25)	-1.51784e-06
-0.16535 	1.62176e-01	   (6.26335e-07, 2.06795e-25)	-1.61755e-06
-0.16530 	1.73737e-01	   (6.67943e-07, 0.00000e+00)	-1.72782e-06
-0.16525 	1.86589e-01	   (7.14093e-07, 0.00000e+00)	-1.85021e-06
-0.16520 	2.00934e-01	   (7.65481e-07, -2.06795e-25)	-1.98659e-06
-0.16515 	2.17011e-01	   (8.22940e-07, -2.06795e-25)	-2.13920e-06
-0.16510 	2.35111e-01	   (8.87476e-07, 0.00000e+00)	-2.31072e-06
-0.16505 	2.55588e-01	   (9.60316e-07, 8.27181e-25)	-2.50445e-06
-0.16500 	2.78878e-01	   (1.04296e-06, 0.00000e+00)	-2.72443e-06
-0.16495 	3.05519e-01	   (1.13728e-06, 0.00000e+00)	-2.97565e-06
-0.16490 	3.36187e-01	   (1.24559e-06, 4.13590e-25)	-3.26436e-06
-0.16485 	3.71738e-01	   (1.37085e-06, 0.00000e+00)	-3.59849e-06
