0.000 0.00000e+00
0.001 -5.08236e-11
0.002 -1.01644e-10
0.003 -1.52458e-10
0.004 -2.03263e-10
0.005 -2.54054e-10
0.006 -3.04830e-10
0.007 -3.55587e-10
0.008 -4.06321e-10
0.009 -4.57030e-10
0.010 -5.07710e-10
0.011 -5.58358e-10
0.012 -6.08972e-10
0.013 -6.59547e-10
0.014 -7.10082e-10
0.015 -7.60572e-10
0.016 -8.11015e-10
0.017 -8.61407e-10
0.018 -9.11746e-10
0.019 -9.62028e-10
0.020 -1.01225e-09
0.021 -1.06241e-09
0.022 -1.11251e-09
0.023 -1.16253e-09
0.024 -1.21249e-09
0.025 -1.26237e-09
0.026 -1.31217e-09
0.027 -1.36190e-09
0.028 -1.41154e-09
0.029 -1.46109e-09
0.030 -1.51056e-09
0.031 -1.55994e-09
0.032 -1.60922e-09
0.033 -1.65840e-09
0.034 -1.70749e-09
0.035 -1.75647e-09
0.036 -1.80535e-09
0.037 -1.85412e-09
0.038 -1.90278e-09
0.039 -1.95133e-09
0.040 -1.99977e-09
0.041 -2.04809e-09
0.042 -2.09628e-09
0.043 -2.14436e-09
0.044 -2.19231e-09
0.045 -2.24013e-09
0.046 -2.28783e-09
0.047 -2.33539e-09
0.048 -2.38282e-09
0.049 -2.43011e-09
0.050 -2.47727e-09
0.051 -2.52428e-09
0.052 -2.57115e-09
0.053 -2.61788e-09
0.054 -2.66446e-09
0.055 -2.71089e-09
0.056 -2.75717e-09
0.057 -2.80330e-09
0.058 -2.84927e-09
0.059 -2.89509e-09
0.060 -2.94075e-09
0.061 -2.98624e-09
0.062 -3.03158e-09
0.063 -3.07675e-09
0.064 -3.12175e-09
0.065 -3.16659e-09
0.066 -3.21126e-09
0.067 -3.25575e-09
0.068 -3.30008e-09
0.069 -3.34423e-09
0.070 -3.38820e-09
0.071 -3.43199e-09
0.072 -3.47561e-09
0.073 -3.51904e-09
0.074 -3.56230e-09
0.075 -3.60536e-09
0.076 -3.64825e-09
0.077 -3.69094e-09
0.078 -3.73345e-09
0.079 -3.77577e-09
0.080 -3.81790e-09
0.081 -3.85983e-09
0.082 -3.90157e-09
0.083 -3.94312e-09
0.084 -3.98447e-09
0.085 -4.02562e-09
0.086 -4.06657e-09
0.087 -4.10732e-09
0.088 -4.14787e-09
0.089 -4.18822e-09
0.090 -4.22837e-09
0.091 -4.26831e-09
0.092 -4.30804e-09
0.093 -4.34757e-09
0.094 -4.38689e-09
0.095 -4.42600e-09
0.096 -4.46490e-09
0.097 -4.50359e-09
0.098 -4.54206e-09
0.099 -4.58033e-09
0.100 -4.61838e-09
