-0.20000 	5.51472e-03	   (6.68055e-09, 0.00000e+00)	-5.51763e-09
-0.19995 	5.56374e-03	   (6.79303e-09, 4.03897e-28)	-5.61983e-09
-0.19990 	5.61359e-03	   (6.90770e-09, 0.00000e+00)	-5.72416e-09
-0.19985 	5.66429e-03	   (7.02461e-09, 0.00000e+00)	-5.83068e-09
-0.19980 	5.71586e-03	   (7.14382e-09, 4.03897e-28)	-5.93945e-09
-0.19975 	5.76832e-03	   (7.26538e-09, 0.00000e+00)	-6.05052e-09
-0.19970 	5.82168e-03	   (7.38935e-09, 8.07794e-28)	-6.16395e-09
-0.19965 	5.87597e-03	   (7.51578e-09, 0.00000e+00)	-6.27981e-09
-0.19960 	5.93121e-03	   (7.64475e-09, 8.07794e-28)	-6.39815e-09
-0.19955 	5.98742e-03	   (7.77631e-09, 0.00000e+00)	-6.51903e-09
-0.19950 	6.04463e-03	   (7.91053e-09, 8.07794e-28)	-6.64254e-09
-0.19945 	6.10285e-03	   (8.04748e-09, 0.00000e+00)	-6.76872e-09
-0.19940 	6.16211e-03	   (8.18722e-09, 0.00000e+00)	-6.89766e-09
-0.19935 	6.22243e-03	   (8.32982e-09, 0.00000e+00)	-7.02943e-09
-0.19930 	6.28385e-03	   (8.47537e-09, -8.07794e-28)	-7.16410e-09
-0.19925 	6.34638e-03	   (8.62393e-09, 0.00000e+00)	-7.30175e-09
-0.19920 	6.41006e-03	   (8.77559e-09, 0.00000e+00)	-7.44246e-09
-0.19915 	6.47490e-03	   (8.93042e-09, 0.00000e+00)	-7.58632e-09
-0.19910 	6.54094e-03	   (9.08851e-09, -8.07794e-28)	-7.73340e-09
-0.19905 	6.60822e-03	   (9.24994e-09, 1.61559e-27)	-7.88380e-09
-0.19900 	6.67674e-03	   (9.41481e-09, 0.00000e+00)	-8.03760e-09
-0.19895 	6.74656e-03	   (9.58320e-09, 0.00000e+00)	-8.19491e-09
-0.19890 	6.81770e-03	   (9.75521e-09, 0.00000e+00)	-8.35582e-09
-0.19885 	6.89020e-03	   (9.93094e-09, 1.61559e-27)	-8.52043e-09
-0.19880 	6.96408e-03	   (1.01105e-08, 0.00000e+00)	-8.68884e-09
-0.19875 	7.03938e-03	   (1.02940e-08, 0.00000e+00)	-8.86116e-09
-0.19870 	7.11615e-03	   (1.04815e-08, 0.00000e+00)	-9.03751e-09
-0.19865 	7.19441e-03	   (1.06731e-08, 0.00000e+00)	-9.21799e-09
-0.19860 	7.27421e-03	   (1.08690e-08, 0.00000e+00)	-9.40273e-09
-0.19855 	7.35559e-03	   (1.10693e-08, 8.07794e-28)	-9.59184e-09
-0.19850 	7.43858e-03	   (1.12741e-08, 8.07794e-28)	-9.78547e-09
-0.19845 	7.52324e-03	   (1.14835e-08, -8.07794e-28)	-9.98373e-09
-0.19840 	7.60959e-03	   (1.16976e-08, 8.07794e-28)	-1.01868e-08
-0.19835 	7.69770e-03	   (1.19167e-08, 8.07794e-28)	-1.03947e-08
-0.19830 	7.78761e-03	   (1.21408e-08, -8.07794e-28)	-1.06077e-08
-0.19825 	7.87936e-03	   (1.23701e-08, -1.61559e-27)	-1.08260e-08
-0.19820 	7.97301e-03	   (1.26047e-08, -8.07794e-28)	-1.10496e-08
-0.19815 	8.06861e-03	   (1.28448e-08, -1.61559e-27)	-1.12787e-08
-0.19810 	8.16621e-03	   (1.30906e-08, 1.61559e-27)	-1.15135e-08
-0.19805 	8.26587e-03	   (1.33422e-08, 3.23117e-27)	-1.17543e-08
-0.19800 	8.36765e-03	   (1.35998e-08, 0.00000e+00)	-1.20010e-08
-0.19795 	8.47160e-03	   (1.38636e-08, 0.00000e+00)	-1.22541e-08
-0.19790 	8.57779e-03	   (1.41337e-08, 0.00000e+00)	-1.25135e-08
-0.19785 	8.68629e-03	   (1.44104e-08, 0.00000e+00)	-1.27796e-08
-0.19780 	8.79715e-03	   (1.46939e-08, 0.00000e+00)	-1.30526e-08
-0.19775 	8.91045e-03	   (1.49844e-08, 0.00000e+00)	-1.33327e-08
-0.19770 	9.02627e-03	   (1.52820e-08, 1.61559e-27)	-1.36200e-08
-0.19765 	9.14467e-03	   (1.55871e-08, 0.00000e+00)	-1.39149e-08
-0.19760 	9.26573e-03	   (1.58998e-08, -1.61559e-27)	-1.42176e-08
-0.19755 	9.38953e-03	   (1.62205e-08, 1.61559e-27)	-1.45283e-08
-0.19750 	9.51615e-03	   (1.65493e-08, 0.00000e+00)	-1.48473e-08
-0.19745 	9.64569e-03	   (1.68865e-08, 1.61559e-27)	-1.51750e-08
-0.19740 	9.77823e-03	   (1.72324e-08, 3.23117e-27)	-1.55114e-08
-0.19735 	9.91386e-03	   (1.75873e-08, 0.00000e+00)	-1.58571e-08
-0.19730 	1.00527e-02	   (1.79514e-08, 0.00000e+00)	-1.62122e-08
-0.19725 	1.01948e-02	   (1.83252e-08, -1.61559e-27)	-1.65772e-08
-0.19720 	1.03403e-02	   (1.87088e-08, 0.00000e+00)	-1.69522e-08
-0.19715 	1.04893e-02	   (1.91027e-08, 0.00000e+00)	-1.73378e-08
-0.19710 	1.06419e-02	   (1.95072e-08, 1.61559e-27)	-1.77343e-08
-0.19705 	1.07983e-02	   (1.99227e-08, 3.23117e-27)	-1.81419e-08
-0.19700 	1.09585e-02	   (2.03495e-08, 0.00000e+00)	-1.85613e-08
-0.19695 	1.11227e-02	   (2.07880e-08, 0.00000e+00)	-1.89926e-08
-0.19690 	1.12910e-02	   (2.12387e-08, 0.00000e+00)	-1.94365e-08
-0.19685 	1.14636e-02	   (2.17020e-08, -3.23117e-27)	-1.98933e-08
-0.19680 	1.16406e-02	   (2.21783e-08, -3.23117e-27)	-2.03636e-08
-0.19675 	1.18221e-02	   (2.26680e-08, 0.00000e+00)	-2.08477e-08
-0.19670 	1.20083e-02	   (2.31718e-08, -3.23117e-27)	-2.13463e-08
-0.19665 	1.21994e-02	   (2.36901e-08, 0.00000e+00)	-2.18599e-08
-0.19660 	1.23956e-02	   (2.42234e-08, 0.00000e+00)	-2.23890e-08
-0.19655 	1.25969e-02	   (2.47723e-08, 0.00000e+00)	-2.29342e-08
-0.19650 	1.28037e-02	   (2.53374e-08, 3.23117e-27)	-2.34962e-08
-0.19645 	1.30161e-02	   (2.59193e-08, 0.00000e+00)	-2.40756e-08
-0.19640 	1.32342e-02	   (2.65186e-08, 6.46235e-27)	-2.46730e-08
-0.19635 	1.34584e-02	   (2.71360e-08, -6.46235e-27)	-2.52893e-08
-0.19630 	1.36889e-02	   (2.77723e-08, -3.23117e-27)	-2.59251e-08
-0.19625 	1.39258e-02	   (2.84281e-08, 0.00000e+00)	-2.65812e-08
-0.19620 	1.41694e-02	   (2.91042e-08, 3.23117e-27)	-2.72584e-08
-0.19615 	1.44200e-02	   (2.98014e-08, 6.46235e-27)	-2.79576e-08
-0.19610 	1.46779e-02	   (3.05207e-08, 0.00000e+00)	-2.86798e-08
-0.19605 	1.49433e-02	   (3.12628e-08, 0.00000e+00)	-2.94257e-08
-0.19600 	1.52165e-02	   (3.20288e-08, 0.00000e+00)	-3.01966e-08
-0.19595 	1.54978e-02	   (3.28196e-08, -3.23117e-27)	-3.09933e-08
-0.19590 	1.57876e-02	   (3.36362e-08, 0.00000e+00)	-3.18171e-08
-0.19585 	1.60862e-02	   (3.44798e-08, -3.23117e-27)	-3.26690e-08
-0.19580 	1.63939e-02	   (3.53514e-08, -3.23117e-27)	-3.35503e-08
-0.19575 	1.67112e-02	   (3.62524e-08, -6.46235e-27)	-3.44623e-08
-0.19570 	1.70385e-02	   (3.71840e-08, 0.00000e+00)	-3.54064e-08
-0.19565 	1.73760e-02	   (3.81474e-08, -6.46235e-27)	-3.63839e-08
-0.19560 	1.77244e-02	   (3.91443e-08, 0.00000e+00)	-3.73964e-08
-0.19555 	1.80841e-02	   (4.01759e-08, -6.46235e-27)	-3.84455e-08
-0.19550 	1.84555e-02	   (4.12440e-08, 0.00000e+00)	-3.95329e-08
-0.19545 	1.88391e-02	   (4.23502e-08, 0.00000e+00)	-4.06603e-08
-0.19540 	1.92356e-02	   (4.34962e-08, -1.29247e-26)	-4.18297e-08
-0.19535 	1.96455e-02	   (4.46840e-08, -6.46235e-27)	-4.30431e-08
-0.19530 	2.00694e-02	   (4.59154e-08, 0.00000e+00)	-4.43025e-08
-0.19525 	2.05079e-02	   (4.71926e-08, 0.00000e+00)	-4.56102e-08
-0.19520 	2.09618e-02	   (4.85178e-08, 0.00000e+00)	-4.69685e-08
-0.19515 	2.14317e-02	   (4.98934e-08, 0.00000e+00)	-4.83801e-08
-0.19510 	2.19185e-02	   (5.13218e-08, -1.29247e-26)	-4.98475e-08
-0.19505 	2.24229e-02	   (5.28057e-08, -6.46235e-27)	-5.13736e-08
-0.19500 	2.29457e-02	   (5.43479e-08, 0.00000e+00)	-5.29615e-08
-0.19495 	2.34880e-02	   (5.59514e-08, 1.29247e-26)	-5.46142e-08
-0.19490 	2.40507e-02	   (5.76193e-08, 0.00000e+00)	-5.63354e-08
-0.19485 	2.46348e-02	   (5.93551e-08, -1.29247e-26)	-5.81285e-08
-0.19480 	2.52414e-02	   (6.11623e-08, 0.00000e+00)	-5.99975e-08
-0.19475 	2.58717e-02	   (6.30449e-08, -1.29247e-26)	-6.19465e-08
-0.19470 	2.65270e-02	   (6.50069e-08, 1.29247e-26)	-6.39799e-08
-0.19465 	2.72085e-02	   (6.70526e-08, 1.29247e-26)	-6.61025e-08
-0.19460 	2.79178e-02	   (6.91869e-08, 2.58494e-26)	-6.83194e-08
-0.19455 	2.86562e-02	   (7.14147e-08, 0.00000e+00)	-7.06359e-08
-0.19450 	2.94255e-02	   (7.37413e-08, 2.58494e-26)	-7.30578e-08
-0.19445 	3.02275e-02	   (7.61726e-08, 0.00000e+00)	-7.55914e-08
-0.19440 	3.10638e-02	   (7.87147e-08, 0.00000e+00)	-7.82433e-08
-0.19435 	3.19367e-02	   (8.13742e-08, 0.00000e+00)	-8.10207e-08
-0.19430 	3.28482e-02	   (8.41584e-08, 0.00000e+00)	-8.39314e-08
-0.19425 	3.38006e-02	   (8.70748e-08, 1.29247e-26)	-8.69836e-08
-0.19420 	3.47964e-02	   (9.01318e-08, 0.00000e+00)	-9.01863e-08
-0.19415 	3.58384e-02	   (9.33382e-08, 0.00000e+00)	-9.35491e-08
-0.19410 	3.69293e-02	   (9.67038e-08, -1.29247e-26)	-9.70826e-08
-0.19405 	3.80723e-02	   (1.00239e-07, 0.00000e+00)	-1.00798e-07
-0.19400 	3.92709e-02	   (1.03955e-07, 0.00000e+00)	-1.04707e-07
-0.19395 	4.05286e-02	   (1.07864e-07, 0.00000e+00)	-1.08824e-07
-0.19390 	4.18494e-02	   (1.11979e-07, 0.00000e+00)	-1.13163e-07
-0.19385 	4.32375e-02	   (1.16314e-07, -2.58494e-26)	-1.17739e-07
-0.19380 	4.46978e-02	   (1.20886e-07, 0.00000e+00)	-1.22569e-07
-0.19375 	4.62352e-02	   (1.25712e-07, 0.00000e+00)	-1.27672e-07
-0.19370 	4.78552e-02	   (1.30809e-07, -5.16988e-26)	-1.33069e-07
-0.19365 	4.95640e-02	   (1.36199e-07, 2.58494e-26)	-1.38781e-07
-0.19360 	5.13680e-02	   (1.41903e-07, 0.00000e+00)	-1.44832e-07
-0.19355 	5.32746e-02	   (1.47946e-07, 2.58494e-26)	-1.51250e-07
-0.19350 	5.52916e-02	   (1.54354e-07, -2.58494e-26)	-1.58062e-07
-0.19345 	5.74278e-02	   (1.61158e-07, -5.16988e-26)	-1.65303e-07
-0.19340 	5.96927e-02	   (1.68389e-07, -5.16988e-26)	-1.73006e-07
-0.19335 	6.20968e-02	   (1.76084e-07, 0.00000e+00)	-1.81210e-07
-0.19330 	6.46519e-02	   (1.84282e-07, 0.00000e+00)	-1.89960e-07
-0.19325 	6.73708e-02	   (1.93026e-07, -1.03398e-25)	-1.99303e-07
-0.19320 	7.02679e-02	   (2.02366e-07, 5.16988e-26)	-2.09292e-07
-0.19315 	7.33590e-02	   (2.12356e-07, 0.00000e+00)	-2.19987e-07
-0.19310 	7.66620e-02	   (2.23056e-07, 0.00000e+00)	-2.31453e-07
-0.19305 	8.01965e-02	   (2.34534e-07, 0.00000e+00)	-2.43766e-07
-0.19300 	8.39848e-02	   (2.46865e-07, 0.00000e+00)	-2.57007e-07
-0.19295 	8.80518e-02	   (2.60135e-07, 0.00000e+00)	-2.71270e-07
-0.19290 	9.24254e-02	   (2.74441e-07, 0.00000e+00)	-2.86661e-07
-0.19285 	9.71374e-02	   (2.89890e-07, 1.03398e-25)	-3.03299e-07
-0.19280 	1.02223e-01	   (3.06605e-07, 0.00000e+00)	-3.21318e-07
-0.19275 	1.07724e-01	   (3.24727e-07, 0.00000e+00)	-3.40872e-07
-0.19270 	1.13687e-01	   (3.44415e-07, 0.00000e+00)	-3.62137e-07
-0.19265 	1.20163e-01	   (3.65853e-07, 0.00000e+00)	-3.85313e-07
-0.19260 	1.27214e-01	   (3.89249e-07, -1.03398e-25)	-4.10632e-07
-0.19255 	1.34911e-01	   (4.14847e-07, 1.03398e-25)	-4.38360e-07
-0.19250 	1.43335e-01	   (4.42928e-07, 1.03398e-25)	-4.68806e-07
-0.19245 	1.52579e-01	   (4.73819e-07, 0.00000e+00)	-5.02330e-07
-0.19240 	1.62754e-01	   (5.07901e-07, 2.06795e-25)	-5.39354e-07
-0.19235 	1.73991e-01	   (5.45624e-07, 0.00000e+00)	-5.80371e-07
-0.19230 	1.86440e-01	   (5.87520e-07, 0.00000e+00)	-6.25967e-07
-0.19225 	2.00284e-01	   (6.34217e-07, 4.13590e-25)	-6.76838e-07
-0.19220 	2.15739e-01	   (6.86471e-07, -2.06795e-25)	-7.33814e-07
-0.19215 	2.33065e-01	   (7.45187e-07, 0.00000e+00)	-7.97896e-07
-0.19210 	2.52577e-01	   (8.11463e-07, 8.27181e-25)	-8.70297e-07
-0.19205 	2.74658e-01	   (8.86642e-07, 0.00000e+00)	-9.52498e-07
-0.19200 	2.99780e-01	   (9.72373e-07, 0.00000e+00)	-1.04632e-06
-0.19195 	3.28528e-01	   (1.07071e-06, 4.13590e-25)	-1.15404e-06
-0.19190 	3.61636e-01	   (1.18421e-06, -4.13590e-25)	-1.27849e-06
-0.19185 	4.00032e-01	   (1.31615e-06, 0.00000e+00)	-1.42328e-06
-0.19180 	4.44906e-01	   (1.47070e-06, 8.27181e-25)	-1.59304e-06
-0.19175 	4.97800e-01	   (1.65329e-06, 0.00000e+00)	-1.79377e-06
-0.19170 	5.60748e-01	   (1.87107e-06, -8.27181e-25)	-2.03342e-06
-0.19165 	6.36468e-01	   (2.13364e-06, -1.65436e-24)	-2.32261e-06
-0.19160 	7.28668e-01	   (2.45407e-06, 0.00000e+00)	-2.67583e-06
-0.19155 	8.42500e-01	   (2.85057e-06, 0.00000e+00)	-3.11329e-06
-0.19150 	9.85307e-01	   (3.34908e-06, 3.30872e-24)	-3.66380e-06
-0.19145 	1.16783e+00	   (3.98763e-06, 0.00000e+00)	-4.36955e-06
-0.19140 	1.40629e+00	   (4.82367e-06, 3.30872e-24)	-5.29440e-06
-0.19135 	1.72614e+00	   (5.94741e-06, -6.61744e-24)	-6.53860e-06
-0.19130 	2.16915e+00	   (7.50702e-06, -6.61744e-24)	-8.26688e-06
-0.19125 	2.80781e+00	   (9.75974e-06, 0.00000e+00)	-1.07654e-05
-0.19120 	3.77709e+00	   (1.31846e-05, 0.00000e+00)	-1.45672e-05
-0.19115 	5.35235e+00	   (1.87588e-05, 0.00000e+00)	-2.07602e-05
-0.19110 	8.17026e+00	   (2.87391e-05, 0.00000e+00)	-3.18578e-05
-0.19105 	1.39967e+01	   (4.93666e-05, -2.11758e-22)	-5.48142e-05
-0.19100 	2.94166e+01	   (1.03741e-04, -8.47033e-22)	-1.15379e-04
-0.19095 	9.92787e+01	   (3.45321e-04, -3.38813e-21)	-3.84695e-04
-0.19090 	1.18124e+04	   (3.01303e-02, -8.67362e-19)	-3.36213e-02
-0.19085 	4.03380e+02	   (1.29139e-03, 1.35525e-20)	-1.44339e-03
-0.19080 	5.27953e+01	   (1.87527e-04, 2.54110e-21)	-2.09946e-04
-0.19075 	2.04324e+01	   (7.37624e-05, -2.11758e-22)	-8.27174e-05
-0.19070 	1.08193e+01	   (3.93713e-05, 0.00000e+00)	-4.42241e-05
-0.19065 	6.69371e+00	   (2.45032e-05, -5.29396e-23)	-2.75689e-05
-0.19060 	4.54885e+00	   (1.67381e-05, 2.64698e-23)	-1.88634e-05
-0.19055 	3.29223e+00	   (1.21728e-05, -1.32349e-23)	-1.37411e-05
-0.19050 	2.49304e+00	   (9.26074e-06, 0.00000e+00)	-1.04711e-05
-0.19045 	1.95337e+00	   (7.28897e-06, 0.00000e+00)	-8.25524e-06
-0.19040 	1.57184e+00	   (5.89149e-06, 0.00000e+00)	-6.68352e-06
-0.19035 	1.29218e+00	   (4.86465e-06, 3.30872e-24)	-5.52776e-06
-0.19030 	1.08110e+00	   (4.08777e-06, 0.00000e+00)	-4.65265e-06
-0.19025 	9.17866e-01	   (3.48561e-06, 3.30872e-24)	-3.97384e-06
-0.19020 	7.89040e-01	   (3.00930e-06, 1.65436e-24)	-3.43648e-06
-0.19015 	6.85586e-01	   (2.62594e-06, -1.65436e-24)	-3.00365e-06
-0.19010 	6.01252e-01	   (2.31273e-06, 0.00000e+00)	-2.64977e-06
-0.19005 	5.31602e-01	   (2.05349e-06, 0.00000e+00)	-2.35663e-06
-0.19000 	4.73413e-01	   (1.83643e-06, -8.27181e-25)	-2.11101e-06
-0.18995 	4.24301e-01	   (1.65284e-06, 1.65436e-24)	-1.90311e-06
-0.18990 	3.82473e-01	   (1.49614e-06, 0.00000e+00)	-1.72552e-06
-0.18985 	3.46556e-01	   (1.36129e-06, 8.27181e-25)	-1.57259e-06
-0.18980 	3.15486e-01	   (1.24439e-06, 0.00000e+00)	-1.43992e-06
-0.18975 	2.88428e-01	   (1.14237e-06, 0.00000e+00)	-1.32405e-06
-0.18970 	2.64721e-01	   (1.05279e-06, -4.13590e-25)	-1.22224e-06
-0.18965 	2.43834e-01	   (9.73696e-07, 0.00000e+00)	-1.13229e-06
-0.18960 	2.25335e-01	   (9.03503e-07, 0.00000e+00)	-1.05240e-06
-0.18955 	2.08875e-01	   (8.40913e-07, 6.20385e-25)	-9.81111e-07
-0.18950 	1.94164e-01	   (7.84858e-07, -6.20385e-25)	-9.17223e-07
-0.18945 	1.80963e-01	   (7.34453e-07, -4.13590e-25)	-8.59734e-07
-0.18940 	1.69072e-01	   (6.88955e-07, -2.06795e-25)	-8.07808e-07
-0.18935 	1.58324e-01	   (6.47744e-07, 0.00000e+00)	-7.60742e-07
-0.18930 	1.48577e-01	   (6.10292e-07, -2.06795e-25)	-7.17940e-07
-0.18925 	1.39709e-01	   (5.76152e-07, -2.06795e-25)	-6.78898e-07
-0.18920 	1.31619e-01	   (5.44941e-07, 1.03398e-25)	-6.43181e-07
-0.18915 	1.24219e-01	   (5.16330e-07, 0.00000e+00)	-6.10419e-07
-0.18910 	1.17431e-01	   (4.90035e-07, -1.03398e-25)	-5.80289e-07
-0.18905 	1.11190e-01	   (4.65811e-07, 0.00000e+00)	-5.52514e-07
-0.18900 	1.05439e-01	   (4.43442e-07, -1.03398e-25)	-5.26851e-07
-0.18895 	1.00128e-01	   (4.22744e-07, 0.00000e+00)	-5.03088e-07
-0.18890 	9.52133e-02	   (4.03550e-07, 0.00000e+00)	-4.81040e-07
-0.18885 	9.06563e-02	   (3.85719e-07, -2.06795e-25)	-4.60543e-07
-0.18880 	8.64232e-02	   (3.69121e-07, 0.00000e+00)	-4.41454e-07
-0.18875 	8.24840e-02	   (3.53645e-07, 0.00000e+00)	-4.23643e-07
-0.18870 	7.88121e-02	   (3.39190e-07, -5.16988e-26)	-4.06999e-07
-0.18865 	7.53839e-02	   (3.25668e-07, 0.00000e+00)	-3.91419e-07
-0.18860 	7.21783e-02	   (3.12999e-07, 5.16988e-26)	-3.76813e-07
-0.18855 	6.91765e-02	   (3.01112e-07, 0.00000e+00)	-3.63101e-07
-0.18850 	6.63615e-02	   (2.89943e-07, 0.00000e+00)	-3.50210e-07
-0.18845 	6.37182e-02	   (2.79435e-07, 0.00000e+00)	-3.38074e-07
-0.18840 	6.12328e-02	   (2.69535e-07, 0.00000e+00)	-3.26636e-07
-0.18835 	5.88932e-02	   (2.60198e-07, 0.00000e+00)	-3.15841e-07
-0.18830 	5.66881e-02	   (2.51380e-07, 5.16988e-26)	-3.05641e-07
-0.18825 	5.46073e-02	   (2.43044e-07, 0.00000e+00)	-2.95994e-07
-0.18820 	5.26418e-02	   (2.35154e-07, 0.00000e+00)	-2.86858e-07
-0.18815 	5.07832e-02	   (2.27679e-07, -2.58494e-26)	-2.78198e-07
-0.18810 	4.90239e-02	   (2.20590e-07, 2.58494e-26)	-2.69981e-07
-0.18805 	4.73569e-02	   (2.13860e-07, -2.58494e-26)	-2.62176e-07
-0.18800 	4.57759e-02	   (2.07465e-07, 0.00000e+00)	-2.54756e-07
-0.18795 	4.42752e-02	   (2.01383e-07, 0.00000e+00)	-2.47696e-07
-0.18790 	4.28492e-02	   (1.95594e-07, 0.00000e+00)	-2.40973e-07
-0.18785 	4.14933e-02	   (1.90078e-07, 2.58494e-26)	-2.34564e-07
-0.18780 	4.02029e-02	   (1.84819e-07, -2.58494e-26)	-2.28451e-07
-0.18775 	3.89738e-02	   (1.79801e-07, 0.00000e+00)	-2.22615e-07
-0.18770 	3.78022e-02	   (1.75009e-07, 0.00000e+00)	-2.17039e-07
-0.18765 	3.66846e-02	   (1.70429e-07, 0.00000e+00)	-2.11708e-07
-0.18760 	3.56178e-02	   (1.66049e-07, 0.00000e+00)	-2.06607e-07
-0.18755 	3.45987e-02	   (1.61857e-07, 2.58494e-26)	-2.01724e-07
-0.18750 	3.36245e-02	   (1.57843e-07, -2.58494e-26)	-1.97046e-07
-0.18745 	3.26927e-02	   (1.53996e-07, 0.00000e+00)	-1.92561e-07
-0.18740 	3.18007e-02	   (1.50307e-07, 1.29247e-26)	-1.88258e-07
-0.18735 	3.09465e-02	   (1.46767e-07, -3.87741e-26)	-1.84128e-07
-0.18730 	3.01278e-02	   (1.43369e-07, -1.29247e-26)	-1.80162e-07
-0.18725 	2.93428e-02	   (1.40105e-07, 0.00000e+00)	-1.76351e-07
-0.18720 	2.85896e-02	   (1.36968e-07, -1.29247e-26)	-1.72686e-07
-0.18715 	2.78666e-02	   (1.33950e-07, 1.29247e-26)	-1.69161e-07
-0.18710 	2.71721e-02	   (1.31047e-07, 0.00000e+00)	-1.65768e-07
-0.18705 	2.65048e-02	   (1.28252e-07, 1.29247e-26)	-1.62500e-07
-0.18700 	2.58631e-02	   (1.25560e-07, 0.00000e+00)	-1.59352e-07
-0.18695 	2.52458e-02	   (1.22966e-07, -1.29247e-26)	-1.56317e-07
-0.18690 	2.46518e-02	   (1.20465e-07, 2.58494e-26)	-1.53391e-07
-0.18685 	2.40798e-02	   (1.18053e-07, 1.29247e-26)	-1.50567e-07
-0.18680 	2.35287e-02	   (1.15725e-07, -2.58494e-26)	-1.47842e-07
-0.18675 	2.29977e-02	   (1.13478e-07, 0.00000e+00)	-1.45210e-07
-0.18670 	2.24856e-02	   (1.11307e-07, 0.00000e+00)	-1.42667e-07
-0.18665 	2.19917e-02	   (1.09210e-07, 0.00000e+00)	-1.40210e-07
-0.18660 	2.15151e-02	   (1.07183e-07, 0.00000e+00)	-1.37834e-07
-0.18655 	2.10550e-02	   (1.05222e-07, 0.00000e+00)	-1.35536e-07
-0.18650 	2.06107e-02	   (1.03326e-07, 0.00000e+00)	-1.33313e-07
-0.18645 	2.01814e-02	   (1.01490e-07, 0.00000e+00)	-1.31161e-07
-0.18640 	1.97665e-02	   (9.97133e-08, 0.00000e+00)	-1.29077e-07
-0.18635 	1.93653e-02	   (9.79925e-08, 0.00000e+00)	-1.27059e-07
-0.18630 	1.89773e-02	   (9.63253e-08, 0.00000e+00)	-1.25104e-07
-0.18625 	1.86019e-02	   (9.47097e-08, 0.00000e+00)	-1.23208e-07
-0.18620 	1.82385e-02	   (9.31433e-08, -6.46235e-27)	-1.21370e-07
-0.18615 	1.78868e-02	   (9.16243e-08, 0.00000e+00)	-1.19588e-07
-0.18610 	1.75460e-02	   (9.01507e-08, 0.00000e+00)	-1.17859e-07
-0.18605 	1.72160e-02	   (8.87207e-08, 0.00000e+00)	-1.16181e-07
-0.18600 	1.68961e-02	   (8.73326e-08, 0.00000e+00)	-1.14551e-07
-0.18595 	1.65859e-02	   (8.59848e-08, -1.29247e-26)	-1.12970e-07
-0.18590 	1.62852e-02	   (8.46758e-08, 0.00000e+00)	-1.11433e-07
-0.18585 	1.59935e-02	   (8.34039e-08, -1.29247e-26)	-1.09941e-07
-0.18580 	1.57105e-02	   (8.21680e-08, 0.00000e+00)	-1.08490e-07
-0.18575 	1.54358e-02	   (8.09665e-08, 0.00000e+00)	-1.07080e-07
-0.18570 	1.51691e-02	   (7.97982e-08, 1.29247e-26)	-1.05709e-07
-0.18565 	1.49102e-02	   (7.86620e-08, 6.46235e-27)	-1.04376e-07
-0.18560 	1.46586e-02	   (7.75566e-08, 6.46235e-27)	-1.03079e-07
-0.18555 	1.44142e-02	   (7.64810e-08, 0.00000e+00)	-1.01817e-07
-0.18550 	1.41767e-02	   (7.54340e-08, 0.00000e+00)	-1.00589e-07
-0.18545 	1.39458e-02	   (7.44148e-08, 0.00000e+00)	-9.93933e-08
-0.18540 	1.37214e-02	   (7.34222e-08, 0.00000e+00)	-9.82293e-08
-0.18535 	1.35030e-02	   (7.24555e-08, 0.00000e+00)	-9.70958e-08
-0.18530 	1.32907e-02	   (7.15136e-08, -6.46235e-27)	-9.59917e-08
-0.18525 	1.30841e-02	   (7.05959e-08, 0.00000e+00)	-9.49161e-08
-0.18520 	1.28830e-02	   (6.97014e-08, 6.46235e-27)	-9.38680e-08
-0.18515 	1.26872e-02	   (6.88293e-08, 0.00000e+00)	-9.28465e-08
-0.18510 	1.24967e-02	   (6.79791e-08, -9.69352e-27)	-9.18507e-08
-0.18505 	1.23111e-02	   (6.71498e-08, 0.00000e+00)	-9.08799e-08
-0.18500 	1.21303e-02	   (6.63410e-08, 3.23117e-27)	-8.99333e-08
-0.18495 	1.19542e-02	   (6.55518e-08, 3.23117e-27)	-8.90100e-08
-0.18490 	1.17826e-02	   (6.47817e-08, 0.00000e+00)	-8.81094e-08
-0.18485 	1.16154e-02	   (6.40301e-08, 0.00000e+00)	-8.72307e-08
-0.18480 	1.14524e-02	   (6.32964e-08, -3.23117e-27)	-8.63734e-08
-0.18475 	1.12934e-02	   (6.25801e-08, -3.23117e-27)	-8.55367e-08
-0.18470 	1.11384e-02	   (6.18805e-08, -6.46235e-27)	-8.47200e-08
-0.18465 	1.09873e-02	   (6.11973e-08, 3.23117e-27)	-8.39228e-08
-0.18460 	1.08398e-02	   (6.05299e-08, 0.00000e+00)	-8.31444e-08
-0.18455 	1.06960e-02	   (5.98779e-08, 3.23117e-27)	-8.23843e-08
-0.18450 	1.05556e-02	   (5.92407e-08, 0.00000e+00)	-8.16421e-08
-0.18445 	1.04186e-02	   (5.86180e-08, 6.46235e-27)	-8.09171e-08
-0.18440 	1.02849e-02	   (5.80094e-08, 6.46235e-27)	-8.02089e-08
-0.18435 	1.01543e-02	   (5.74143e-08, 6.46235e-27)	-7.95171e-08
-0.18430 	1.00269e-02	   (5.68325e-08, -6.46235e-27)	-7.88411e-08
-0.18425 	9.90237e-03	   (5.62636e-08, 6.46235e-27)	-7.81805e-08
-0.18420 	9.78078e-03	   (5.57072e-08, 0.00000e+00)	-7.75349e-08
-0.18415 	9.66201e-03	   (5.51629e-08, 0.00000e+00)	-7.69040e-08
-0.18410 	9.54597e-03	   (5.46305e-08, 0.00000e+00)	-7.62872e-08
-0.18405 	9.43258e-03	   (5.41095e-08, 3.23117e-27)	-7.56843e-08
-0.18400 	9.32178e-03	   (5.35998e-08, 0.00000e+00)	-7.50949e-08
-0.18395 	9.21349e-03	   (5.31009e-08, 0.00000e+00)	-7.45186e-08
-0.18390 	9.10763e-03	   (5.26126e-08, 0.00000e+00)	-7.39551e-08
-0.18385 	9.00414e-03	   (5.21346e-08, -3.23117e-27)	-7.34040e-08
-0.18380 	8.90295e-03	   (5.16667e-08, 0.00000e+00)	-7.28650e-08
-0.18375 	8.80400e-03	   (5.12085e-08, 0.00000e+00)	-7.23379e-08
-0.18370 	8.70724e-03	   (5.07599e-08, 0.00000e+00)	-7.18224e-08
-0.18365 	8.61259e-03	   (5.03205e-08, 0.00000e+00)	-7.13181e-08
-0.18360 	8.52001e-03	   (4.98902e-08, 3.23117e-27)	-7.08247e-08
-0.18355 	8.42944e-03	   (4.94687e-08, 0.00000e+00)	-7.03421e-08
-0.18350 	8.34083e-03	   (4.90558e-08, 0.00000e+00)	-6.98699e-08
-0.18345 	8.25412e-03	   (4.86513e-08, 0.00000e+00)	-6.94080e-08
-0.18340 	8.16927e-03	   (4.82549e-08, 0.00000e+00)	-6.89560e-08
-0.18335 	8.08622e-03	   (4.78666e-08, 6.46235e-27)	-6.85138e-08
-0.18330 	8.00494e-03	   (4.74860e-08, 0.00000e+00)	-6.80810e-08
-0.18325 	7.92537e-03	   (4.71130e-08, 1.61559e-27)	-6.76576e-08
-0.18320 	7.84748e-03	   (4.67474e-08, 0.00000e+00)	-6.72432e-08
-0.18315 	7.77123e-03	   (4.63891e-08, 0.00000e+00)	-6.68377e-08
-0.18310 	7.69656e-03	   (4.60378e-08, 0.00000e+00)	-6.64409e-08
-0.18305 	7.62345e-03	   (4.56935e-08, 1.61559e-27)	-6.60526e-08
-0.18300 	7.55185e-03	   (4.53558e-08, 1.61559e-27)	-6.56726e-08
-0.18295 	7.48173e-03	   (4.50248e-08, -1.61559e-27)	-6.53007e-08
-0.18290 	7.41306e-03	   (4.47002e-08, 0.00000e+00)	-6.49368e-08
-0.18285 	7.34579e-03	   (4.43819e-08, 3.23117e-27)	-6.45806e-08
-0.18280 	7.27990e-03	   (4.40698e-08, 3.23117e-27)	-6.42321e-08
-0.18275 	7.21535e-03	   (4.37637e-08, 1.61559e-27)	-6.38910e-08
-0.18270 	7.15212e-03	   (4.34634e-08, -1.61559e-27)	-6.35572e-08
-0.18265 	7.09016e-03	   (4.31690e-08, 0.00000e+00)	-6.32306e-08
-0.18260 	7.02946e-03	   (4.28801e-08, -1.61559e-27)	-6.29110e-08
-0.18255 	6.96998e-03	   (4.25968e-08, -3.23117e-27)	-6.25983e-08
-0.18250 	6.91170e-03	   (4.23189e-08, 0.00000e+00)	-6.22923e-08
-0.18245 	6.85458e-03	   (4.20462e-08, -1.61559e-27)	-6.19929e-08
-0.18240 	6.79862e-03	   (4.17787e-08, 1.61559e-27)	-6.17001e-08
-0.18235 	6.74376e-03	   (4.15163e-08, 0.00000e+00)	-6.14135e-08
-0.18230 	6.69001e-03	   (4.12589e-08, -1.61559e-27)	-6.11332e-08
-0.18225 	6.63732e-03	   (4.10063e-08, 0.00000e+00)	-6.08590e-08
-0.18220 	6.58568e-03	   (4.07585e-08, 0.00000e+00)	-6.05909e-08
-0.18215 	6.53506e-03	   (4.05153e-08, 0.00000e+00)	-6.03286e-08
-0.18210 	6.48545e-03	   (4.02767e-08, 0.00000e+00)	-6.00721e-08
-0.18205 	6.43682e-03	   (4.00426e-08, 0.00000e+00)	-5.98213e-08
-0.18200 	6.38915e-03	   (3.98129e-08, 0.00000e+00)	-5.95761e-08
-0.18195 	6.34243e-03	   (3.95875e-08, 1.61559e-27)	-5.93363e-08
-0.18190 	6.29662e-03	   (3.93663e-08, 0.00000e+00)	-5.91020e-08
-0.18185 	6.25172e-03	   (3.91492e-08, 1.61559e-27)	-5.88730e-08
-0.18180 	6.20771e-03	   (3.89363e-08, 1.61559e-27)	-5.86492e-08
-0.18175 	6.16456e-03	   (3.87273e-08, 1.61559e-27)	-5.84305e-08
-0.18170 	6.12226e-03	   (3.85223e-08, 0.00000e+00)	-5.82168e-08
-0.18165 	6.08080e-03	   (3.83211e-08, -1.61559e-27)	-5.80081e-08
-0.18160 	6.04016e-03	   (3.81237e-08, 1.61559e-27)	-5.78043e-08
-0.18155 	6.00032e-03	   (3.79299e-08, 0.00000e+00)	-5.76053e-08
-0.18150 	5.96126e-03	   (3.77399e-08, 1.61559e-27)	-5.74110e-08
-0.18145 	5.92298e-03	   (3.75534e-08, 0.00000e+00)	-5.72214e-08
-0.18140 	5.88545e-03	   (3.73704e-08, 0.00000e+00)	-5.70364e-08
-0.18135 	5.84867e-03	   (3.71909e-08, 1.61559e-27)	-5.68559e-08
-0.18130 	5.81262e-03	   (3.70148e-08, -1.61559e-27)	-5.66798e-08
-0.18125 	5.77728e-03	   (3.68420e-08, 1.61559e-27)	-5.65081e-08
-0.18120 	5.74265e-03	   (3.66725e-08, 1.61559e-27)	-5.63408e-08
-0.18115 	5.70871e-03	   (3.65063e-08, -1.61559e-27)	-5.61777e-08
-0.18110 	5.67545e-03	   (3.63432e-08, -1.61559e-27)	-5.60188e-08
-0.18105 	5.64286e-03	   (3.61832e-08, 1.61559e-27)	-5.58641e-08
-0.18100 	5.61092e-03	   (3.60263e-08, 0.00000e+00)	-5.57134e-08
-0.18095 	5.57962e-03	   (3.58725e-08, 1.61559e-27)	-5.55668e-08
-0.18090 	5.54896e-03	   (3.57216e-08, -1.61559e-27)	-5.54242e-08
-0.18085 	5.51893e-03	   (3.55736e-08, 0.00000e+00)	-5.52855e-08
-0.18080 	5.48950e-03	   (3.54286e-08, -1.61559e-27)	-5.51507e-08
-0.18075 	5.46068e-03	   (3.52863e-08, 1.61559e-27)	-5.50197e-08
-0.18070 	5.43244e-03	   (3.51469e-08, -1.61559e-27)	-5.48926e-08
-0.18065 	5.40480e-03	   (3.50103e-08, 0.00000e+00)	-5.47691e-08
-0.18060 	5.37772e-03	   (3.48763e-08, 0.00000e+00)	-5.46494e-08
-0.18055 	5.35121e-03	   (3.47450e-08, 1.61559e-27)	-5.45333e-08
-0.18050 	5.32526e-03	   (3.46164e-08, 0.00000e+00)	-5.44209e-08
-0.18045 	5.29985e-03	   (3.44904e-08, -1.61559e-27)	-5.43120e-08
-0.18040 	5.27499e-03	   (3.43669e-08, -3.23117e-27)	-5.42067e-08
-0.18035 	5.25065e-03	   (3.42460e-08, 0.00000e+00)	-5.41048e-08
-0.18030 	5.22684e-03	   (3.41276e-08, 0.00000e+00)	-5.40065e-08
-0.18025 	5.20354e-03	   (3.40116e-08, 1.61559e-27)	-5.39115e-08
-0.18020 	5.18076e-03	   (3.38981e-08, 0.00000e+00)	-5.38200e-08
-0.18015 	5.15847e-03	   (3.37869e-08, -1.61559e-27)	-5.37318e-08
-0.18010 	5.13668e-03	   (3.36782e-08, 1.61559e-27)	-5.36470e-08
-0.18005 	5.11537e-03	   (3.35717e-08, 1.61559e-27)	-5.35655e-08
-0.18000 	5.09455e-03	   (3.34676e-08, 0.00000e+00)	-5.34872e-08
-0.17995 	5.07420e-03	   (3.33658e-08, 0.00000e+00)	-5.34122e-08
-0.17990 	5.05432e-03	   (3.32662e-08, 1.61559e-27)	-5.33404e-08
-0.17985 	5.03490e-03	   (3.31688e-08, 0.00000e+00)	-5.32718e-08
-0.17980 	5.01594e-03	   (3.30736e-08, -1.61559e-27)	-5.32064e-08
-0.17975 	4.99742e-03	   (3.29807e-08, 0.00000e+00)	-5.31441e-08
-0.17970 	4.97936e-03	   (3.28898e-08, 0.00000e+00)	-5.30849e-08
-0.17965 	4.96173e-03	   (3.28011e-08, 0.00000e+00)	-5.30289e-08
-0.17960 	4.94454e-03	   (3.27145e-08, 0.00000e+00)	-5.29759e-08
-0.17955 	4.92777e-03	   (3.26300e-08, 0.00000e+00)	-5.29259e-08
-0.17950 	4.91143e-03	   (3.25475e-08, -8.07794e-28)	-5.28790e-08
-0.17945 	4.89551e-03	   (3.24671e-08, 8.07794e-28)	-5.28351e-08
-0.17940 	4.88001e-03	   (3.23887e-08, 0.00000e+00)	-5.27942e-08
-0.17935 	4.86491e-03	   (3.23122e-08, 1.61559e-27)	-5.27563e-08
-0.17930 	4.85023e-03	   (3.22378e-08, 8.07794e-28)	-5.27214e-08
-0.17925 	4.83594e-03	   (3.21653e-08, 8.07794e-28)	-5.26894e-08
-0.17920 	4.82205e-03	   (3.20948e-08, 1.61559e-27)	-5.26603e-08
-0.17915 	4.80856e-03	   (3.20262e-08, 8.07794e-28)	-5.26342e-08
-0.17910 	4.79545e-03	   (3.19594e-08, 8.07794e-28)	-5.26109e-08
-0.17905 	4.78274e-03	   (3.18946e-08, 0.00000e+00)	-5.25906e-08
-0.17900 	4.77040e-03	   (3.18317e-08, -8.07794e-28)	-5.25731e-08
-0.17895 	4.75845e-03	   (3.17706e-08, 1.61559e-27)	-5.25585e-08
-0.17890 	4.74687e-03	   (3.17113e-08, 0.00000e+00)	-5.25468e-08
-0.17885 	4.73566e-03	   (3.16539e-08, 8.07794e-28)	-5.25379e-08
-0.17880 	4.72482e-03	   (3.15983e-08, 0.00000e+00)	-5.25318e-08
-0.17875 	4.71436e-03	   (3.15445e-08, 0.00000e+00)	-5.25286e-08
-0.17870 	4.70425e-03	   (3.14924e-08, 0.00000e+00)	-5.25283e-08
-0.17865 	4.69451e-03	   (3.14422e-08, 0.00000e+00)	-5.25307e-08
-0.17860 	4.68512e-03	   (3.13937e-08, -8.07794e-28)	-5.25360e-08
-0.17855 	4.67609e-03	   (3.13470e-08, 0.00000e+00)	-5.25440e-08
-0.17850 	4.66742e-03	   (3.13020e-08, 0.00000e+00)	-5.25549e-08
-0.17845 	4.65909e-03	   (3.12587e-08, 8.07794e-28)	-5.25686e-08
-0.17840 	4.65112e-03	   (3.12172e-08, 1.61559e-27)	-5.25850e-08
-0.17835 	4.64349e-03	   (3.11774e-08, 0.00000e+00)	-5.26043e-08
-0.17830 	4.63621e-03	   (3.11392e-08, 8.07794e-28)	-5.26264e-08
-0.17825 	4.62927e-03	   (3.11028e-08, 8.07794e-28)	-5.26512e-08
-0.17820 	4.62267e-03	   (3.10680e-08, 8.07794e-28)	-5.26789e-08
-0.17815 	4.61641e-03	   (3.10350e-08, 0.00000e+00)	-5.27093e-08
-0.17810 	4.61049e-03	   (3.10036e-08, 1.61559e-27)	-5.27426e-08
-0.17805 	4.60491e-03	   (3.09738e-08, 8.07794e-28)	-5.27786e-08
-0.17800 	4.59966e-03	   (3.09457e-08, -8.07794e-28)	-5.28174e-08
-0.17795 	4.59475e-03	   (3.09193e-08, 0.00000e+00)	-5.28590e-08
-0.17790 	4.59017e-03	   (3.08945e-08, 0.00000e+00)	-5.29035e-08
-0.17785 	4.58591e-03	   (3.08713e-08, 0.00000e+00)	-5.29507e-08
-0.17780 	4.58199e-03	   (3.08498e-08, 8.07794e-28)	-5.30008e-08
-0.17775 	4.57840e-03	   (3.08299e-08, -8.07794e-28)	-5.30537e-08
-0.17770 	4.57514e-03	   (3.08116e-08, 8.07794e-28)	-5.31094e-08
-0.17765 	4.57221e-03	   (3.07949e-08, -8.07794e-28)	-5.31679e-08
-0.17760 	4.56960e-03	   (3.07799e-08, 8.07794e-28)	-5.32293e-08
-0.17755 	4.56732e-03	   (3.07665e-08, -8.07794e-28)	-5.32935e-08
-0.17750 	4.56536e-03	   (3.07546e-08, 8.07794e-28)	-5.33606e-08
-0.17745 	4.56374e-03	   (3.07444e-08, -8.07794e-28)	-5.34306e-08
-0.17740 	4.56243e-03	   (3.07358e-08, 1.61559e-27)	-5.35034e-08
-0.17735 	4.56145e-03	   (3.07288e-08, -8.07794e-28)	-5.35792e-08
-0.17730 	4.56080e-03	   (3.07234e-08, 1.61559e-27)	-5.36578e-08
-0.17725 	4.56047e-03	   (3.07196e-08, 0.00000e+00)	-5.37393e-08
-0.17720 	4.56047e-03	   (3.07174e-08, -8.07794e-28)	-5.38238e-08
-0.17715 	4.56079e-03	   (3.07169e-08, -8.07794e-28)	-5.39113e-08
-0.17710 	4.56143e-03	   (3.07179e-08, 0.00000e+00)	-5.40016e-08
-0.17705 	4.56240e-03	   (3.07205e-08, 8.07794e-28)	-5.40950e-08
-0.17700 	4.56370e-03	   (3.07247e-08, 8.07794e-28)	-5.41913e-08
-0.17695 	4.56532e-03	   (3.07305e-08, -1.61559e-27)	-5.42907e-08
-0.17690 	4.56727e-03	   (3.07380e-08, 0.00000e+00)	-5.43931e-08
-0.17685 	4.56955e-03	   (3.07470e-08, -8.07794e-28)	-5.44985e-08
-0.17680 	4.57216e-03	   (3.07577e-08, 0.00000e+00)	-5.46070e-08
-0.17675 	4.57509e-03	   (3.07700e-08, 8.07794e-28)	-5.47186e-08
-0.17670 	4.57836e-03	   (3.07839e-08, 8.07794e-28)	-5.48332e-08
-0.17665 	4.58196e-03	   (3.07994e-08, -8.07794e-28)	-5.49510e-08
-0.17660 	4.58588e-03	   (3.08166e-08, -8.07794e-28)	-5.50720e-08
-0.17655 	4.59015e-03	   (3.08354e-08, 8.07794e-28)	-5.51961e-08
-0.17650 	4.59474e-03	   (3.08558e-08, 8.07794e-28)	-5.53234e-08
-0.17645 	4.59968e-03	   (3.08779e-08, 0.00000e+00)	-5.54539e-08
-0.17640 	4.60495e-03	   (3.09016e-08, 8.07794e-28)	-5.55877e-08
-0.17635 	4.61055e-03	   (3.09270e-08, 8.07794e-28)	-5.57248e-08
-0.17630 	4.61651e-03	   (3.09540e-08, 0.00000e+00)	-5.58651e-08
-0.17625 	4.62280e-03	   (3.09827e-08, -8.07794e-28)	-5.60088e-08
-0.17620 	4.62944e-03	   (3.10131e-08, 0.00000e+00)	-5.61559e-08
-0.17615 	4.63642e-03	   (3.10452e-08, 0.00000e+00)	-5.63063e-08
-0.17610 	4.64375e-03	   (3.10790e-08, 8.07794e-28)	-5.64602e-08
-0.17605 	4.65143e-03	   (3.11145e-08, 1.61559e-27)	-5.66175e-08
-0.17600 	4.65947e-03	   (3.11517e-08, 0.00000e+00)	-5.67783e-08
-0.17595 	4.66786e-03	   (3.11906e-08, 0.00000e+00)	-5.69426e-08
-0.17590 	4.67661e-03	   (3.12313e-08, 8.07794e-28)	-5.71105e-08
-0.17585 	4.68572e-03	   (3.12737e-08, 8.07794e-28)	-5.72819e-08
-0.17580 	4.69520e-03	   (3.13178e-08, 8.07794e-28)	-5.74570e-08
-0.17575 	4.70504e-03	   (3.13638e-08, 0.00000e+00)	-5.76358e-08
-0.17570 	4.71525e-03	   (3.14115e-08, -8.07794e-28)	-5.78183e-08
-0.17565 	4.72583e-03	   (3.14610e-08, 8.07794e-28)	-5.80045e-08
-0.17560 	4.73678e-03	   (3.15123e-08, 0.00000e+00)	-5.81945e-08
-0.17555 	4.74812e-03	   (3.15654e-08, 0.00000e+00)	-5.83883e-08
-0.17550 	4.75983e-03	   (3.16204e-08, 8.07794e-28)	-5.85860e-08
-0.17545 	4.77194e-03	   (3.16772e-08, 1.61559e-27)	-5.87877e-08
-0.17540 	4.78443e-03	   (3.17359e-08, 8.07794e-28)	-5.89933e-08
-0.17535 	4.79732e-03	   (3.17964e-08, 0.00000e+00)	-5.92029e-08
-0.17530 	4.81060e-03	   (3.18589e-08, 0.00000e+00)	-5.94166e-08
-0.17525 	4.82428e-03	   (3.19233e-08, 0.00000e+00)	-5.96344e-08
-0.17520 	4.83837e-03	   (3.19896e-08, 0.00000e+00)	-5.98564e-08
-0.17515 	4.85287e-03	   (3.20578e-08, -8.07794e-28)	-6.00826e-08
-0.17510 	4.86778e-03	   (3.21280e-08, 0.00000e+00)	-6.03130e-08
-0.17505 	4.88311e-03	   (3.22002e-08, 0.00000e+00)	-6.05478e-08
-0.17500 	4.89887e-03	   (3.22745e-08, 0.00000e+00)	-6.07870e-08
-0.17495 	4.91505e-03	   (3.23507e-08, -1.61559e-27)	-6.10306e-08
-0.17490 	4.93167e-03	   (3.24290e-08, 0.00000e+00)	-6.12788e-08
-0.17485 	4.94873e-03	   (3.25094e-08, 0.00000e+00)	-6.15315e-08
-0.17480 	4.96623e-03	   (3.25918e-08, 0.00000e+00)	-6.17888e-08
-0.17475 	4.98418e-03	   (3.26764e-08, 1.61559e-27)	-6.20509e-08
-0.17470 	5.00259e-03	   (3.27631e-08, 1.61559e-27)	-6.23177e-08
-0.17465 	5.02145e-03	   (3.28520e-08, 1.61559e-27)	-6.25893e-08
-0.17460 	5.04079e-03	   (3.29431e-08, -1.61559e-27)	-6.28658e-08
-0.17455 	5.06060e-03	   (3.30364e-08, -1.61559e-27)	-6.31474e-08
-0.17450 	5.08089e-03	   (3.31320e-08, 0.00000e+00)	-6.34339e-08
-0.17445 	5.10167e-03	   (3.32298e-08, 1.61559e-27)	-6.37256e-08
-0.17440 	5.12294e-03	   (3.33299e-08, 1.61559e-27)	-6.40225e-08
-0.17435 	5.14471e-03	   (3.34323e-08, 0.00000e+00)	-6.43247e-08
-0.17430 	5.16699e-03	   (3.35371e-08, -1.61559e-27)	-6.46323e-08
-0.17425 	5.18979e-03	   (3.36443e-08, -1.61559e-27)	-6.49453e-08
-0.17420 	5.21311e-03	   (3.37540e-08, 0.00000e+00)	-6.52638e-08
-0.17415 	5.23696e-03	   (3.38661e-08, 0.00000e+00)	-6.55879e-08
-0.17410 	5.26135e-03	   (3.39806e-08, 0.00000e+00)	-6.59178e-08
-0.17405 	5.28629e-03	   (3.40977e-08, -1.61559e-27)	-6.62535e-08
-0.17400 	5.31179e-03	   (3.42174e-08, 1.61559e-27)	-6.65951e-08
-0.17395 	5.33785e-03	   (3.43396e-08, 1.61559e-27)	-6.69427e-08
-0.17390 	5.36449e-03	   (3.44645e-08, 0.00000e+00)	-6.72964e-08
-0.17385 	5.39171e-03	   (3.45921e-08, 0.00000e+00)	-6.76563e-08
-0.17380 	5.41952e-03	   (3.47224e-08, 0.00000e+00)	-6.80225e-08
-0.17375 	5.44793e-03	   (3.48554e-08, 3.23117e-27)	-6.83952e-08
-0.17370 	5.47696e-03	   (3.49913e-08, 0.00000e+00)	-6.87744e-08
-0.17365 	5.50662e-03	   (3.51299e-08, 1.61559e-27)	-6.91602e-08
-0.17360 	5.53691e-03	   (3.52715e-08, -3.23117e-27)	-6.95528e-08
-0.17355 	5.56784e-03	   (3.54160e-08, 1.61559e-27)	-6.99523e-08
-0.17350 	5.59944e-03	   (3.55635e-08, -1.61559e-27)	-7.03588e-08
-0.17345 	5.63170e-03	   (3.57140e-08, 0.00000e+00)	-7.07725e-08
-0.17340 	5.66464e-03	   (3.58676e-08, 1.61559e-27)	-7.11934e-08
-0.17335 	5.69828e-03	   (3.60243e-08, 0.00000e+00)	-7.16217e-08
-0.17330 	5.73262e-03	   (3.61841e-08, 0.00000e+00)	-7.20576e-08
-0.17325 	5.76769e-03	   (3.63473e-08, -1.61559e-27)	-7.25012e-08
-0.17320 	5.80349e-03	   (3.65137e-08, -1.61559e-27)	-7.29525e-08
-0.17315 	5.84003e-03	   (3.66834e-08, 0.00000e+00)	-7.34119e-08
-0.17310 	5.87734e-03	   (3.68566e-08, 0.00000e+00)	-7.38794e-08
-0.17305 	5.91542e-03	   (3.70333e-08, 0.00000e+00)	-7.43552e-08
-0.17300 	5.95429e-03	   (3.72134e-08, 0.00000e+00)	-7.48395e-08
-0.17295 	5.99397e-03	   (3.73972e-08, 1.61559e-27)	-7.53324e-08
-0.17290 	6.03448e-03	   (3.75846e-08, -1.61559e-27)	-7.58341e-08
-0.17285 	6.07582e-03	   (3.77758e-08, -1.61559e-27)	-7.63448e-08
-0.17280 	6.11803e-03	   (3.79707e-08, -1.61559e-27)	-7.68646e-08
-0.17275 	6.16110e-03	   (3.81695e-08, 0.00000e+00)	-7.73937e-08
-0.17270 	6.20507e-03	   (3.83723e-08, 1.61559e-27)	-7.79324e-08
-0.17265 	6.24995e-03	   (3.85791e-08, 0.00000e+00)	-7.84809e-08
-0.17260 	6.29577e-03	   (3.87899e-08, 0.00000e+00)	-7.90392e-08
-0.17255 	6.34253e-03	   (3.90050e-08, 0.00000e+00)	-7.96077e-08
-0.17250 	6.39026e-03	   (3.92243e-08, 1.61559e-27)	-8.01866e-08
-0.17245 	6.43899e-03	   (3.94480e-08, 0.00000e+00)	-8.07760e-08
-0.17240 	6.48873e-03	   (3.96761e-08, -1.61559e-27)	-8.13763e-08
-0.17235 	6.53950e-03	   (3.99087e-08, -1.61559e-27)	-8.19876e-08
-0.17230 	6.59134e-03	   (4.01460e-08, -3.23117e-27)	-8.26102e-08
-0.17225 	6.64425e-03	   (4.03879e-08, 0.00000e+00)	-8.32443e-08
-0.17220 	6.69828e-03	   (4.06347e-08, 0.00000e+00)	-8.38902e-08
-0.17215 	6.75343e-03	   (4.08864e-08, 0.00000e+00)	-8.45482e-08
-0.17210 	6.80975e-03	   (4.11431e-08, 0.00000e+00)	-8.52185e-08
-0.17205 	6.86725e-03	   (4.14049e-08, 1.61559e-27)	-8.59014e-08
-0.17200 	6.92596e-03	   (4.16720e-08, 0.00000e+00)	-8.65972e-08
-0.17195 	6.98591e-03	   (4.19445e-08, 0.00000e+00)	-8.73062e-08
-0.17190 	7.04714e-03	   (4.22224e-08, -1.61559e-27)	-8.80287e-08
-0.17185 	7.10966e-03	   (4.25059e-08, 0.00000e+00)	-8.87650e-08
-0.17180 	7.17352e-03	   (4.27951e-08, 0.00000e+00)	-8.95154e-08
-0.17175 	7.23875e-03	   (4.30902e-08, 0.00000e+00)	-9.02803e-08
-0.17170 	7.30537e-03	   (4.33912e-08, 1.61559e-27)	-9.10601e-08
-0.17165 	7.37343e-03	   (4.36984e-08, 0.00000e+00)	-9.18550e-08
-0.17160 	7.44295e-03	   (4.40119e-08, 0.00000e+00)	-9.26655e-08
-0.17155 	7.51398e-03	   (4.43318e-08, 0.00000e+00)	-9.34920e-08
-0.17150 	7.58656e-03	   (4.46582e-08, 3.23117e-27)	-9.43347e-08
-0.17145 	7.66072e-03	   (4.49914e-08, 0.00000e+00)	-9.51942e-08
-0.17140 	7.73650e-03	   (4.53315e-08, -6.46235e-27)	-9.60709e-08
-0.17135 	7.81395e-03	   (4.56786e-08, 6.46235e-27)	-9.69652e-08
-0.17130 	7.89311e-03	   (4.60330e-08, 0.00000e+00)	-9.78775e-08
-0.17125 	7.97403e-03	   (4.63947e-08, 0.00000e+00)	-9.88083e-08
-0.17120 	8.05675e-03	   (4.67641e-08, 3.23117e-27)	-9.97581e-08
-0.17115 	8.14131e-03	   (4.71412e-08, -3.23117e-27)	-1.00727e-07
-0.17110 	8.22778e-03	   (4.75264e-08, 0.00000e+00)	-1.01717e-07
-0.17105 	8.31620e-03	   (4.79197e-08, -3.23117e-27)	-1.02726e-07
-0.17100 	8.40663e-03	   (4.83214e-08, 0.00000e+00)	-1.03757e-07
-0.17095 	8.49912e-03	   (4.87318e-08, 0.00000e+00)	-1.04810e-07
-0.17090 	8.59373e-03	   (4.91510e-08, 6.46235e-27)	-1.05884e-07
-0.17085 	8.69051e-03	   (4.95792e-08, 0.00000e+00)	-1.06982e-07
-0.17080 	8.78954e-03	   (5.00169e-08, 0.00000e+00)	-1.08103e-07
-0.17075 	8.89087e-03	   (5.04641e-08, 0.00000e+00)	-1.09248e-07
-0.17070 	8.99457e-03	   (5.09211e-08, 0.00000e+00)	-1.10418e-07
-0.17065 	9.10071e-03	   (5.13882e-08, 0.00000e+00)	-1.11614e-07
-0.17060 	9.20937e-03	   (5.18658e-08, -6.46235e-27)	-1.12835e-07
-0.17055 	9.32061e-03	   (5.23540e-08, 0.00000e+00)	-1.14084e-07
-0.17050 	9.43451e-03	   (5.28532e-08, 3.23117e-27)	-1.15360e-07
-0.17045 	9.55116e-03	   (5.33638e-08, 6.46235e-27)	-1.16665e-07
-0.17040 	9.67063e-03	   (5.38859e-08, -3.23117e-27)	-1.18000e-07
-0.17035 	9.79301e-03	   (5.44200e-08, 0.00000e+00)	-1.19365e-07
-0.17030 	9.91840e-03	   (5.49664e-08, 0.00000e+00)	-1.20761e-07
-0.17025 	1.00469e-02	   (5.55255e-08, -3.23117e-27)	-1.22189e-07
-0.17020 	1.01786e-02	   (5.60977e-08, -3.23117e-27)	-1.23650e-07
-0.17015 	1.03135e-02	   (5.66833e-08, -3.23117e-27)	-1.25145e-07
-0.17010 	1.04519e-02	   (5.72828e-08, 3.23117e-27)	-1.26676e-07
-0.17005 	1.05938e-02	   (5.78965e-08, 0.00000e+00)	-1.28242e-07
-0.17000 	1.07393e-02	   (5.85250e-08, -3.23117e-27)	-1.29847e-07
-0.16995 	1.08885e-02	   (5.91686e-08, -3.23117e-27)	-1.31490e-07
-0.16990 	1.10416e-02	   (5.98279e-08, 0.00000e+00)	-1.33172e-07
-0.16985 	1.11987e-02	   (6.05034e-08, 0.00000e+00)	-1.34896e-07
-0.16980 	1.13599e-02	   (6.11955e-08, 0.00000e+00)	-1.36663e-07
-0.16975 	1.15254e-02	   (6.19049e-08, 3.23117e-27)	-1.38473e-07
-0.16970 	1.16953e-02	   (6.26320e-08, 6.46235e-27)	-1.40329e-07
-0.16965 	1.18698e-02	   (6.33775e-08, -6.46235e-27)	-1.42232e-07
-0.16960 	1.20490e-02	   (6.41420e-08, -6.46235e-27)	-1.44183e-07
-0.16955 	1.22331e-02	   (6.49261e-08, 0.00000e+00)	-1.46185e-07
-0.16950 	1.24222e-02	   (6.57305e-08, 0.00000e+00)	-1.48238e-07
-0.16945 	1.26166e-02	   (6.65558e-08, 0.00000e+00)	-1.50345e-07
-0.16940 	1.28165e-02	   (6.74029e-08, 1.29247e-26)	-1.52507e-07
-0.16935 	1.30219e-02	   (6.82724e-08, 0.00000e+00)	-1.54728e-07
-0.16930 	1.32333e-02	   (6.91652e-08, 6.46235e-27)	-1.57007e-07
-0.16925 	1.34506e-02	   (7.00821e-08, 0.00000e+00)	-1.59349e-07
-0.16920 	1.36743e-02	   (7.10239e-08, 0.00000e+00)	-1.61755e-07
-0.16915 	1.39045e-02	   (7.19915e-08, 1.29247e-26)	-1.64227e-07
-0.16910 	1.41415e-02	   (7.29860e-08, 6.46235e-27)	-1.66768e-07
-0.16905 	1.43855e-02	   (7.40083e-08, 0.00000e+00)	-1.69380e-07
-0.16900 	1.46368e-02	   (7.50595e-08, 6.46235e-27)	-1.72067e-07
-0.16895 	1.48957e-02	   (7.61406e-08, 0.00000e+00)	-1.74831e-07
-0.16890 	1.51625e-02	   (7.72528e-08, 6.46235e-27)	-1.77675e-07
-0.16885 	1.54376e-02	   (7.83973e-08, 0.00000e+00)	-1.80602e-07
-0.16880 	1.57212e-02	   (7.95754e-08, 0.00000e+00)	-1.83616e-07
-0.16875 	1.60138e-02	   (8.07884e-08, 0.00000e+00)	-1.86720e-07
-0.16870 	1.63156e-02	   (8.20377e-08, 0.00000e+00)	-1.89917e-07
-0.16865 	1.66271e-02	   (8.33247e-08, 0.00000e+00)	-1.93212e-07
-0.16860 	1.69486e-02	   (8.46511e-08, 0.00000e+00)	-1.96609e-07
-0.16855 	1.72807e-02	   (8.60184e-08, 0.00000e+00)	-2.00111e-07
-0.16850 	1.76238e-02	   (8.74283e-08, 6.46235e-27)	-2.03724e-07
-0.16845 	1.79783e-02	   (8.88827e-08, 6.46235e-27)	-2.07452e-07
-0.16840 	1.83448e-02	   (9.03835e-08, -1.29247e-26)	-2.11299e-07
-0.16835 	1.87238e-02	   (9.19327e-08, -6.46235e-27)	-2.15273e-07
-0.16830 	1.91159e-02	   (9.35324e-08, 0.00000e+00)	-2.19376e-07
-0.16825 	1.95216e-02	   (9.51848e-08, 0.00000e+00)	-2.23617e-07
-0.16820 	1.99417e-02	   (9.68923e-08, 0.00000e+00)	-2.28001e-07
-0.16815 	2.03767e-02	   (9.86574e-08, -1.29247e-26)	-2.32534e-07
-0.16810 	2.08275e-02	   (1.00483e-07, 0.00000e+00)	-2.37224e-07
-0.16805 	2.12947e-02	   (1.02371e-07, 0.00000e+00)	-2.42077e-07
-0.16800 	2.17791e-02	   (1.04326e-07, -2.58494e-26)	-2.47103e-07
-0.16795 	2.22817e-02	   (1.06350e-07, 1.29247e-26)	-2.52308e-07
-0.16790 	2.28032e-02	   (1.08446e-07, 1.29247e-26)	-2.57702e-07
-0.16785 	2.33448e-02	   (1.10619e-07, -1.29247e-26)	-2.63294e-07
-0.16780 	2.39073e-02	   (1.12871e-07, 0.00000e+00)	-2.69095e-07
-0.16775 	2.44920e-02	   (1.15207e-07, 0.00000e+00)	-2.75114e-07
-0.16770 	2.50999e-02	   (1.17632e-07, -2.58494e-26)	-2.81363e-07
-0.16765 	2.57323e-02	   (1.20150e-07, -2.58494e-26)	-2.87854e-07
-0.16760 	2.63906e-02	   (1.22765e-07, 1.29247e-26)	-2.94601e-07
-0.16755 	2.70760e-02	   (1.25483e-07, 1.29247e-26)	-3.01615e-07
-0.16750 	2.77903e-02	   (1.28309e-07, 0.00000e+00)	-3.08913e-07
-0.16745 	2.85349e-02	   (1.31250e-07, -1.29247e-26)	-3.16510e-07
-0.16740 	2.93117e-02	   (1.34312e-07, 2.58494e-26)	-3.24423e-07
-0.16735 	3.01224e-02	   (1.37501e-07, 1.29247e-26)	-3.32669e-07
-0.16730 	3.09692e-02	   (1.40826e-07, 0.00000e+00)	-3.41269e-07
-0.16725 	3.18541e-02	   (1.44293e-07, 0.00000e+00)	-3.50242e-07
-0.16720 	3.27794e-02	   (1.47911e-07, 0.00000e+00)	-3.59611e-07
-0.16715 	3.37477e-02	   (1.51689e-07, 0.00000e+00)	-3.69400e-07
-0.16710 	3.47617e-02	   (1.55638e-07, 0.00000e+00)	-3.79635e-07
-0.16705 	3.58241e-02	   (1.59767e-07, 2.58494e-26)	-3.90343e-07
-0.16700 	3.69383e-02	   (1.64088e-07, -2.58494e-26)	-4.01555e-07
-0.16695 	3.81076e-02	   (1.68613e-07, 0.00000e+00)	-4.13304e-07
-0.16690 	3.93356e-02	   (1.73356e-07, 0.00000e+00)	-4.25624e-07
-0.16685 	4.06264e-02	   (1.78331e-07, 0.00000e+00)	-4.38554e-07
-0.16680 	4.19843e-02	   (1.83554e-07, 5.16988e-26)	-4.52135e-07
-0.16675 	4.34141e-02	   (1.89041e-07, 0.00000e+00)	-4.66412e-07
-0.16670 	4.49208e-02	   (1.94812e-07, -2.58494e-26)	-4.81435e-07
-0.16665 	4.65100e-02	   (2.00886e-07, -2.58494e-26)	-4.97256e-07
-0.16660 	4.81880e-02	   (2.07285e-07, 2.58494e-26)	-5.13935e-07
-0.16655 	4.99614e-02	   (2.14034e-07, -5.16988e-26)	-5.31535e-07
-0.16650 	5.18376e-02	   (2.21159e-07, -5.16988e-26)	-5.50126e-07
-0.16645 	5.38246e-02	   (2.28689e-07, -5.16988e-26)	-5.69785e-07
-0.16640 	5.59315e-02	   (2.36656e-07, 0.00000e+00)	-5.90597e-07
-0.16635 	5.81679e-02	   (2.45094e-07, 0.00000e+00)	-6.12653e-07
-0.16630 	6.05447e-02	   (2.54042e-07, 5.16988e-26)	-6.36059e-07
-0.16625 	6.30739e-02	   (2.63544e-07, 5.16988e-26)	-6.60925e-07
-0.16620 	6.57688e-02	   (2.73645e-07, 1.03398e-25)	-6.87380e-07
-0.16615 	6.86441e-02	   (2.84400e-07, -5.16988e-26)	-7.15562e-07
-0.16610 	7.17165e-02	   (2.95866e-07, -5.16988e-26)	-7.45626e-07
-0.16605 	7.50041e-02	   (3.08109e-07, 5.16988e-26)	-7.77747e-07
-0.16600 	7.85276e-02	   (3.21201e-07, 0.00000e+00)	-8.12118e-07
-0.16595 	8.23102e-02	   (3.35224e-07, -1.03398e-25)	-8.48957e-07
-0.16590 	8.63777e-02	   (3.50270e-07, 1.03398e-25)	-8.88510e-07
-0.16585 	9.07597e-02	   (3.66443e-07, -2.06795e-25)	-9.31051e-07
-0.16580 	9.54892e-02	   (3.83859e-07, 0.00000e+00)	-9.76895e-07
-0.16575 	1.00604e-01	   (4.02652e-07, -2.06795e-25)	-1.02639e-06
-0.16570 	1.06147e-01	   (4.22972e-07, -2.06795e-25)	-1.07995e-06
-0.16565 	1.12168e-01	   (4.44993e-07, -2.06795e-25)	-1.13803e-06
-0.16560 	1.18722e-01	   (4.68912e-07, 0.00000e+00)	-1.20116e-06
-0.16555 	1.25876e-01	   (4.94957e-07, 0.00000e+00)	-1.26995e-06
-0.16550 	1.33704e-01	   (5.23392e-07, 0.00000e+00)	-1.34509e-06
-0.16545 	1.42293e-01	   (5.54521e-07, 0.00000e+00)	-1.42742e-06
-0.16540 	1.51746e-01	   (5.88701e-07, -2.06795e-25)	-1.51788e-06
-0.16535 	1.62183e-01	   (6.26350e-07, 0.00000e+00)	-1.61759e-06
-0.16530 	1.73744e-01	   (6.67960e-07, -2.06795e-25)	-1.72786e-06
-0.16525 	1.86598e-01	   (7.14113e-07, -2.06795e-25)	-1.85026e-06
-0.16520 	2.00944e-01	   (7.65504e-07, 0.00000e+00)	-1.98665e-06
-0.16515 	2.17023e-01	   (8.22967e-07, -4.13590e-25)	-2.13927e-06
-0.16510 	2.35125e-01	   (8.87508e-07, 0.00000e+00)	-2.31080e-06
-0.16505 	2.55604e-01	   (9.60353e-07, 0.00000e+00)	-2.50455e-06
-0.16500 	2.78896e-01	   (1.04301e-06, -4.13590e-25)	-2.72454e-06
-0.16495 	3.05541e-01	   (1.13733e-06, 0.00000e+00)	-2.97579e-06
-0.16490 	3.36215e-01	   (1.24566e-06, 8.27181e-25)	-3.26453e-06
-0.16485 	3.71771e-01	   (1.37093e-06, 0.00000e+00)	-3.59869e-06
-0.16480 	4.13306e-01	   (1.51690e-06, 1.65436e-24)	-3.98838e-06
-0.16475 	4.62236e-01	   (1.68846e-06, 8.27181e-25)	-4.44669e-06
-0.16470 	5.20431e-01	   (1.89200e-06, 0.00000e+00)	-4.99085e-06
-0.16465 	5.90384e-01	   (2.13606e-06, 1.65436e-24)	-5.64385e-06
-0.16460 	6.75492e-01	   (2.43227e-06, -1.65436e-24)	-6.43697e-06
-0.16455 	7.80472e-01	   (2.79674e-06, 3.30872e-24)	-7.41358e-06
-0.16450 	9.12031e-01	   (3.25233e-06, 6.61744e-24)	-8.63533e-06
-0.16445 	1.07996e+00	   (3.83241e-06, 3.30872e-24)	-1.01921e-05
-0.16440 	1.29904e+00	   (4.58720e-06, -3.30872e-24)	-1.22193e-05
-0.16435 	1.59235e+00	   (5.59511e-06, 0.00000e+00)	-1.49285e-05
-0.16430 	1.99768e+00	   (6.98425e-06, -6.61744e-24)	-1.86653e-05
-0.16425 	2.58037e+00	   (8.97563e-06, 1.32349e-23)	-2.40263e-05
-0.16420 	3.46141e+00	   (1.19778e-05, -2.64698e-23)	-3.21148e-05
-0.16415 	4.88601e+00	   (1.68164e-05, 2.64698e-23)	-4.51619e-05
-0.16410 	7.41571e+00	   (2.53764e-05, 0.00000e+00)	-6.82615e-05
-0.16405 	1.25855e+01	   (4.27841e-05, -1.05879e-22)	-1.15275e-04
-0.16400 	2.59742e+01	   (8.75034e-05, 4.23516e-22)	-2.36148e-04
-0.16395 	8.33006e+01	   (2.74935e-04, 3.38813e-21)	-7.43185e-04
-0.16390 	3.56833e+03	   (9.35310e-03, 2.16840e-19)	-2.53239e-02
-0.16385 	4.69828e+02	   (1.37910e-03, -2.71051e-20)	-3.74005e-03
-0.16380 	5.31024e+01	   (1.73397e-04, -8.47033e-22)	-4.71011e-04
-0.16375 	1.99904e+01	   (6.57181e-05, 2.11758e-22)	-1.78806e-04
-0.16370 	1.04558e+01	   (3.43175e-05, 0.00000e+00)	-9.35232e-05
-0.16365 	6.42354e+00	   (2.10066e-05, 0.00000e+00)	-5.73412e-05
-0.16360 	4.34543e+00	   (1.41487e-05, 0.00000e+00)	-3.86844e-05
-0.16355 	3.13497e+00	   (1.01596e-05, 0.00000e+00)	-2.78229e-05
-0.16350 	2.36835e+00	   (7.63786e-06, -1.32349e-23)	-2.09510e-05
-0.16345 	1.85229e+00	   (5.94386e-06, 0.00000e+00)	-1.63308e-05
-0.16340 	1.48836e+00	   (4.75191e-06, -6.61744e-24)	-1.30772e-05
-0.16335 	1.22212e+00	   (3.88198e-06, 6.61744e-24)	-1.07006e-05
-0.16330 	1.02148e+00	   (3.22801e-06, 0.00000e+00)	-8.91241e-06
-0.16325 	8.66543e-01	   (2.72420e-06, 6.61744e-24)	-7.53368e-06
-0.16320 	7.44400e-01	   (2.32803e-06, 0.00000e+00)	-6.44859e-06
-0.16315 	6.46409e-01	   (2.01100e-06, 3.30872e-24)	-5.57950e-06
-0.16310 	5.66597e-01	   (1.75345e-06, 0.00000e+00)	-4.87283e-06
-0.16305 	5.00729e-01	   (1.54143e-06, 8.27181e-25)	-4.29061e-06
-0.16300 	4.45737e-01	   (1.36487e-06, -8.27181e-25)	-3.80535e-06
-0.16295 	3.99351e-01	   (1.21633e-06, 0.00000e+00)	-3.39674e-06
-0.16290 	3.59864e-01	   (1.09021e-06, 8.27181e-25)	-3.04950e-06
-0.16285 	3.25973e-01	   (9.82250e-07, -4.13590e-25)	-2.75198e-06
-0.16280 	2.96668e-01	   (8.89140e-07, 0.00000e+00)	-2.49517e-06
-0.16275 	2.71157e-01	   (8.08299e-07, 0.00000e+00)	-2.27200e-06
-0.16270 	2.48813e-01	   (7.37678e-07, 4.13590e-25)	-2.07688e-06
-0.16265 	2.29133e-01	   (6.75640e-07, -4.13590e-25)	-1.90531e-06
-0.16260 	2.11708e-01	   (6.20858e-07, 0.00000e+00)	-1.75367e-06
-0.16255 	1.96207e-01	   (5.72255e-07, 4.13590e-25)	-1.61902e-06
-0.16250 	1.82358e-01	   (5.28943e-07, 0.00000e+00)	-1.49892e-06
-0.16245 	1.69932e-01	   (4.90190e-07, -2.06795e-25)	-1.39136e-06
-0.16240 	1.58742e-01	   (4.55383e-07, 0.00000e+00)	-1.29467e-06
-0.16235 	1.48629e-01	   (4.24011e-07, 0.00000e+00)	-1.20744e-06
-0.16230 	1.39460e-01	   (3.95640e-07, 0.00000e+00)	-1.12849e-06
-0.16225 	1.31119e-01	   (3.69905e-07, 0.00000e+00)	-1.05680e-06
-0.16220 	1.23511e-01	   (3.46493e-07, 0.00000e+00)	-9.91523e-07
-0.16215 	1.16551e-01	   (3.25135e-07, -1.03398e-25)	-9.31921e-07
-0.16210 	1.10169e-01	   (3.05602e-07, 0.00000e+00)	-8.77359e-07
-0.16205 	1.04302e-01	   (2.87693e-07, -2.06795e-25)	-8.27290e-07
-0.16200 	9.88960e-02	   (2.71237e-07, 0.00000e+00)	-7.81239e-07
-0.16195 	9.39040e-02	   (2.56083e-07, 0.00000e+00)	-7.38791e-07
-0.16190 	8.92847e-02	   (2.42099e-07, -5.16988e-26)	-6.99584e-07
-0.16185 	8.50020e-02	   (2.29169e-07, 5.16988e-26)	-6.63298e-07
-0.16180 	8.10239e-02	   (2.17191e-07, -1.55096e-25)	-6.29654e-07
-0.16175 	7.73222e-02	   (2.06077e-07, 5.16988e-26)	-5.98404e-07
-0.16170 	7.38719e-02	   (1.95745e-07, 5.16988e-26)	-5.69329e-07
-0.16165 	7.06507e-02	   (1.86127e-07, 0.00000e+00)	-5.42233e-07
-0.16160 	6.76387e-02	   (1.77158e-07, -5.16988e-26)	-5.16944e-07
-0.16155 	6.48183e-02	   (1.68782e-07, 0.00000e+00)	-4.93306e-07
-0.16150 	6.21734e-02	   (1.60950e-07, 0.00000e+00)	-4.71179e-07
-0.16145 	5.96899e-02	   (1.53616e-07, 0.00000e+00)	-4.50440e-07
-0.16140 	5.73549e-02	   (1.46739e-07, -2.58494e-26)	-4.30976e-07
-0.16135 	5.51567e-02	   (1.40284e-07, 0.00000e+00)	-4.12687e-07
-0.16130 	5.30848e-02	   (1.34216e-07, 0.00000e+00)	-3.95480e-07
-0.16125 	5.11299e-02	   (1.28507e-07, 0.00000e+00)	-3.79273e-07
-0.16120 	4.92831e-02	   (1.23129e-07, 0.00000e+00)	-3.63992e-07
-0.16115 	4.75367e-02	   (1.18058e-07, 5.16988e-26)	-3.49567e-07
-0.16110 	4.58836e-02	   (1.13270e-07, 0.00000e+00)	-3.35938e-07
-0.16105 	4.43172e-02	   (1.08747e-07, 2.58494e-26)	-3.23047e-07
-0.16100 	4.28315e-02	   (1.04469e-07, 0.00000e+00)	-3.10843e-07
-0.16095 	4.14211e-02	   (1.00419e-07, 5.16988e-26)	-2.99279e-07
-0.16090 	4.00810e-02	   (9.65820e-08, 2.58494e-26)	-2.88312e-07
-0.16085 	3.88066e-02	   (9.29433e-08, 0.00000e+00)	-2.77901e-07
-0.16080 	3.75937e-02	   (8.94899e-08, 0.00000e+00)	-2.68010e-07
-0.16075 	3.64383e-02	   (8.62098e-08, -1.29247e-26)	-2.58607e-07
-0.16070 	3.53369e-02	   (8.30918e-08, 0.00000e+00)	-2.49659e-07
-0.16065 	3.42862e-02	   (8.01258e-08, 0.00000e+00)	-2.41138e-07
-0.16060 	3.32830e-02	   (7.73022e-08, -1.29247e-26)	-2.33019e-07
-0.16055 	3.23247e-02	   (7.46123e-08, -1.29247e-26)	-2.25276e-07
-0.16050 	3.14085e-02	   (7.20482e-08, 0.00000e+00)	-2.17888e-07
-0.16045 	3.05320e-02	   (6.96021e-08, 0.00000e+00)	-2.10833e-07
-0.16040 	2.96930e-02	   (6.72673e-08, 0.00000e+00)	-2.04092e-07
-0.16035 	2.88893e-02	   (6.50373e-08, 0.00000e+00)	-1.97646e-07
-0.16030 	2.81190e-02	   (6.29060e-08, 0.00000e+00)	-1.91480e-07
-0.16025 	2.73802e-02	   (6.08680e-08, -1.29247e-26)	-1.85578e-07
-0.16020 	2.66713e-02	   (5.89180e-08, 0.00000e+00)	-1.79924e-07
-0.16015 	2.59907e-02	   (5.70511e-08, 2.58494e-26)	-1.74507e-07
-0.16010 	2.53368e-02	   (5.52629e-08, 0.00000e+00)	-1.69311e-07
-0.16005 	2.47084e-02	   (5.35491e-08, 6.46235e-27)	-1.64328e-07
-0.16000 	2.41040e-02	   (5.19058e-08, 0.00000e+00)	-1.59544e-07
-0.15995 	2.35226e-02	   (5.03294e-08, 1.29247e-26)	-1.54949e-07
-0.15990 	2.29628e-02	   (4.88163e-08, -6.46235e-27)	-1.50535e-07
-0.15985 	2.24238e-02	   (4.73633e-08, 0.00000e+00)	-1.46292e-07
-0.15980 	2.19044e-02	   (4.59674e-08, 1.93870e-26)	-1.42211e-07
-0.15975 	2.14037e-02	   (4.46257e-08, 6.46235e-27)	-1.38284e-07
-0.15970 	2.09209e-02	   (4.33356e-08, 0.00000e+00)	-1.34505e-07
-0.15965 	2.04550e-02	   (4.20945e-08, 0.00000e+00)	-1.30865e-07
-0.15960 	2.00054e-02	   (4.09001e-08, 0.00000e+00)	-1.27358e-07
-0.15955 	1.95712e-02	   (3.97501e-08, 0.00000e+00)	-1.23979e-07
-0.15950 	1.91517e-02	   (3.86425e-08, -6.46235e-27)	-1.20720e-07
-0.15945 	1.87464e-02	   (3.75753e-08, 6.46235e-27)	-1.17576e-07
-0.15940 	1.83545e-02	   (3.65466e-08, 0.00000e+00)	-1.14543e-07
-0.15935 	1.79755e-02	   (3.55546e-08, -6.46235e-27)	-1.11615e-07
-0.15930 	1.76089e-02	   (3.45977e-08, -6.46235e-27)	-1.08787e-07
-0.15925 	1.72540e-02	   (3.36743e-08, 6.46235e-27)	-1.06056e-07
-0.15920 	1.69105e-02	   (3.27830e-08, 6.46235e-27)	-1.03416e-07
-0.15915 	1.65777e-02	   (3.19222e-08, 6.46235e-27)	-1.00865e-07
-0.15910 	1.62553e-02	   (3.10908e-08, 0.00000e+00)	-9.83971e-08
-0.15905 	1.59429e-02	   (3.02874e-08, -3.23117e-27)	-9.60101e-08
-0.15900 	1.56400e-02	   (2.95108e-08, -3.23117e-27)	-9.37003e-08
-0.15895 	1.53462e-02	   (2.87600e-08, 3.23117e-27)	-9.14645e-08
-0.15890 	1.50613e-02	   (2.80338e-08, -3.23117e-27)	-8.92997e-08
-0.15885 	1.47847e-02	   (2.73311e-08, 3.23117e-27)	-8.72029e-08
-0.15880 	1.45163e-02	   (2.66512e-08, 3.23117e-27)	-8.51714e-08
-0.15875 	1.42557e-02	   (2.59929e-08, 0.00000e+00)	-8.32026e-08
-0.15870 	1.40026e-02	   (2.53555e-08, 3.23117e-27)	-8.12940e-08
-0.15865 	1.37567e-02	   (2.47381e-08, -3.23117e-27)	-7.94433e-08
-0.15860 	1.35178e-02	   (2.41400e-08, 0.00000e+00)	-7.76482e-08
-0.15855 	1.32855e-02	   (2.35603e-08, 0.00000e+00)	-7.59065e-08
-0.15850 	1.30597e-02	   (2.29983e-08, 0.00000e+00)	-7.42163e-08
-0.15845 	1.28400e-02	   (2.24534e-08, 6.46235e-27)	-7.25755e-08
-0.15840 	1.26264e-02	   (2.19250e-08, -3.23117e-27)	-7.09824e-08
-0.15835 	1.24185e-02	   (2.14123e-08, 0.00000e+00)	-6.94351e-08
-0.15830 	1.22161e-02	   (2.09148e-08, -3.23117e-27)	-6.79320e-08
-0.15825 	1.20191e-02	   (2.04320e-08, -3.23117e-27)	-6.64714e-08
-0.15820 	1.18273e-02	   (1.99633e-08, -3.23117e-27)	-6.50518e-08
-0.15815 	1.16405e-02	   (1.95081e-08, 0.00000e+00)	-6.36717e-08
-0.15810 	1.14585e-02	   (1.90660e-08, -6.46235e-27)	-6.23297e-08
-0.15805 	1.12812e-02	   (1.86365e-08, 0.00000e+00)	-6.10246e-08
-0.15800 	1.11083e-02	   (1.82192e-08, -1.61559e-27)	-5.97549e-08
-0.15795 	1.09398e-02	   (1.78136e-08, -1.61559e-27)	-5.85194e-08
-0.15790 	1.07755e-02	   (1.74194e-08, -1.61559e-27)	-5.73170e-08
-0.15785 	1.06153e-02	   (1.70360e-08, 1.61559e-27)	-5.61466e-08
-0.15780 	1.04590e-02	   (1.66632e-08, 1.61559e-27)	-5.50069e-08
-0.15775 	1.03065e-02	   (1.63006e-08, 0.00000e+00)	-5.38971e-08
-0.15770 	1.01577e-02	   (1.59478e-08, 0.00000e+00)	-5.28161e-08
-0.15765 	1.00125e-02	   (1.56045e-08, 0.00000e+00)	-5.17630e-08
-0.15760 	9.87070e-03	   (1.52704e-08, 0.00000e+00)	-5.07368e-08
-0.15755 	9.73226e-03	   (1.49451e-08, -3.23117e-27)	-4.97367e-08
-0.15750 	9.59706e-03	   (1.46285e-08, 0.00000e+00)	-4.87617e-08
-0.15745 	9.46499e-03	   (1.43201e-08, 1.61559e-27)	-4.78112e-08
-0.15740 	9.33598e-03	   (1.40197e-08, 0.00000e+00)	-4.68843e-08
-0.15735 	9.20991e-03	   (1.37272e-08, 0.00000e+00)	-4.59803e-08
-0.15730 	9.08671e-03	   (1.34421e-08, 0.00000e+00)	-4.50984e-08
-0.15725 	8.96628e-03	   (1.31643e-08, 0.00000e+00)	-4.42380e-08
-0.15720 	8.84855e-03	   (1.28935e-08, 1.61559e-27)	-4.33983e-08
-0.15715 	8.73343e-03	   (1.26296e-08, 1.61559e-27)	-4.25789e-08
-0.15710 	8.62085e-03	   (1.23723e-08, 0.00000e+00)	-4.17789e-08
-0.15705 	8.51073e-03	   (1.21213e-08, 0.00000e+00)	-4.09979e-08
-0.15700 	8.40300e-03	   (1.18766e-08, 0.00000e+00)	-4.02353e-08
-0.15695 	8.29760e-03	   (1.16379e-08, 0.00000e+00)	-3.94905e-08
-0.15690 	8.19446e-03	   (1.14050e-08, -1.61559e-27)	-3.87629e-08
-0.15685 	8.09351e-03	   (1.11778e-08, 0.00000e+00)	-3.80522e-08
-0.15680 	7.99470e-03	   (1.09560e-08, -1.61559e-27)	-3.73577e-08
-0.15675 	7.89796e-03	   (1.07396e-08, 0.00000e+00)	-3.66791e-08
-0.15670 	7.80323e-03	   (1.05283e-08, -8.07794e-28)	-3.60158e-08
-0.15665 	7.71047e-03	   (1.03221e-08, 8.07794e-28)	-3.53674e-08
-0.15660 	7.61961e-03	   (1.01207e-08, 0.00000e+00)	-3.47334e-08
-0.15655 	7.53061e-03	   (9.92398e-09, 0.00000e+00)	-3.41136e-08
-0.15650 	7.44341e-03	   (9.73187e-09, 8.07794e-28)	-3.35074e-08
-0.15645 	7.35797e-03	   (9.54422e-09, 0.00000e+00)	-3.29145e-08
-0.15640 	7.27425e-03	   (9.36089e-09, 8.07794e-28)	-3.23346e-08
-0.15635 	7.19218e-03	   (9.18175e-09, 0.00000e+00)	-3.17672e-08
-0.15630 	7.11174e-03	   (9.00670e-09, 8.07794e-28)	-3.12120e-08
-0.15625 	7.03289e-03	   (8.83561e-09, 0.00000e+00)	-3.06687e-08
-0.15620 	6.95557e-03	   (8.66838e-09, 0.00000e+00)	-3.01369e-08
-0.15615 	6.87975e-03	   (8.50490e-09, -8.07794e-28)	-2.96164e-08
-0.15610 	6.80539e-03	   (8.34506e-09, 8.07794e-28)	-2.91069e-08
-0.15605 	6.73245e-03	   (8.18876e-09, -1.61559e-27)	-2.86080e-08
-0.15600 	6.66091e-03	   (8.03591e-09, -8.07794e-28)	-2.81194e-08
-0.15595 	6.59072e-03	   (7.88642e-09, 0.00000e+00)	-2.76410e-08
-0.15590 	6.52185e-03	   (7.74019e-09, 0.00000e+00)	-2.71724e-08
-0.15585 	6.45426e-03	   (7.59713e-09, -8.07794e-28)	-2.67134e-08
-0.15580 	6.38793e-03	   (7.45717e-09, -1.61559e-27)	-2.62637e-08
-0.15575 	6.32283e-03	   (7.32021e-09, 8.07794e-28)	-2.58230e-08
-0.15570 	6.25893e-03	   (7.18619e-09, 8.07794e-28)	-2.53913e-08
-0.15565 	6.19619e-03	   (7.05502e-09, -8.07794e-28)	-2.49681e-08
-0.15560 	6.13459e-03	   (6.92662e-09, 1.61559e-27)	-2.45534e-08
-0.15555 	6.07410e-03	   (6.80093e-09, 0.00000e+00)	-2.41469e-08
-0.15550 	6.01470e-03	   (6.67788e-09, -8.07794e-28)	-2.37484e-08
-0.15545 	5.95636e-03	   (6.55740e-09, -8.07794e-28)	-2.33576e-08
-0.15540 	5.89905e-03	   (6.43942e-09, 0.00000e+00)	-2.29745e-08
-0.15535 	5.84276e-03	   (6.32388e-09, 8.07794e-28)	-2.25988e-08
-0.15530 	5.78746e-03	   (6.21071e-09, 0.00000e+00)	-2.22303e-08
-0.15525 	5.73312e-03	   (6.09987e-09, 8.07794e-28)	-2.18689e-08
-0.15520 	5.67972e-03	   (5.99128e-09, -8.07794e-28)	-2.15143e-08
-0.15515 	5.62724e-03	   (5.88490e-09, -4.03897e-28)	-2.11665e-08
-0.15510 	5.57567e-03	   (5.78067e-09, -8.07794e-28)	-2.08252e-08
-0.15505 	5.52498e-03	   (5.67853e-09, 0.00000e+00)	-2.04904e-08
-0.15500 	5.47515e-03	   (5.57844e-09, -4.03897e-28)	-2.01617e-08
-0.15495 	5.42616e-03	   (5.48035e-09, -8.07794e-28)	-1.98392e-08
-0.15490 	5.37800e-03	   (5.38420e-09, 4.03897e-28)	-1.95227e-08
-0.15485 	5.33064e-03	   (5.28995e-09, 0.00000e+00)	-1.92120e-08
-0.15480 	5.28407e-03	   (5.19755e-09, 0.00000e+00)	-1.89069e-08
-0.15475 	5.23827e-03	   (5.10697e-09, 0.00000e+00)	-1.86075e-08
-0.15470 	5.19323e-03	   (5.01815e-09, 0.00000e+00)	-1.83134e-08
-0.15465 	5.14893e-03	   (4.93106e-09, 0.00000e+00)	-1.80247e-08
-0.15460 	5.10534e-03	   (4.84565e-09, 0.00000e+00)	-1.77411e-08
-0.15455 	5.06247e-03	   (4.76189e-09, 0.00000e+00)	-1.74626e-08
-0.15450 	5.02029e-03	   (4.67973e-09, -8.07794e-28)	-1.71891e-08
-0.15445 	4.97879e-03	   (4.59914e-09, 0.00000e+00)	-1.69204e-08
-0.15440 	4.93795e-03	   (4.52009e-09, 0.00000e+00)	-1.66564e-08
-0.15435 	4.89776e-03	   (4.44253e-09, 4.03897e-28)	-1.63971e-08
-0.15430 	4.85821e-03	   (4.36644e-09, 0.00000e+00)	-1.61423e-08
-0.15425 	4.81928e-03	   (4.29178e-09, -8.07794e-28)	-1.58919e-08
-0.15420 	4.78097e-03	   (4.21851e-09, 0.00000e+00)	-1.56459e-08
-0.15415 	4.74325e-03	   (4.14661e-09, 4.03897e-28)	-1.54040e-08
-0.15410 	4.70612e-03	   (4.07605e-09, 4.03897e-28)	-1.51664e-08
-0.15405 	4.66956e-03	   (4.00680e-09, 4.03897e-28)	-1.49328e-08
-0.15400 	4.63357e-03	   (3.93882e-09, 8.07794e-28)	-1.47031e-08
-0.15395 	4.59813e-03	   (3.87209e-09, 4.03897e-28)	-1.44774e-08
-0.15390 	4.56324e-03	   (3.80658e-09, 0.00000e+00)	-1.42555e-08
-0.15385 	4.52887e-03	   (3.74226e-09, 0.00000e+00)	-1.40372e-08
-0.15380 	4.49503e-03	   (3.67911e-09, 0.00000e+00)	-1.38227e-08
-0.15375 	4.46169e-03	   (3.61711e-09, 4.03897e-28)	-1.36117e-08
-0.15370 	4.42886e-03	   (3.55622e-09, 4.03897e-28)	-1.34041e-08
-0.15365 	4.39651e-03	   (3.49643e-09, 0.00000e+00)	-1.32001e-08
-0.15360 	4.36465e-03	   (3.43770e-09, 0.00000e+00)	-1.29993e-08
-0.15355 	4.33326e-03	   (3.38003e-09, 0.00000e+00)	-1.28019e-08
-0.15350 	4.30234e-03	   (3.32338e-09, 0.00000e+00)	-1.26076e-08
-0.15345 	4.27187e-03	   (3.26773e-09, 4.03897e-28)	-1.24165e-08
-0.15340 	4.24184e-03	   (3.21307e-09, -2.01948e-28)	-1.22285e-08
-0.15335 	4.21226e-03	   (3.15936e-09, 0.00000e+00)	-1.20436e-08
-0.15330 	4.18310e-03	   (3.10660e-09, -2.01948e-28)	-1.18616e-08
-0.15325 	4.15437e-03	   (3.05476e-09, -2.01948e-28)	-1.16825e-08
-0.15320 	4.12605e-03	   (3.00383e-09, -6.05845e-28)	-1.15062e-08
-0.15315 	4.09814e-03	   (2.95377e-09, 0.00000e+00)	-1.13327e-08
-0.15310 	4.07063e-03	   (2.90459e-09, -2.01948e-28)	-1.11620e-08
-0.15305 	4.04351e-03	   (2.85625e-09, 0.00000e+00)	-1.09940e-08
-0.15300 	4.01677e-03	   (2.80874e-09, 0.00000e+00)	-1.08286e-08
-0.15295 	3.99041e-03	   (2.76205e-09, -2.01948e-28)	-1.06657e-08
-0.15290 	3.96443e-03	   (2.71615e-09, 0.00000e+00)	-1.05054e-08
-0.15285 	3.93881e-03	   (2.67104e-09, 4.03897e-28)	-1.03476e-08
-0.15280 	3.91355e-03	   (2.62669e-09, -2.01948e-28)	-1.01922e-08
-0.15275 	3.88864e-03	   (2.58309e-09, 0.00000e+00)	-1.00392e-08
-0.15270 	3.86407e-03	   (2.54023e-09, 0.00000e+00)	-9.88858e-09
-0.15265 	3.83985e-03	   (2.49809e-09, 4.03897e-28)	-9.74023e-09
-0.15260 	3.81596e-03	   (2.45666e-09, 0.00000e+00)	-9.59413e-09
-0.15255 	3.79240e-03	   (2.41592e-09, -4.03897e-28)	-9.45024e-09
-0.15250 	3.76916e-03	   (2.37585e-09, 0.00000e+00)	-9.30852e-09
-0.15245 	3.74624e-03	   (2.33646e-09, 4.03897e-28)	-9.16894e-09
-0.15240 	3.72363e-03	   (2.29772e-09, 2.01948e-28)	-9.03144e-09
-0.15235 	3.70133e-03	   (2.25962e-09, 0.00000e+00)	-8.89601e-09
-0.15230 	3.67933e-03	   (2.22214e-09, -2.01948e-28)	-8.76258e-09
-0.15225 	3.65763e-03	   (2.18528e-09, 0.00000e+00)	-8.63114e-09
-0.15220 	3.63622e-03	   (2.14903e-09, 0.00000e+00)	-8.50164e-09
-0.15215 	3.61510e-03	   (2.11337e-09, 0.00000e+00)	-8.37405e-09
-0.15210 	3.59425e-03	   (2.07829e-09, 0.00000e+00)	-8.24833e-09
-0.15205 	3.57369e-03	   (2.04378e-09, 0.00000e+00)	-8.12445e-09
-0.15200 	3.55340e-03	   (2.00984e-09, 0.00000e+00)	-8.00238e-09
-0.15195 	3.53338e-03	   (1.97644e-09, 0.00000e+00)	-7.88209e-09
-0.15190 	3.51362e-03	   (1.94358e-09, 0.00000e+00)	-7.76354e-09
-0.15185 	3.49412e-03	   (1.91125e-09, 2.01948e-28)	-7.64670e-09
-0.15180 	3.47488e-03	   (1.87944e-09, 0.00000e+00)	-7.53155e-09
-0.15175 	3.45589e-03	   (1.84813e-09, 0.00000e+00)	-7.41805e-09
-0.15170 	3.43714e-03	   (1.81733e-09, 0.00000e+00)	-7.30617e-09
-0.15165 	3.41865e-03	   (1.78702e-09, 2.01948e-28)	-7.19590e-09
-0.15160 	3.40039e-03	   (1.75720e-09, 0.00000e+00)	-7.08719e-09
-0.15155 	3.38237e-03	   (1.72784e-09, -1.00974e-28)	-6.98003e-09
-0.15150 	3.36458e-03	   (1.69895e-09, -1.00974e-28)	-6.87438e-09
-0.15145 	3.34702e-03	   (1.67052e-09, 1.00974e-28)	-6.77022e-09
-0.15140 	3.32968e-03	   (1.64253e-09, 2.01948e-28)	-6.66753e-09
-0.15135 	3.31257e-03	   (1.61499e-09, 0.00000e+00)	-6.56628e-09
-0.15130 	3.29568e-03	   (1.58788e-09, 1.00974e-28)	-6.46645e-09
-0.15125 	3.27900e-03	   (1.56119e-09, 1.00974e-28)	-6.36801e-09
-0.15120 	3.26254e-03	   (1.53492e-09, 1.00974e-28)	-6.27094e-09
-0.15115 	3.24628e-03	   (1.50906e-09, -1.00974e-28)	-6.17521e-09
-0.15110 	3.23023e-03	   (1.48360e-09, 0.00000e+00)	-6.08081e-09
-0.15105 	3.21439e-03	   (1.45854e-09, 0.00000e+00)	-5.98772e-09
-0.15100 	3.19874e-03	   (1.43386e-09, 2.01948e-28)	-5.89591e-09
-0.15095 	3.18329e-03	   (1.40957e-09, 2.01948e-28)	-5.80536e-09
-0.15090 	3.16803e-03	   (1.38566e-09, 0.00000e+00)	-5.71604e-09
-0.15085 	3.15297e-03	   (1.36211e-09, 0.00000e+00)	-5.62795e-09
-0.15080 	3.13809e-03	   (1.33892e-09, 0.00000e+00)	-5.54107e-09
-0.15075 	3.12341e-03	   (1.31610e-09, 0.00000e+00)	-5.45536e-09
-0.15070 	3.10890e-03	   (1.29362e-09, 1.00974e-28)	-5.37081e-09
-0.15065 	3.09457e-03	   (1.27148e-09, -1.00974e-28)	-5.28742e-09
-0.15060 	3.08042e-03	   (1.24969e-09, 0.00000e+00)	-5.20514e-09
-0.15055 	3.06645e-03	   (1.22822e-09, 0.00000e+00)	-5.12398e-09
-0.15050 	3.05265e-03	   (1.20709e-09, 1.00974e-28)	-5.04391e-09
-0.15045 	3.03902e-03	   (1.18627e-09, 0.00000e+00)	-4.96491e-09
-0.15040 	3.02556e-03	   (1.16578e-09, 0.00000e+00)	-4.88698e-09
-0.15035 	3.01227e-03	   (1.14559e-09, 0.00000e+00)	-4.81008e-09
-0.15030 	2.99914e-03	   (1.12571e-09, 0.00000e+00)	-4.73421e-09
-0.15025 	2.98617e-03	   (1.10613e-09, 0.00000e+00)	-4.65935e-09
-0.15020 	2.97336e-03	   (1.08684e-09, -1.00974e-28)	-4.58549e-09
-0.15015 	2.96070e-03	   (1.06785e-09, 0.00000e+00)	-4.51260e-09
-0.15010 	2.94821e-03	   (1.04914e-09, 1.00974e-28)	-4.44068e-09
-0.15005 	2.93586e-03	   (1.03072e-09, 0.00000e+00)	-4.36971e-09
-0.15000 	2.92366e-03	   (1.01257e-09, 0.00000e+00)	-4.29968e-09
-0.14995 	2.91162e-03	   (9.94697e-10, 1.00974e-28)	-4.23057e-09
-0.14990 	2.89972e-03	   (9.77091e-10, 1.00974e-28)	-4.16237e-09
-0.14985 	2.88796e-03	   (9.59748e-10, -1.00974e-28)	-4.09507e-09
-0.14980 	2.87635e-03	   (9.42665e-10, 1.00974e-28)	-4.02865e-09
-0.14975 	2.86488e-03	   (9.25838e-10, 0.00000e+00)	-3.96310e-09
-0.14970 	2.85355e-03	   (9.09262e-10, -1.00974e-28)	-3.89840e-09
-0.14965 	2.84236e-03	   (8.92935e-10, 5.04871e-29)	-3.83455e-09
-0.14960 	2.83130e-03	   (8.76851e-10, 0.00000e+00)	-3.77154e-09
-0.14955 	2.82038e-03	   (8.61007e-10, 0.00000e+00)	-3.70934e-09
-0.14950 	2.80958e-03	   (8.45399e-10, -5.04871e-29)	-3.64795e-09
-0.14945 	2.79892e-03	   (8.30024e-10, 1.00974e-28)	-3.58737e-09
-0.14940 	2.78839e-03	   (8.14878e-10, 5.04871e-29)	-3.52757e-09
-0.14935 	2.77799e-03	   (7.99957e-10, 0.00000e+00)	-3.46854e-09
-0.14930 	2.76771e-03	   (7.85258e-10, -5.04871e-29)	-3.41028e-09
-0.14925 	2.75755e-03	   (7.70779e-10, -1.00974e-28)	-3.35278e-09
-0.14920 	2.74752e-03	   (7.56514e-10, -5.04871e-29)	-3.29602e-09
-0.14915 	2.73761e-03	   (7.42461e-10, 5.04871e-29)	-3.23999e-09
-0.14910 	2.72782e-03	   (7.28618e-10, 1.00974e-28)	-3.18469e-09
-0.14905 	2.71815e-03	   (7.14980e-10, 0.00000e+00)	-3.13010e-09
-0.14900 	2.70859e-03	   (7.01545e-10, -5.04871e-29)	-3.07621e-09
-0.14895 	2.69915e-03	   (6.88309e-10, -1.00974e-28)	-3.02303e-09
-0.14890 	2.68982e-03	   (6.75270e-10, 0.00000e+00)	-2.97052e-09
-0.14885 	2.68061e-03	   (6.62425e-10, 5.04871e-29)	-2.91870e-09
-0.14880 	2.67151e-03	   (6.49771e-10, 0.00000e+00)	-2.86754e-09
-0.14875 	2.66251e-03	   (6.37305e-10, 5.04871e-29)	-2.81704e-09
-0.14870 	2.65363e-03	   (6.25024e-10, 0.00000e+00)	-2.76720e-09
-0.14865 	2.64485e-03	   (6.12927e-10, 0.00000e+00)	-2.71799e-09
-0.14860 	2.63618e-03	   (6.01009e-10, 0.00000e+00)	-2.66942e-09
-0.14855 	2.62762e-03	   (5.89269e-10, 1.00974e-28)	-2.62148e-09
-0.14850 	2.61916e-03	   (5.77703e-10, 1.00974e-28)	-2.57416e-09
-0.14845 	2.61080e-03	   (5.66310e-10, 0.00000e+00)	-2.52744e-09
-0.14840 	2.60254e-03	   (5.55087e-10, 5.04871e-29)	-2.48133e-09
-0.14835 	2.59439e-03	   (5.44032e-10, -1.00974e-28)	-2.43582e-09
-0.14830 	2.58633e-03	   (5.33142e-10, 0.00000e+00)	-2.39089e-09
-0.14825 	2.57837e-03	   (5.22415e-10, 5.04871e-29)	-2.34654e-09
-0.14820 	2.57051e-03	   (5.11848e-10, -5.04871e-29)	-2.30277e-09
-0.14815 	2.56275e-03	   (5.01440e-10, 0.00000e+00)	-2.25957e-09
-0.14810 	2.55508e-03	   (4.91189e-10, 0.00000e+00)	-2.21692e-09
-0.14805 	2.54750e-03	   (4.81091e-10, 0.00000e+00)	-2.17483e-09
-0.14800 	2.54002e-03	   (4.71145e-10, 0.00000e+00)	-2.13329e-09
-0.14795 	2.53263e-03	   (4.61349e-10, 0.00000e+00)	-2.09229e-09
-0.14790 	2.52533e-03	   (4.51701e-10, 0.00000e+00)	-2.05182e-09
-0.14785 	2.51812e-03	   (4.42199e-10, 2.52435e-29)	-2.01188e-09
-0.14780 	2.51100e-03	   (4.32841e-10, 2.52435e-29)	-1.97246e-09
-0.14775 	2.50396e-03	   (4.23625e-10, 2.52435e-29)	-1.93356e-09
-0.14770 	2.49702e-03	   (4.14549e-10, 0.00000e+00)	-1.89517e-09
-0.14765 	2.49016e-03	   (4.05611e-10, 0.00000e+00)	-1.85728e-09
-0.14760 	2.48339e-03	   (3.96810e-10, 0.00000e+00)	-1.81990e-09
-0.14755 	2.47670e-03	   (3.88144e-10, 2.52435e-29)	-1.78300e-09
-0.14750 	2.47009e-03	   (3.79610e-10, 0.00000e+00)	-1.74660e-09
-0.14745 	2.46357e-03	   (3.71207e-10, 0.00000e+00)	-1.71068e-09
-0.14740 	2.45713e-03	   (3.62935e-10, 2.52435e-29)	-1.67523e-09
-0.14735 	2.45077e-03	   (3.54789e-10, -2.52435e-29)	-1.64026e-09
-0.14730 	2.44449e-03	   (3.46771e-10, 0.00000e+00)	-1.60576e-09
-0.14725 	2.43830e-03	   (3.38876e-10, 0.00000e+00)	-1.57172e-09
-0.14720 	2.43218e-03	   (3.31105e-10, 0.00000e+00)	-1.53814e-09
-0.14715 	2.42614e-03	   (3.23456e-10, -2.52435e-29)	-1.50501e-09
-0.14710 	2.42017e-03	   (3.15926e-10, 0.00000e+00)	-1.47233e-09
-0.14705 	2.41429e-03	   (3.08515e-10, -2.52435e-29)	-1.44010e-09
-0.14700 	2.40848e-03	   (3.01221e-10, 0.00000e+00)	-1.40830e-09
-0.14695 	2.40274e-03	   (2.94042e-10, -2.52435e-29)	-1.37694e-09
-0.14690 	2.39708e-03	   (2.86978e-10, 0.00000e+00)	-1.34602e-09
-0.14685 	2.39150e-03	   (2.80027e-10, 0.00000e+00)	-1.31552e-09
-0.14680 	2.38598e-03	   (2.73187e-10, 0.00000e+00)	-1.28544e-09
-0.14675 	2.38054e-03	   (2.66458e-10, 0.00000e+00)	-1.25579e-09
-0.14670 	2.37517e-03	   (2.59837e-10, -2.52435e-29)	-1.22654e-09
-0.14665 	2.36988e-03	   (2.53324e-10, -2.52435e-29)	-1.19771e-09
-0.14660 	2.36465e-03	   (2.46917e-10, 0.00000e+00)	-1.16929e-09
-0.14655 	2.35950e-03	   (2.40615e-10, 0.00000e+00)	-1.14128e-09
-0.14650 	2.35441e-03	   (2.34417e-10, -2.52435e-29)	-1.11366e-09
-0.14645 	2.34939e-03	   (2.28322e-10, 2.52435e-29)	-1.08644e-09
-0.14640 	2.34444e-03	   (2.22329e-10, -2.52435e-29)	-1.05961e-09
-0.14635 	2.33956e-03	   (2.16436e-10, 0.00000e+00)	-1.03318e-09
-0.14630 	2.33475e-03	   (2.10642e-10, 0.00000e+00)	-1.00713e-09
-0.14625 	2.33000e-03	   (2.04946e-10, 1.26218e-29)	-9.81468e-10
-0.14620 	2.32532e-03	   (1.99348e-10, 0.00000e+00)	-9.56185e-10
-0.14615 	2.32070e-03	   (1.93845e-10, 0.00000e+00)	-9.31280e-10
-0.14610 	2.31615e-03	   (1.88438e-10, 1.26218e-29)	-9.06750e-10
-0.14605 	2.31167e-03	   (1.83124e-10, 1.26218e-29)	-8.82592e-10
-0.14600 	2.30724e-03	   (1.77903e-10, 2.52435e-29)	-8.58802e-10
-0.14595 	2.30288e-03	   (1.72775e-10, 0.00000e+00)	-8.35379e-10
-0.14590 	2.29859e-03	   (1.67737e-10, -1.26218e-29)	-8.12319e-10
-0.14585 	2.29436e-03	   (1.62790e-10, 0.00000e+00)	-7.89621e-10
-0.14580 	2.29018e-03	   (1.57931e-10, 0.00000e+00)	-7.67280e-10
-0.14575 	2.28607e-03	   (1.53161e-10, -1.26218e-29)	-7.45296e-10
-0.14570 	2.28203e-03	   (1.48478e-10, 0.00000e+00)	-7.23664e-10
-0.14565 	2.27804e-03	   (1.43882e-10, 0.00000e+00)	-7.02384e-10
-0.14560 	2.27411e-03	   (1.39371e-10, -2.52435e-29)	-6.81452e-10
-0.14555 	2.27024e-03	   (1.34945e-10, 0.00000e+00)	-6.60866e-10
-0.14550 	2.26643e-03	   (1.30603e-10, 0.00000e+00)	-6.40624e-10
-0.14545 	2.26269e-03	   (1.26344e-10, 0.00000e+00)	-6.20724e-10
-0.14540 	2.25899e-03	   (1.22167e-10, 0.00000e+00)	-6.01164e-10
-0.14535 	2.25536e-03	   (1.18072e-10, 0.00000e+00)	-5.81942e-10
-0.14530 	2.25179e-03	   (1.14058e-10, 1.26218e-29)	-5.63055e-10
-0.14525 	2.24827e-03	   (1.10123e-10, 1.26218e-29)	-5.44502e-10
-0.14520 	2.24481e-03	   (1.06268e-10, 0.00000e+00)	-5.26282e-10
-0.14515 	2.24141e-03	   (1.02492e-10, 6.31089e-30)	-5.08391e-10
-0.14510 	2.23806e-03	   (9.87936e-11, 0.00000e+00)	-4.90828e-10
-0.14505 	2.23477e-03	   (9.51723e-11, 0.00000e+00)	-4.73593e-10
-0.14500 	2.23153e-03	   (9.16275e-11, -6.31089e-30)	-4.56682e-10
-0.14495 	2.22835e-03	   (8.81586e-11, 6.31089e-30)	-4.40094e-10
-0.14490 	2.22522e-03	   (8.47648e-11, 0.00000e+00)	-4.23829e-10
-0.14485 	2.22215e-03	   (8.14457e-11, 6.31089e-30)	-4.07884e-10
-0.14480 	2.21913e-03	   (7.82005e-11, -6.31089e-30)	-3.92257e-10
-0.14475 	2.21617e-03	   (7.50287e-11, 0.00000e+00)	-3.76948e-10
-0.14470 	2.21326e-03	   (7.19296e-11, 0.00000e+00)	-3.61956e-10
-0.14465 	2.21040e-03	   (6.89027e-11, 6.31089e-30)	-3.47278e-10
-0.14460 	2.20760e-03	   (6.59474e-11, 6.31089e-30)	-3.32914e-10
-0.14455 	2.20485e-03	   (6.30632e-11, 0.00000e+00)	-3.18862e-10
-0.14450 	2.20215e-03	   (6.02495e-11, 0.00000e+00)	-3.05122e-10
-0.14445 	2.19950e-03	   (5.75058e-11, 0.00000e+00)	-2.91692e-10
-0.14440 	2.19690e-03	   (5.48315e-11, 0.00000e+00)	-2.78571e-10
-0.14435 	2.19436e-03	   (5.22263e-11, 6.31089e-30)	-2.65759e-10
-0.14430 	2.19187e-03	   (4.96894e-11, 0.00000e+00)	-2.53254e-10
-0.14425 	2.18943e-03	   (4.72206e-11, 0.00000e+00)	-2.41055e-10
-0.14420 	2.18703e-03	   (4.48193e-11, 0.00000e+00)	-2.29162e-10
-0.14415 	2.18469e-03	   (4.24850e-11, 0.00000e+00)	-2.17573e-10
-0.14410 	2.18240e-03	   (4.02173e-11, 0.00000e+00)	-2.06289e-10
-0.14405 	2.18016e-03	   (3.80158e-11, -3.15544e-30)	-1.95308e-10
-0.14400 	2.17797e-03	   (3.58801e-11, 6.31089e-30)	-1.84629e-10
-0.14395 	2.17583e-03	   (3.38097e-11, 0.00000e+00)	-1.74253e-10
-0.14390 	2.17374e-03	   (3.18042e-11, 3.15544e-30)	-1.64179e-10
-0.14385 	2.17170e-03	   (2.98632e-11, 0.00000e+00)	-1.54405e-10
-0.14380 	2.16970e-03	   (2.79864e-11, -3.15544e-30)	-1.44932e-10
-0.14375 	2.16776e-03	   (2.61734e-11, 0.00000e+00)	-1.35759e-10
-0.14370 	2.16586e-03	   (2.44238e-11, 0.00000e+00)	-1.26886e-10
-0.14365 	2.16401e-03	   (2.27372e-11, 0.00000e+00)	-1.18312e-10
-0.14360 	2.16221e-03	   (2.11134e-11, -3.15544e-30)	-1.10038e-10
-0.14355 	2.16046e-03	   (1.95519e-11, -1.57772e-30)	-1.02063e-10
-0.14350 	2.15876e-03	   (1.80526e-11, 0.00000e+00)	-9.43863e-11
-0.14345 	2.15710e-03	   (1.66150e-11, -1.57772e-30)	-8.70084e-11
-0.14340 	2.15549e-03	   (1.52388e-11, -1.57772e-30)	-7.99292e-11
-0.14335 	2.15393e-03	   (1.39239e-11, 0.00000e+00)	-7.31485e-11
-0.14330 	2.15241e-03	   (1.26698e-11, 0.00000e+00)	-6.66663e-11
-0.14325 	2.15094e-03	   (1.14763e-11, -1.57772e-30)	-6.04828e-11
-0.14320 	2.14952e-03	   (1.03432e-11, 3.15544e-30)	-5.45979e-11
-0.14315 	2.14814e-03	   (9.27021e-12, 0.00000e+00)	-4.90119e-11
-0.14310 	2.14681e-03	   (8.25706e-12, 7.88861e-31)	-4.37249e-11
-0.14305 	2.14553e-03	   (7.30353e-12, 0.00000e+00)	-3.87372e-11
-0.14300 	2.14430e-03	   (6.40941e-12, 0.00000e+00)	-3.40490e-11
-0.14295 	2.14310e-03	   (5.57446e-12, 0.00000e+00)	-2.96607e-11
-0.14290 	2.14196e-03	   (4.79849e-12, -7.88861e-31)	-2.55726e-11
-0.14285 	2.14086e-03	   (4.08130e-12, 0.00000e+00)	-2.17851e-11
-0.14280 	2.13981e-03	   (3.42271e-12, -1.57772e-30)	-1.82988e-11
-0.14275 	2.13880e-03	   (2.82252e-12, -3.94430e-31)	-1.51140e-11
-0.14270 	2.13784e-03	   (2.28058e-12, -3.94430e-31)	-1.22315e-11
-0.14265 	2.13692e-03	   (1.79671e-12, -3.94430e-31)	-9.65171e-12
-0.14260 	2.13605e-03	   (1.37077e-12, 0.00000e+00)	-7.37536e-12
-0.14255 	2.13522e-03	   (1.00262e-12, -1.97215e-31)	-5.40312e-12
-0.14250 	2.13444e-03	   (6.92114e-13, 0.00000e+00)	-3.73574e-12
-0.14245 	2.13371e-03	   (4.39130e-13, 0.00000e+00)	-2.37401e-12
-0.14240 	2.13301e-03	   (2.43549e-13, 0.00000e+00)	-1.31876e-12
-0.14235 	2.13237e-03	   (1.05262e-13, 0.00000e+00)	-5.70880e-13
-0.14230 	2.13177e-03	   (2.41702e-14, 0.00000e+00)	-1.31293e-13
-0.14225 	2.13121e-03	   (1.80146e-16, 0.00000e+00)	-9.80113e-16
-0.14220 	2.13070e-03	   (3.32088e-14, 0.00000e+00)	-1.80966e-13
-0.14215 	2.13023e-03	   (1.23181e-13, 0.00000e+00)	-6.72325e-13
-0.14210 	2.12980e-03	   (2.70031e-13, 0.00000e+00)	-1.47618e-12
-0.14205 	2.12942e-03	   (4.73701e-13, -9.86076e-32)	-2.59370e-12
-0.14200 	2.12909e-03	   (7.34140e-13, -9.86076e-32)	-4.02610e-12
-0.14195 	2.12880e-03	   (1.05131e-12, -9.86076e-32)	-5.77466e-12
-0.14190 	2.12855e-03	   (1.42517e-12, 0.00000e+00)	-7.84069e-12
-0.14185 	2.12835e-03	   (1.85571e-12, 1.97215e-31)	-1.02256e-11
-0.14180 	2.12820e-03	   (2.34290e-12, 0.00000e+00)	-1.29307e-11
-0.14175 	2.12808e-03	   (2.88675e-12, 3.94430e-31)	-1.59575e-11
-0.14170 	2.12801e-03	   (3.48724e-12, -1.97215e-31)	-1.93076e-11
-0.14165 	2.12799e-03	   (4.14439e-12, 0.00000e+00)	-2.29825e-11
-0.14160 	2.12801e-03	   (4.85822e-12, 0.00000e+00)	-2.69839e-11
-0.14155 	2.12807e-03	   (5.62875e-12, -1.97215e-31)	-3.13133e-11
-0.14150 	2.12818e-03	   (6.45602e-12, 0.00000e+00)	-3.59726e-11
-0.14145 	2.12833e-03	   (7.34007e-12, 4.93038e-32)	-4.09635e-11
-0.14140 	2.12853e-03	   (8.28095e-12, 0.00000e+00)	-4.62878e-11
-0.14135 	2.12877e-03	   (9.27872e-12, 0.00000e+00)	-5.19475e-11
-0.14130 	2.12906e-03	   (1.03334e-11, -9.86076e-32)	-5.79444e-11
-0.14125 	2.12939e-03	   (1.14452e-11, 4.93038e-32)	-6.42805e-11
-0.14120 	2.12976e-03	   (1.26141e-11, -1.97215e-31)	-7.09580e-11
-0.14115 	2.13018e-03	   (1.38402e-11, 0.00000e+00)	-7.79789e-11
-0.14110 	2.13064e-03	   (1.51236e-11, 1.97215e-31)	-8.53453e-11
-0.14105 	2.13115e-03	   (1.64644e-11, 1.97215e-31)	-9.30595e-11
-0.14100 	2.13170e-03	   (1.78628e-11, 3.94430e-31)	-1.01124e-10
-0.14095 	2.13229e-03	   (1.93189e-11, 0.00000e+00)	-1.09540e-10
-0.14090 	2.13293e-03	   (2.08327e-11, 0.00000e+00)	-1.18312e-10
-0.14085 	2.13362e-03	   (2.24045e-11, 0.00000e+00)	-1.27440e-10
-0.14080 	2.13435e-03	   (2.40344e-11, 0.00000e+00)	-1.36928e-10
-0.14075 	2.13512e-03	   (2.57226e-11, -7.88861e-31)	-1.46779e-10
-0.14070 	2.13594e-03	   (2.74692e-11, 0.00000e+00)	-1.56994e-10
-0.14065 	2.13680e-03	   (2.92744e-11, -1.57772e-30)	-1.67577e-10
-0.14060 	2.13771e-03	   (3.11384e-11, 7.88861e-31)	-1.78531e-10
-0.14055 	2.13866e-03	   (3.30615e-11, 0.00000e+00)	-1.89857e-10
-0.14050 	2.13966e-03	   (3.50437e-11, -7.88861e-31)	-2.01559e-10
-0.14045 	2.14070e-03	   (3.70853e-11, -1.57772e-30)	-2.13641e-10
-0.14040 	2.14179e-03	   (3.91866e-11, 3.15544e-30)	-2.26104e-10
-0.14035 	2.14293e-03	   (4.13477e-11, 0.00000e+00)	-2.38952e-10
-0.14030 	2.14411e-03	   (4.35690e-11, 0.00000e+00)	-2.52189e-10
-0.14025 	2.14533e-03	   (4.58506e-11, 0.00000e+00)	-2.65816e-10
-0.14020 	2.14660e-03	   (4.81928e-11, 0.00000e+00)	-2.79839e-10
-0.14015 	2.14792e-03	   (5.05959e-11, -1.57772e-30)	-2.94259e-10
-0.14010 	2.14928e-03	   (5.30602e-11, 0.00000e+00)	-3.09080e-10
-0.14005 	2.15069e-03	   (5.55860e-11, -1.57772e-30)	-3.24306e-10
-0.14000 	2.15214e-03	   (5.81735e-11, 0.00000e+00)	-3.39941e-10
-0.13995 	2.15364e-03	   (6.08230e-11, 0.00000e+00)	-3.55987e-10
-0.13990 	2.15519e-03	   (6.35349e-11, 0.00000e+00)	-3.72449e-10
-0.13985 	2.15678e-03	   (6.63095e-11, 3.15544e-30)	-3.89331e-10
-0.13980 	2.15842e-03	   (6.91471e-11, -3.15544e-30)	-4.06635e-10
-0.13975 	2.16011e-03	   (7.20481e-11, 3.15544e-30)	-4.24367e-10
-0.13970 	2.16184e-03	   (7.50129e-11, 0.00000e+00)	-4.42530e-10
-0.13965 	2.16362e-03	   (7.80417e-11, -3.15544e-30)	-4.61128e-10
-0.13960 	2.16545e-03	   (8.11350e-11, 0.00000e+00)	-4.80165e-10
-0.13955 	2.16732e-03	   (8.42931e-11, 6.31089e-30)	-4.99646e-10
-0.13950 	2.16925e-03	   (8.75164e-11, -3.15544e-30)	-5.19574e-10
-0.13945 	2.17122e-03	   (9.08055e-11, 6.31089e-30)	-5.39955e-10
-0.13940 	2.17324e-03	   (9.41605e-11, 0.00000e+00)	-5.60792e-10
-0.13935 	2.17530e-03	   (9.75821e-11, 3.15544e-30)	-5.82091e-10
-0.13930 	2.17742e-03	   (1.01071e-10, 0.00000e+00)	-6.03855e-10
-0.13925 	2.17958e-03	   (1.04626e-10, 0.00000e+00)	-6.26090e-10
-0.13920 	2.18179e-03	   (1.08250e-10, -6.31089e-30)	-6.48800e-10
-0.13915 	2.18406e-03	   (1.11942e-10, 6.31089e-30)	-6.71990e-10
-0.13910 	2.18637e-03	   (1.15703e-10, 6.31089e-30)	-6.95666e-10
-0.13905 	2.18873e-03	   (1.19533e-10, 1.26218e-29)	-7.19832e-10
-0.13900 	2.19114e-03	   (1.23432e-10, 0.00000e+00)	-7.44493e-10
-0.13895 	2.19359e-03	   (1.27403e-10, 0.00000e+00)	-7.69655e-10
-0.13890 	2.19610e-03	   (1.31443e-10, 0.00000e+00)	-7.95324e-10
-0.13885 	2.19866e-03	   (1.35555e-10, 6.31089e-30)	-8.21503e-10
-0.13880 	2.20127e-03	   (1.39740e-10, 0.00000e+00)	-8.48200e-10
-0.13875 	2.20393e-03	   (1.43996e-10, -6.31089e-30)	-8.75420e-10
-0.13870 	2.20665e-03	   (1.48325e-10, 0.00000e+00)	-9.03168e-10
-0.13865 	2.20941e-03	   (1.52729e-10, -6.31089e-30)	-9.31450e-10
-0.13860 	2.21223e-03	   (1.57206e-10, -6.31089e-30)	-9.60273e-10
-0.13855 	2.21509e-03	   (1.61758e-10, 0.00000e+00)	-9.89642e-10
-0.13850 	2.21801e-03	   (1.66385e-10, 6.31089e-30)	-1.01956e-09
-0.13845 	2.22098e-03	   (1.71089e-10, 0.00000e+00)	-1.05004e-09
-0.13840 	2.22401e-03	   (1.75869e-10, 0.00000e+00)	-1.08109e-09
-0.13835 	2.22708e-03	   (1.80727e-10, 0.00000e+00)	-1.11271e-09
-0.13830 	2.23021e-03	   (1.85662e-10, 0.00000e+00)	-1.14490e-09
-0.13825 	2.23340e-03	   (1.90677e-10, -2.52435e-29)	-1.17768e-09
-0.13820 	2.23664e-03	   (1.95771e-10, 1.26218e-29)	-1.21106e-09
-0.13815 	2.23993e-03	   (2.00945e-10, -1.26218e-29)	-1.24503e-09
-0.13810 	2.24328e-03	   (2.06199e-10, 0.00000e+00)	-1.27961e-09
-0.13805 	2.24668e-03	   (2.11536e-10, 0.00000e+00)	-1.31480e-09
-0.13800 	2.25013e-03	   (2.16954e-10, 0.00000e+00)	-1.35061e-09
-0.13795 	2.25365e-03	   (2.22456e-10, 0.00000e+00)	-1.38705e-09
-0.13790 	2.25722e-03	   (2.28042e-10, 0.00000e+00)	-1.42412e-09
-0.13785 	2.26084e-03	   (2.33713e-10, 0.00000e+00)	-1.46184e-09
-0.13780 	2.26452e-03	   (2.39469e-10, -1.26218e-29)	-1.50021e-09
-0.13775 	2.26826e-03	   (2.45311e-10, 1.26218e-29)	-1.53924e-09
-0.13770 	2.27206e-03	   (2.51241e-10, 1.26218e-29)	-1.57894e-09
-0.13765 	2.27591e-03	   (2.57259e-10, -1.26218e-29)	-1.61931e-09
-0.13760 	2.27982e-03	   (2.63365e-10, -1.26218e-29)	-1.66037e-09
-0.13755 	2.28379e-03	   (2.69562e-10, 0.00000e+00)	-1.70212e-09
-0.13750 	2.28782e-03	   (2.75849e-10, 0.00000e+00)	-1.74457e-09
-0.13745 	2.29191e-03	   (2.82228e-10, 0.00000e+00)	-1.78773e-09
-0.13740 	2.29606e-03	   (2.88700e-10, 0.00000e+00)	-1.83161e-09
-0.13735 	2.30027e-03	   (2.95265e-10, 1.26218e-29)	-1.87622e-09
-0.13730 	2.30454e-03	   (3.01925e-10, 0.00000e+00)	-1.92157e-09
-0.13725 	2.30887e-03	   (3.08680e-10, -1.26218e-29)	-1.96766e-09
-0.13720 	2.31326e-03	   (3.15532e-10, 1.26218e-29)	-2.01452e-09
-0.13715 	2.31772e-03	   (3.22482e-10, 0.00000e+00)	-2.06213e-09
-0.13710 	2.32224e-03	   (3.29530e-10, 0.00000e+00)	-2.11053e-09
-0.13705 	2.32682e-03	   (3.36678e-10, 0.00000e+00)	-2.15972e-09
-0.13700 	2.33146e-03	   (3.43927e-10, 2.52435e-29)	-2.20970e-09
-0.13695 	2.33617e-03	   (3.51278e-10, 0.00000e+00)	-2.26049e-09
-0.13690 	2.34094e-03	   (3.58732e-10, 0.00000e+00)	-2.31209e-09
-0.13685 	2.34578e-03	   (3.66290e-10, 0.00000e+00)	-2.36453e-09
-0.13680 	2.35068e-03	   (3.73954e-10, 2.52435e-29)	-2.41781e-09
-0.13675 	2.35565e-03	   (3.81724e-10, -5.04871e-29)	-2.47194e-09
-0.13670 	2.36069e-03	   (3.89603e-10, 0.00000e+00)	-2.52694e-09
-0.13665 	2.36579e-03	   (3.97590e-10, -2.52435e-29)	-2.58281e-09
-0.13660 	2.37096e-03	   (4.05687e-10, -2.52435e-29)	-2.63957e-09
-0.13655 	2.37620e-03	   (4.13897e-10, -2.52435e-29)	-2.69723e-09
-0.13650 	2.38151e-03	   (4.22219e-10, -2.52435e-29)	-2.75580e-09
-0.13645 	2.38689e-03	   (4.30655e-10, -2.52435e-29)	-2.81529e-09
-0.13640 	2.39233e-03	   (4.39207e-10, -2.52435e-29)	-2.87572e-09
-0.13635 	2.39785e-03	   (4.47876e-10, 0.00000e+00)	-2.93710e-09
-0.13630 	2.40344e-03	   (4.56664e-10, 0.00000e+00)	-2.99945e-09
-0.13625 	2.40910e-03	   (4.65571e-10, 0.00000e+00)	-3.06277e-09
-0.13620 	2.41484e-03	   (4.74599e-10, 2.52435e-29)	-3.12708e-09
-0.13615 	2.42065e-03	   (4.83750e-10, 2.52435e-29)	-3.19240e-09
-0.13610 	2.42653e-03	   (4.93026e-10, -2.52435e-29)	-3.25874e-09
-0.13605 	2.43248e-03	   (5.02427e-10, 0.00000e+00)	-3.32611e-09
-0.13600 	2.43851e-03	   (5.11955e-10, 2.52435e-29)	-3.39452e-09
-0.13595 	2.44462e-03	   (5.21613e-10, 5.04871e-29)	-3.46400e-09
-0.13590 	2.45080e-03	   (5.31400e-10, 0.00000e+00)	-3.53456e-09
-0.13585 	2.45707e-03	   (5.41320e-10, 0.00000e+00)	-3.60621e-09
-0.13580 	2.46340e-03	   (5.51374e-10, 0.00000e+00)	-3.67897e-09
-0.13575 	2.46982e-03	   (5.61564e-10, 0.00000e+00)	-3.75286e-09
-0.13570 	2.47632e-03	   (5.71890e-10, 0.00000e+00)	-3.82788e-09
-0.13565 	2.48290e-03	   (5.82356e-10, 0.00000e+00)	-3.90407e-09
-0.13560 	2.48956e-03	   (5.92962e-10, 0.00000e+00)	-3.98143e-09
-0.13555 	2.49630e-03	   (6.03711e-10, 0.00000e+00)	-4.05998e-09
-0.13550 	2.50312e-03	   (6.14605e-10, -5.04871e-29)	-4.13974e-09
-0.13545 	2.51003e-03	   (6.25645e-10, 0.00000e+00)	-4.22073e-09
-0.13540 	2.51702e-03	   (6.36833e-10, -5.04871e-29)	-4.30297e-09
-0.13535 	2.52410e-03	   (6.48171e-10, 5.04871e-29)	-4.38647e-09
-0.13530 	2.53126e-03	   (6.59662e-10, 5.04871e-29)	-4.47125e-09
-0.13525 	2.53851e-03	   (6.71307e-10, 0.00000e+00)	-4.55734e-09
-0.13520 	2.54585e-03	   (6.83108e-10, 0.00000e+00)	-4.64475e-09
-0.13515 	2.55327e-03	   (6.95068e-10, 5.04871e-29)	-4.73350e-09
-0.13510 	2.56079e-03	   (7.07188e-10, 0.00000e+00)	-4.82361e-09
-0.13505 	2.56840e-03	   (7.19471e-10, 0.00000e+00)	-4.91510e-09
-0.13500 	2.57610e-03	   (7.31919e-10, 5.04871e-29)	-5.00800e-09
-0.13495 	2.58389e-03	   (7.44534e-10, 0.00000e+00)	-5.10233e-09
-0.13490 	2.59177e-03	   (7.57318e-10, 0.00000e+00)	-5.19810e-09
-0.13485 	2.59975e-03	   (7.70275e-10, 0.00000e+00)	-5.29533e-09
-0.13480 	2.60782e-03	   (7.83405e-10, 5.04871e-29)	-5.39407e-09
-0.13475 	2.61600e-03	   (7.96713e-10, 5.04871e-29)	-5.49431e-09
-0.13470 	2.62426e-03	   (8.10199e-10, 5.04871e-29)	-5.59609e-09
-0.13465 	2.63263e-03	   (8.23867e-10, 0.00000e+00)	-5.69944e-09
-0.13460 	2.64110e-03	   (8.37719e-10, 1.00974e-28)	-5.80437e-09
-0.13455 	2.64967e-03	   (8.51758e-10, 0.00000e+00)	-5.91091e-09
-0.13450 	2.65834e-03	   (8.65986e-10, 0.00000e+00)	-6.01909e-09
-0.13445 	2.66711e-03	   (8.80407e-10, 0.00000e+00)	-6.12893e-09
-0.13440 	2.67599e-03	   (8.95022e-10, 0.00000e+00)	-6.24045e-09
-0.13435 	2.68497e-03	   (9.09835e-10, 0.00000e+00)	-6.35370e-09
-0.13430 	2.69406e-03	   (9.24849e-10, 0.00000e+00)	-6.46868e-09
-0.13425 	2.70326e-03	   (9.40066e-10, 0.00000e+00)	-6.58543e-09
-0.13420 	2.71257e-03	   (9.55490e-10, 0.00000e+00)	-6.70398e-09
-0.13415 	2.72199e-03	   (9.71122e-10, 0.00000e+00)	-6.82436e-09
-0.13410 	2.73152e-03	   (9.86968e-10, -1.00974e-28)	-6.94659e-09
-0.13405 	2.74116e-03	   (1.00303e-09, 5.04871e-29)	-7.07071e-09
-0.13400 	2.75092e-03	   (1.01931e-09, -5.04871e-29)	-7.19675e-09
-0.13395 	2.76079e-03	   (1.03581e-09, 5.04871e-29)	-7.32473e-09
-0.13390 	2.77078e-03	   (1.05254e-09, 0.00000e+00)	-7.45469e-09
-0.13385 	2.78089e-03	   (1.06949e-09, 0.00000e+00)	-7.58666e-09
-0.13380 	2.79112e-03	   (1.08668e-09, 0.00000e+00)	-7.72067e-09
-0.13375 	2.80147e-03	   (1.10410e-09, 0.00000e+00)	-7.85676e-09
-0.13370 	2.81194e-03	   (1.12177e-09, 0.00000e+00)	-7.99497e-09
-0.13365 	2.82254e-03	   (1.13967e-09, 0.00000e+00)	-8.13532e-09
-0.13360 	2.83326e-03	   (1.15782e-09, 0.00000e+00)	-8.27785e-09
-0.13355 	2.84411e-03	   (1.17623e-09, 0.00000e+00)	-8.42260e-09
-0.13350 	2.85509e-03	   (1.19488e-09, 0.00000e+00)	-8.56960e-09
-0.13345 	2.86621e-03	   (1.21380e-09, -1.00974e-28)	-8.71889e-09
-0.13340 	2.87745e-03	   (1.23297e-09, 0.00000e+00)	-8.87052e-09
-0.13335 	2.88883e-03	   (1.25242e-09, 1.00974e-28)	-9.02451e-09
-0.13330 	2.90034e-03	   (1.27213e-09, 0.00000e+00)	-9.18092e-09
-0.13325 	2.91199e-03	   (1.29212e-09, 0.00000e+00)	-9.33977e-09
-0.13320 	2.92378e-03	   (1.31238e-09, 1.00974e-28)	-9.50112e-09
-0.13315 	2.93571e-03	   (1.33293e-09, 0.00000e+00)	-9.66500e-09
-0.13310 	2.94779e-03	   (1.35377e-09, 1.00974e-28)	-9.83146e-09
-0.13305 	2.96001e-03	   (1.37490e-09, 2.01948e-28)	-1.00005e-08
-0.13300 	2.97237e-03	   (1.39632e-09, 2.01948e-28)	-1.01723e-08
-0.13295 	2.98489e-03	   (1.41805e-09, -1.00974e-28)	-1.03467e-08
-0.13290 	2.99755e-03	   (1.44008e-09, 0.00000e+00)	-1.05240e-08
-0.13285 	3.01037e-03	   (1.46243e-09, 0.00000e+00)	-1.07040e-08
-0.13280 	3.02335e-03	   (1.48509e-09, 0.00000e+00)	-1.08869e-08
-0.13275 	3.03648e-03	   (1.50807e-09, 0.00000e+00)	-1.10726e-08
-0.13270 	3.04976e-03	   (1.53138e-09, 0.00000e+00)	-1.12614e-08
-0.13265 	3.06321e-03	   (1.55503e-09, 0.00000e+00)	-1.14531e-08
-0.13260 	3.07683e-03	   (1.57900e-09, 0.00000e+00)	-1.16479e-08
-0.13255 	3.09060e-03	   (1.60333e-09, -1.00974e-28)	-1.18458e-08
-0.13250 	3.10455e-03	   (1.62800e-09, -1.00974e-28)	-1.20469e-08
-0.13245 	3.11867e-03	   (1.65302e-09, 2.01948e-28)	-1.22512e-08
-0.13240 	3.13295e-03	   (1.67841e-09, 0.00000e+00)	-1.24588e-08
-0.13235 	3.14742e-03	   (1.70416e-09, 0.00000e+00)	-1.26698e-08
-0.13230 	3.16206e-03	   (1.73029e-09, 0.00000e+00)	-1.28841e-08
-0.13225 	3.17688e-03	   (1.75679e-09, 0.00000e+00)	-1.31019e-08
-0.13220 	3.19188e-03	   (1.78368e-09, 1.00974e-28)	-1.33232e-08
-0.13215 	3.20707e-03	   (1.81096e-09, 1.00974e-28)	-1.35482e-08
-0.13210 	3.22245e-03	   (1.83864e-09, -1.00974e-28)	-1.37767e-08
-0.13205 	3.23801e-03	   (1.86672e-09, 0.00000e+00)	-1.40090e-08
-0.13200 	3.25377e-03	   (1.89522e-09, 0.00000e+00)	-1.42451e-08
-0.13195 	3.26973e-03	   (1.92413e-09, 0.00000e+00)	-1.44850e-08
-0.13190 	3.28588e-03	   (1.95347e-09, 0.00000e+00)	-1.47289e-08
-0.13185 	3.30224e-03	   (1.98325e-09, -1.00974e-28)	-1.49767e-08
-0.13180 	3.31880e-03	   (2.01347e-09, -1.00974e-28)	-1.52287e-08
-0.13175 	3.33557e-03	   (2.04413e-09, -1.00974e-28)	-1.54847e-08
-0.13170 	3.35254e-03	   (2.07526e-09, 0.00000e+00)	-1.57451e-08
-0.13165 	3.36974e-03	   (2.10684e-09, 2.01948e-28)	-1.60097e-08
-0.13160 	3.38715e-03	   (2.13891e-09, 0.00000e+00)	-1.62787e-08
-0.13155 	3.40478e-03	   (2.17145e-09, 0.00000e+00)	-1.65521e-08
-0.13150 	3.42263e-03	   (2.20448e-09, 0.00000e+00)	-1.68302e-08
-0.13145 	3.44072e-03	   (2.23801e-09, -4.03897e-28)	-1.71128e-08
-0.13140 	3.45903e-03	   (2.27205e-09, 0.00000e+00)	-1.74002e-08
-0.13135 	3.47758e-03	   (2.30661e-09, 0.00000e+00)	-1.76924e-08
-0.13130 	3.49636e-03	   (2.34169e-09, 2.01948e-28)	-1.79895e-08
-0.13125 	3.51539e-03	   (2.37731e-09, 0.00000e+00)	-1.82916e-08
-0.13120 	3.53466e-03	   (2.41347e-09, 0.00000e+00)	-1.85989e-08
-0.13115 	3.55418e-03	   (2.45019e-09, 0.00000e+00)	-1.89113e-08
-0.13110 	3.57396e-03	   (2.48747e-09, 0.00000e+00)	-1.92290e-08
-0.13105 	3.59399e-03	   (2.52533e-09, 4.03897e-28)	-1.95521e-08
-0.13100 	3.61428e-03	   (2.56378e-09, 0.00000e+00)	-1.98807e-08
-0.13095 	3.63484e-03	   (2.60283e-09, 0.00000e+00)	-2.02149e-08
-0.13090 	3.65567e-03	   (2.64248e-09, -2.01948e-28)	-2.05549e-08
-0.13085 	3.67678e-03	   (2.68275e-09, 0.00000e+00)	-2.09007e-08
-0.13080 	3.69816e-03	   (2.72366e-09, -2.01948e-28)	-2.12524e-08
-0.13075 	3.71982e-03	   (2.76521e-09, 0.00000e+00)	-2.16103e-08
-0.13070 	3.74178e-03	   (2.80741e-09, 0.00000e+00)	-2.19743e-08
-0.13065 	3.76402e-03	   (2.85028e-09, 0.00000e+00)	-2.23446e-08
-0.13060 	3.78657e-03	   (2.89384e-09, 0.00000e+00)	-2.27214e-08
-0.13055 	3.80941e-03	   (2.93808e-09, 0.00000e+00)	-2.31047e-08
-0.13050 	3.83257e-03	   (2.98304e-09, -4.03897e-28)	-2.34947e-08
-0.13045 	3.85603e-03	   (3.02871e-09, -2.01948e-28)	-2.38916e-08
-0.13040 	3.87982e-03	   (3.07512e-09, 0.00000e+00)	-2.42955e-08
-0.13035 	3.90392e-03	   (3.12228e-09, 0.00000e+00)	-2.47065e-08
-0.13030 	3.92836e-03	   (3.17020e-09, -2.01948e-28)	-2.51247e-08
-0.13025 	3.95313e-03	   (3.21890e-09, 0.00000e+00)	-2.55504e-08
-0.13020 	3.97824e-03	   (3.26839e-09, -2.01948e-28)	-2.59836e-08
-0.13015 	4.00370e-03	   (3.31870e-09, 0.00000e+00)	-2.64246e-08
-0.13010 	4.02951e-03	   (3.36983e-09, 2.01948e-28)	-2.68735e-08
-0.13005 	4.05568e-03	   (3.42180e-09, 0.00000e+00)	-2.73304e-08
-0.13000 	4.08222e-03	   (3.47463e-09, -4.03897e-28)	-2.77955e-08
-0.12995 	4.10912e-03	   (3.52833e-09, 0.00000e+00)	-2.82690e-08
-0.12990 	4.13640e-03	   (3.58293e-09, 0.00000e+00)	-2.87511e-08
-0.12985 	4.16407e-03	   (3.63845e-09, 0.00000e+00)	-2.92420e-08
-0.12980 	4.19213e-03	   (3.69489e-09, -4.03897e-28)	-2.97418e-08
-0.12975 	4.22059e-03	   (3.75228e-09, -2.01948e-28)	-3.02507e-08
-0.12970 	4.24945e-03	   (3.81064e-09, 0.00000e+00)	-3.07689e-08
-0.12965 	4.27873e-03	   (3.86999e-09, -4.03897e-28)	-3.12967e-08
-0.12960 	4.30842e-03	   (3.93034e-09, 0.00000e+00)	-3.18342e-08
-0.12955 	4.33855e-03	   (3.99173e-09, 0.00000e+00)	-3.23817e-08
-0.12950 	4.36911e-03	   (4.05417e-09, 8.07794e-28)	-3.29393e-08
-0.12945 	4.40012e-03	   (4.11768e-09, 0.00000e+00)	-3.35073e-08
-0.12940 	4.43158e-03	   (4.18229e-09, -4.03897e-28)	-3.40859e-08
-0.12935 	4.46350e-03	   (4.24802e-09, 4.03897e-28)	-3.46754e-08
-0.12930 	4.49589e-03	   (4.31489e-09, 0.00000e+00)	-3.52759e-08
-0.12925 	4.52876e-03	   (4.38293e-09, 0.00000e+00)	-3.58878e-08
-0.12920 	4.56212e-03	   (4.45215e-09, 4.03897e-28)	-3.65112e-08
-0.12915 	4.59597e-03	   (4.52260e-09, 0.00000e+00)	-3.71465e-08
-0.12910 	4.63034e-03	   (4.59429e-09, 0.00000e+00)	-3.77940e-08
-0.12905 	4.66522e-03	   (4.66726e-09, 0.00000e+00)	-3.84538e-08
-0.12900 	4.70063e-03	   (4.74152e-09, 4.03897e-28)	-3.91262e-08
-0.12895 	4.73657e-03	   (4.81711e-09, -4.03897e-28)	-3.98117e-08
-0.12890 	4.77306e-03	   (4.89405e-09, 0.00000e+00)	-4.05104e-08
-0.12885 	4.81011e-03	   (4.97238e-09, 0.00000e+00)	-4.12226e-08
-0.12880 	4.84774e-03	   (5.05213e-09, 0.00000e+00)	-4.19487e-08
-0.12875 	4.88594e-03	   (5.13333e-09, 4.03897e-28)	-4.26890e-08
-0.12870 	4.92473e-03	   (5.21601e-09, 0.00000e+00)	-4.34438e-08
-0.12865 	4.96414e-03	   (5.30020e-09, 0.00000e+00)	-4.42135e-08
-0.12860 	5.00415e-03	   (5.38594e-09, 4.03897e-28)	-4.49984e-08
-0.12855 	5.04480e-03	   (5.47326e-09, 4.03897e-28)	-4.57989e-08
-0.12850 	5.08609e-03	   (5.56221e-09, -8.07794e-28)	-4.66153e-08
-0.12845 	5.12804e-03	   (5.65281e-09, 0.00000e+00)	-4.74480e-08
-0.12840 	5.17066e-03	   (5.74510e-09, 4.03897e-28)	-4.82975e-08
-0.12835 	5.21396e-03	   (5.83913e-09, 0.00000e+00)	-4.91640e-08
-0.12830 	5.25796e-03	   (5.93494e-09, 4.03897e-28)	-5.00481e-08
-0.12825 	5.30268e-03	   (6.03256e-09, 4.03897e-28)	-5.09501e-08
-0.12820 	5.34812e-03	   (6.13204e-09, 0.00000e+00)	-5.18706e-08
-0.12815 	5.39430e-03	   (6.23342e-09, 0.00000e+00)	-5.28098e-08
-0.12810 	5.44125e-03	   (6.33675e-09, 0.00000e+00)	-5.37684e-08
-0.12805 	5.48897e-03	   (6.44207e-09, 0.00000e+00)	-5.47467e-08
-0.12800 	5.53749e-03	   (6.54944e-09, 0.00000e+00)	-5.57453e-08
-0.12795 	5.58681e-03	   (6.65890e-09, 0.00000e+00)	-5.67647e-08
-0.12790 	5.63697e-03	   (6.77049e-09, 0.00000e+00)	-5.78054e-08
-0.12785 	5.68797e-03	   (6.88429e-09, 4.03897e-28)	-5.88679e-08
-0.12780 	5.73983e-03	   (7.00032e-09, 8.07794e-28)	-5.99527e-08
-0.12775 	5.79258e-03	   (7.11867e-09, 0.00000e+00)	-6.10606e-08
-0.12770 	5.84624e-03	   (7.23937e-09, -8.07794e-28)	-6.21920e-08
-0.12765 	5.90082e-03	   (7.36248e-09, 0.00000e+00)	-6.33475e-08
-0.12760 	5.95635e-03	   (7.48808e-09, 0.00000e+00)	-6.45278e-08
-0.12755 	6.01285e-03	   (7.61622e-09, -8.07794e-28)	-6.57335e-08
-0.12750 	6.07033e-03	   (7.74696e-09, -8.07794e-28)	-6.69653e-08
-0.12745 	6.12883e-03	   (7.88037e-09, 0.00000e+00)	-6.82239e-08
-0.12740 	6.18837e-03	   (8.01652e-09, 0.00000e+00)	-6.95099e-08
-0.12735 	6.24897e-03	   (8.15548e-09, -8.07794e-28)	-7.08241e-08
-0.12730 	6.31066e-03	   (8.29732e-09, -8.07794e-28)	-7.21672e-08
-0.12725 	6.37346e-03	   (8.44212e-09, 8.07794e-28)	-7.35401e-08
-0.12720 	6.43739e-03	   (8.58994e-09, 0.00000e+00)	-7.49435e-08
-0.12715 	6.50250e-03	   (8.74088e-09, 0.00000e+00)	-7.63782e-08
-0.12710 	6.56880e-03	   (8.89502e-09, 0.00000e+00)	-7.78451e-08
-0.12705 	6.63632e-03	   (9.05243e-09, 0.00000e+00)	-7.93451e-08
-0.12700 	6.70509e-03	   (9.21321e-09, -8.07794e-28)	-8.08791e-08
-0.12695 	6.77516e-03	   (9.37745e-09, 0.00000e+00)	-8.24480e-08
-0.12690 	6.84653e-03	   (9.54523e-09, 8.07794e-28)	-8.40528e-08
-0.12685 	6.91926e-03	   (9.71667e-09, -8.07794e-28)	-8.56945e-08
-0.12680 	6.99337e-03	   (9.89184e-09, 0.00000e+00)	-8.73741e-08
-0.12675 	7.06890e-03	   (1.00709e-08, -1.61559e-27)	-8.90927e-08
-0.12670 	7.14589e-03	   (1.02538e-08, -8.07794e-28)	-9.08514e-08
-0.12665 	7.22437e-03	   (1.04409e-08, 8.07794e-28)	-9.26514e-08
-0.12660 	7.30437e-03	   (1.06321e-08, 0.00000e+00)	-9.44939e-08
-0.12655 	7.38595e-03	   (1.08276e-08, 0.00000e+00)	-9.63800e-08
-0.12650 	7.46914e-03	   (1.10276e-08, 0.00000e+00)	-9.83111e-08
-0.12645 	7.55399e-03	   (1.12320e-08, 0.00000e+00)	-1.00288e-07
