0.000 0.00000e+00
0.001 -1.67779e-07
0.002 -3.35572e-07
0.003 -5.03391e-07
0.004 -6.71251e-07
0.005 -8.39164e-07
0.006 -1.00714e-06
0.007 -1.17520e-06
0.008 -1.34336e-06
0.009 -1.51162e-06
0.010 -1.68000e-06
0.011 -1.84851e-06
0.012 -2.01717e-06
0.013 -2.18599e-06
0.014 -2.35498e-06
0.015 -2.52415e-06
0.016 -2.69352e-06
0.017 -2.86310e-06
0.018 -3.03290e-06
0.019 -3.20294e-06
0.020 -3.37322e-06
0.021 -3.54377e-06
0.022 -3.71458e-06
0.023 -3.88568e-06
0.024 -4.05707e-06
0.025 -4.22876e-06
0.026 -4.40077e-06
0.027 -4.57311e-06
0.028 -4.74579e-06
0.029 -4.91883e-06
0.030 -5.09222e-06
0.031 -5.26598e-06
0.032 -5.44012e-06
0.033 -5.61466e-06
0.034 -5.78960e-06
0.035 -5.96495e-06
0.036 -6.14072e-06
0.037 -6.31692e-06
0.038 -6.49356e-06
0.039 -6.67065e-06
0.040 -6.84820e-06
0.041 -7.02621e-06
0.042 -7.20470e-06
0.043 -7.38366e-06
0.044 -7.56312e-06
0.045 -7.74308e-06
0.046 -7.92354e-06
0.047 -8.10451e-06
0.048 -8.28600e-06
0.049 -8.46802e-06
0.050 -8.65057e-06
0.051 -8.83365e-06
0.052 -9.01729e-06
0.053 -9.20147e-06
0.054 -9.38620e-06
0.055 -9.57150e-06
0.056 -9.75736e-06
0.057 -9.94380e-06
0.058 -1.01308e-05
0.059 -1.03184e-05
0.060 -1.05066e-05
0.061 -1.06953e-05
0.062 -1.08847e-05
0.063 -1.10746e-05
0.064 -1.12652e-05
0.065 -1.14563e-05
0.066 -1.16481e-05
0.067 -1.18404e-05
0.068 -1.20334e-05
0.069 -1.22270e-05
0.070 -1.24212e-05
0.071 -1.26160e-05
0.072 -1.28114e-05
0.073 -1.30075e-05
0.074 -1.32041e-05
0.075 -1.34014e-05
0.076 -1.35993e-05
0.077 -1.37979e-05
0.078 -1.39970e-05
0.079 -1.41968e-05
0.080 -1.43972e-05
0.081 -1.45982e-05
0.082 -1.47999e-05
0.083 -1.50022e-05
0.084 -1.52051e-05
0.085 -1.54086e-05
0.086 -1.56128e-05
0.087 -1.58176e-05
0.088 -1.60230e-05
0.089 -1.62290e-05
0.090 -1.64356e-05
0.091 -1.66429e-05
0.092 -1.68508e-05
0.093 -1.70593e-05
0.094 -1.72684e-05
0.095 -1.74782e-05
0.096 -1.76885e-05
0.097 -1.78995e-05
0.098 -1.81111e-05
0.099 -1.83232e-05
0.100 -1.85361e-05
