0.000 0.00000e+00
0.001 -6.84155e-08
0.002 -1.36829e-07
0.003 -2.05237e-07
0.004 -2.73639e-07
0.005 -3.42032e-07
0.006 -4.10413e-07
0.007 -4.78781e-07
0.008 -5.47132e-07
0.009 -6.15465e-07
0.010 -6.83778e-07
0.011 -7.52068e-07
0.012 -8.20332e-07
0.013 -8.88570e-07
0.014 -9.56777e-07
0.015 -1.02495e-06
0.016 -1.09309e-06
0.017 -1.16120e-06
0.018 -1.22926e-06
0.019 -1.29729e-06
0.020 -1.36527e-06
0.021 -1.43320e-06
0.022 -1.50109e-06
0.023 -1.56893e-06
0.024 -1.63671e-06
0.025 -1.70444e-06
0.026 -1.77212e-06
0.027 -1.83973e-06
0.028 -1.90728e-06
0.029 -1.97477e-06
0.030 -2.04219e-06
0.031 -2.10955e-06
0.032 -2.17683e-06
0.033 -2.24404e-06
0.034 -2.31118e-06
0.035 -2.37824e-06
0.036 -2.44522e-06
0.037 -2.51212e-06
0.038 -2.57893e-06
0.039 -2.64566e-06
0.040 -2.71230e-06
0.041 -2.77886e-06
0.042 -2.84532e-06
0.043 -2.91168e-06
0.044 -2.97795e-06
0.045 -3.04412e-06
0.046 -3.11019e-06
0.047 -3.17616e-06
0.048 -3.24202e-06
0.049 -3.30778e-06
0.050 -3.37343e-06
0.051 -3.43897e-06
0.052 -3.50439e-06
0.053 -3.56971e-06
0.054 -3.63490e-06
0.055 -3.69998e-06
0.056 -3.76494e-06
0.057 -3.82978e-06
0.058 -3.89450e-06
0.059 -3.95909e-06
0.060 -4.02355e-06
0.061 -4.08789e-06
0.062 -4.15210e-06
0.063 -4.21617e-06
0.064 -4.28012e-06
0.065 -4.34393e-06
0.066 -4.40760e-06
0.067 -4.47114e-06
0.068 -4.53454e-06
0.069 -4.59780e-06
0.070 -4.66092e-06
0.071 -4.72389e-06
0.072 -4.78673e-06
0.073 -4.84941e-06
0.074 -4.91196e-06
0.075 -4.97435e-06
0.076 -5.03660e-06
0.077 -5.09870e-06
0.078 -5.16065e-06
0.079 -5.22245e-06
0.080 -5.28410e-06
0.081 -5.34560e-06
0.082 -5.40694e-06
0.083 -5.46813e-06
0.084 -5.52917e-06
0.085 -5.59005e-06
0.086 -5.65078e-06
0.087 -5.71135e-06
0.088 -5.77177e-06
0.089 -5.83203e-06
0.090 -5.89213e-06
0.091 -5.95207e-06
0.092 -6.01186e-06
0.093 -6.07149e-06
0.094 -6.13096e-06
0.095 -6.19027e-06
0.096 -6.24943e-06
0.097 -6.30843e-06
0.098 -6.36727e-06
0.099 -6.42595e-06
0.100 -6.48447e-06
