0.000 0.00000e+00
0.001 -4.11649e-08
0.002 -8.23321e-08
0.003 -1.23504e-07
0.004 -1.64683e-07
0.005 -2.05870e-07
0.006 -2.47070e-07
0.007 -2.88283e-07
0.008 -3.29512e-07
0.009 -3.70760e-07
0.010 -4.12028e-07
0.011 -4.53319e-07
0.012 -4.94635e-07
0.013 -5.35978e-07
0.014 -5.77350e-07
0.015 -6.18754e-07
0.016 -6.60191e-07
0.017 -7.01664e-07
0.018 -7.43175e-07
0.019 -7.84725e-07
0.020 -8.26318e-07
0.021 -8.67954e-07
0.022 -9.09636e-07
0.023 -9.51365e-07
0.024 -9.93144e-07
0.025 -1.03497e-06
0.026 -1.07686e-06
0.027 -1.11879e-06
0.028 -1.16079e-06
0.029 -1.20284e-06
0.030 -1.24495e-06
0.031 -1.28713e-06
0.032 -1.32936e-06
0.033 -1.37166e-06
0.034 -1.41403e-06
0.035 -1.45646e-06
0.036 -1.49897e-06
0.037 -1.54154e-06
0.038 -1.58418e-06
0.039 -1.62689e-06
0.040 -1.66968e-06
0.041 -1.71254e-06
0.042 -1.75548e-06
0.043 -1.79849e-06
0.044 -1.84158e-06
0.045 -1.88475e-06
0.046 -1.92800e-06
0.047 -1.97132e-06
0.048 -2.01473e-06
0.049 -2.05821e-06
0.050 -2.10178e-06
0.051 -2.14543e-06
0.052 -2.18916e-06
0.053 -2.23297e-06
0.054 -2.27687e-06
0.055 -2.32084e-06
0.056 -2.36490e-06
0.057 -2.40905e-06
0.058 -2.45328e-06
0.059 -2.49759e-06
0.060 -2.54198e-06
0.061 -2.58646e-06
0.062 -2.63102e-06
0.063 -2.67566e-06
0.064 -2.72039e-06
0.065 -2.76519e-06
0.066 -2.81008e-06
0.067 -2.85505e-06
0.068 -2.90011e-06
0.069 -2.94524e-06
0.070 -2.99045e-06
0.071 -3.03574e-06
0.072 -3.08111e-06
0.073 -3.12656e-06
0.074 -3.17209e-06
0.075 -3.21769e-06
0.076 -3.26337e-06
0.077 -3.30913e-06
0.078 -3.35495e-06
0.079 -3.40086e-06
0.080 -3.44683e-06
0.081 -3.49287e-06
0.082 -3.53899e-06
0.083 -3.58517e-06
0.084 -3.63143e-06
0.085 -3.67775e-06
0.086 -3.72413e-06
0.087 -3.77059e-06
0.088 -3.81710e-06
0.089 -3.86368e-06
0.090 -3.91032e-06
0.091 -3.95702e-06
0.092 -4.00378e-06
0.093 -4.05060e-06
0.094 -4.09747e-06
0.095 -4.14440e-06
0.096 -4.19139e-06
0.097 -4.23843e-06
0.098 -4.28552e-06
0.099 -4.33266e-06
0.100 -4.37985e-06
