0.000 0.00000e+00
0.001 -3.26826e-07
0.002 -6.53628e-07
0.003 -9.80381e-07
0.004 -1.30706e-06
0.005 -1.63364e-06
0.006 -1.96010e-06
0.007 -2.28641e-06
0.008 -2.61256e-06
0.009 -2.93850e-06
0.010 -3.26423e-06
0.011 -3.58971e-06
0.012 -3.91492e-06
0.013 -4.23984e-06
0.014 -4.56445e-06
0.015 -4.88871e-06
0.016 -5.21261e-06
0.017 -5.53611e-06
0.018 -5.85921e-06
0.019 -6.18186e-06
0.020 -6.50405e-06
0.021 -6.82576e-06
0.022 -7.14696e-06
0.023 -7.46762e-06
0.024 -7.78772e-06
0.025 -8.10725e-06
0.026 -8.42616e-06
0.027 -8.74445e-06
0.028 -9.06209e-06
0.029 -9.37905e-06
0.030 -9.69531e-06
0.031 -1.00108e-05
0.032 -1.03256e-05
0.033 -1.06397e-05
0.034 -1.09529e-05
0.035 -1.12653e-05
0.036 -1.15769e-05
0.037 -1.18876e-05
0.038 -1.21975e-05
0.039 -1.25064e-05
0.040 -1.28144e-05
0.041 -1.31215e-05
0.042 -1.34275e-05
0.043 -1.37326e-05
0.044 -1.40367e-05
0.045 -1.43398e-05
0.046 -1.46418e-05
0.047 -1.49427e-05
0.048 -1.52425e-05
0.049 -1.55412e-05
0.050 -1.58388e-05
0.051 -1.61352e-05
0.052 -1.64304e-05
0.053 -1.67244e-05
0.054 -1.70172e-05
0.055 -1.73088e-05
0.056 -1.75991e-05
0.057 -1.78882e-05
0.058 -1.81759e-05
0.059 -1.84623e-05
0.060 -1.87475e-05
0.061 -1.90312e-05
0.062 -1.93136e-05
0.063 -1.95947e-05
0.064 -1.98743e-05
0.065 -2.01525e-05
0.066 -2.04293e-05
0.067 -2.07047e-05
0.068 -2.09786e-05
0.069 -2.12510e-05
0.070 -2.15219e-05
0.071 -2.17914e-05
0.072 -2.20593e-05
0.073 -2.23257e-05
0.074 -2.25906e-05
0.075 -2.28539e-05
0.076 -2.31156e-05
0.077 -2.33758e-05
0.078 -2.36343e-05
0.079 -2.38913e-05
0.080 -2.41467e-05
0.081 -2.44004e-05
0.082 -2.46525e-05
0.083 -2.49030e-05
0.084 -2.51518e-05
0.085 -2.53990e-05
0.086 -2.56445e-05
0.087 -2.58884e-05
0.088 -2.61305e-05
0.089 -2.63710e-05
0.090 -2.66098e-05
0.091 -2.68468e-05
0.092 -2.70822e-05
0.093 -2.73159e-05
0.094 -2.75478e-05
0.095 -2.77780e-05
0.096 -2.80065e-05
0.097 -2.82333e-05
0.098 -2.84584e-05
0.099 -2.86817e-05
0.100 -2.89033e-05
