0.000 0.00000e+00
0.001 -3.71386e-08
0.002 -7.42787e-08
0.003 -1.11422e-07
0.004 -1.48569e-07
0.005 -1.85722e-07
0.006 -2.22882e-07
0.007 -2.60051e-07
0.008 -2.97231e-07
0.009 -3.34421e-07
0.010 -3.71625e-07
0.011 -4.08843e-07
0.012 -4.46077e-07
0.013 -4.83329e-07
0.014 -5.20599e-07
0.015 -5.57889e-07
0.016 -5.95201e-07
0.017 -6.32535e-07
0.018 -6.69895e-07
0.019 -7.07280e-07
0.020 -7.44692e-07
0.021 -7.82133e-07
0.022 -8.19603e-07
0.023 -8.57105e-07
0.024 -8.94640e-07
0.025 -9.32209e-07
0.026 -9.69814e-07
0.027 -1.00746e-06
0.028 -1.04513e-06
0.029 -1.08285e-06
0.030 -1.12061e-06
0.031 -1.15842e-06
0.032 -1.19626e-06
0.033 -1.23415e-06
0.034 -1.27209e-06
0.035 -1.31007e-06
0.036 -1.34811e-06
0.037 -1.38619e-06
0.038 -1.42432e-06
0.039 -1.46251e-06
0.040 -1.50075e-06
0.041 -1.53905e-06
0.042 -1.57740e-06
0.043 -1.61581e-06
0.044 -1.65428e-06
0.045 -1.69281e-06
0.046 -1.73140e-06
0.047 -1.77006e-06
0.048 -1.80877e-06
0.049 -1.84756e-06
0.050 -1.88641e-06
0.051 -1.92532e-06
0.052 -1.96431e-06
0.053 -2.00336e-06
0.054 -2.04249e-06
0.055 -2.08169e-06
0.056 -2.12096e-06
0.057 -2.16031e-06
0.058 -2.19973e-06
0.059 -2.23923e-06
0.060 -2.27880e-06
0.061 -2.31846e-06
0.062 -2.35820e-06
0.063 -2.39801e-06
0.064 -2.43791e-06
0.065 -2.47790e-06
0.066 -2.51797e-06
0.067 -2.55812e-06
0.068 -2.59836e-06
0.069 -2.63869e-06
0.070 -2.67911e-06
0.071 -2.71962e-06
0.072 -2.76022e-06
0.073 -2.80091e-06
0.074 -2.84169e-06
0.075 -2.88257e-06
0.076 -2.92355e-06
0.077 -2.96462e-06
0.078 -3.00579e-06
0.079 -3.04706e-06
0.080 -3.08842e-06
0.081 -3.12989e-06
0.082 -3.17146e-06
0.083 -3.21313e-06
0.084 -3.25491e-06
0.085 -3.29679e-06
0.086 -3.33877e-06
0.087 -3.38087e-06
0.088 -3.42306e-06
0.089 -3.46537e-06
0.090 -3.50779e-06
0.091 -3.55032e-06
0.092 -3.59295e-06
0.093 -3.63570e-06
0.094 -3.67857e-06
0.095 -3.72154e-06
0.096 -3.76463e-06
0.097 -3.80784e-06
0.098 -3.85116e-06
0.099 -3.89460e-06
0.100 -3.93816e-06
