-0.20000 	3.26373e-04	 (3.73064e-17, 9.40395e-38)	-3.08123e-17
-0.19995 	3.26181e-04	 (3.70952e-17, 0.00000e+00)	-3.06886e-17
-0.19990 	3.25989e-04	 (3.68853e-17, -9.40395e-38)	-3.05655e-17
-0.19985 	3.25798e-04	 (3.66767e-17, 1.88079e-37)	-3.04430e-17
-0.19980 	3.25606e-04	 (3.64693e-17, -4.70198e-37)	-3.03210e-17
-0.19975 	3.25415e-04	 (3.62633e-17, 0.00000e+00)	-3.01996e-17
-0.19970 	3.25225e-04	 (3.60585e-17, 3.76158e-37)	-3.00788e-17
-0.19965 	3.25034e-04	 (3.58549e-17, -2.82119e-37)	-2.99586e-17
-0.19960 	3.24844e-04	 (3.56527e-17, 1.88079e-37)	-2.98389e-17
-0.19955 	3.24654e-04	 (3.54516e-17, -1.88079e-37)	-2.97198e-17
-0.19950 	3.24464e-04	 (3.52518e-17, 1.88079e-37)	-2.96012e-17
-0.19945 	3.24275e-04	 (3.50532e-17, -3.76158e-37)	-2.94832e-17
-0.19940 	3.24086e-04	 (3.48558e-17, 3.76158e-37)	-2.93657e-17
-0.19935 	3.23897e-04	 (3.46596e-17, -1.88079e-37)	-2.92488e-17
-0.19930 	3.23709e-04	 (3.44646e-17, -2.82119e-37)	-2.91324e-17
-0.19925 	3.23520e-04	 (3.42708e-17, 2.82119e-37)	-2.90166e-17
-0.19920 	3.23332e-04	 (3.40782e-17, -2.82119e-37)	-2.89013e-17
-0.19915 	3.23145e-04	 (3.38868e-17, -9.40395e-38)	-2.87865e-17
-0.19910 	3.22957e-04	 (3.36965e-17, 2.82119e-37)	-2.86723e-17
-0.19905 	3.22770e-04	 (3.35074e-17, 0.00000e+00)	-2.85586e-17
-0.19900 	3.22583e-04	 (3.33194e-17, 9.40395e-38)	-2.84454e-17
-0.19895 	3.22396e-04	 (3.31326e-17, 9.40395e-38)	-2.83328e-17
-0.19890 	3.22210e-04	 (3.29469e-17, -3.76158e-37)	-2.82207e-17
-0.19885 	3.22024e-04	 (3.27624e-17, 5.64237e-37)	-2.81091e-17
-0.19880 	3.21838e-04	 (3.25790e-17, 0.00000e+00)	-2.79980e-17
-0.19875 	3.21652e-04	 (3.23967e-17, -2.82119e-37)	-2.78874e-17
-0.19870 	3.21467e-04	 (3.22155e-17, -1.88079e-37)	-2.77774e-17
-0.19865 	3.21282e-04	 (3.20354e-17, -1.88079e-37)	-2.76678e-17
-0.19860 	3.21097e-04	 (3.18564e-17, 1.88079e-37)	-2.75588e-17
-0.19855 	3.20913e-04	 (3.16784e-17, 1.88079e-37)	-2.74502e-17
-0.19850 	3.20728e-04	 (3.15016e-17, 0.00000e+00)	-2.73422e-17
-0.19845 	3.20544e-04	 (3.13258e-17, 1.88079e-37)	-2.72347e-17
-0.19840 	3.20361e-04	 (3.11511e-17, 0.00000e+00)	-2.71276e-17
-0.19835 	3.20177e-04	 (3.09775e-17, 2.82119e-37)	-2.70211e-17
-0.19830 	3.19994e-04	 (3.08049e-17, 1.88079e-37)	-2.69150e-17
-0.19825 	3.19811e-04	 (3.06333e-17, -1.88079e-37)	-2.68094e-17
-0.19820 	3.19628e-04	 (3.04628e-17, 9.40395e-38)	-2.67043e-17
-0.19815 	3.19446e-04	 (3.02933e-17, -9.40395e-38)	-2.65997e-17
-0.19810 	3.19264e-04	 (3.01249e-17, -2.82119e-37)	-2.64956e-17
-0.19805 	3.19082e-04	 (2.99574e-17, -1.88079e-37)	-2.63920e-17
-0.19800 	3.18900e-04	 (2.97910e-17, -1.88079e-37)	-2.62888e-17
-0.19795 	3.18719e-04	 (2.96255e-17, -1.88079e-37)	-2.61861e-17
-0.19790 	3.18538e-04	 (2.94611e-17, 1.88079e-37)	-2.60839e-17
-0.19785 	3.18357e-04	 (2.92977e-17, -1.88079e-37)	-2.59821e-17
-0.19780 	3.18176e-04	 (2.91352e-17, 2.82119e-37)	-2.58808e-17
-0.19775 	3.17996e-04	 (2.89737e-17, -1.88079e-37)	-2.57800e-17
-0.19770 	3.17816e-04	 (2.88132e-17, 1.88079e-37)	-2.56796e-17
-0.19765 	3.17636e-04	 (2.86537e-17, 0.00000e+00)	-2.55797e-17
-0.19760 	3.17457e-04	 (2.84951e-17, -1.88079e-37)	-2.54802e-17
-0.19755 	3.17277e-04	 (2.83375e-17, 9.40395e-38)	-2.53812e-17
-0.19750 	3.17098e-04	 (2.81808e-17, 3.76158e-37)	-2.52827e-17
-0.19745 	3.16919e-04	 (2.80250e-17, 3.76158e-37)	-2.51846e-17
-0.19740 	3.16741e-04	 (2.78702e-17, 0.00000e+00)	-2.50869e-17
-0.19735 	3.16562e-04	 (2.77164e-17, 9.40395e-38)	-2.49897e-17
-0.19730 	3.16384e-04	 (2.75634e-17, -9.40395e-38)	-2.48930e-17
-0.19725 	3.16207e-04	 (2.74114e-17, 1.88079e-37)	-2.47966e-17
-0.19720 	3.16029e-04	 (2.72602e-17, 2.82119e-37)	-2.47007e-17
-0.19715 	3.15852e-04	 (2.71100e-17, 9.40395e-38)	-2.46053e-17
-0.19710 	3.15675e-04	 (2.69607e-17, -1.88079e-37)	-2.45103e-17
-0.19705 	3.15498e-04	 (2.68123e-17, -3.76158e-37)	-2.44157e-17
-0.19700 	3.15321e-04	 (2.66647e-17, 9.40395e-38)	-2.43215e-17
-0.19695 	3.15145e-04	 (2.65181e-17, 0.00000e+00)	-2.42278e-17
-0.19690 	3.14969e-04	 (2.63723e-17, 1.88079e-37)	-2.41345e-17
-0.19685 	3.14793e-04	 (2.62274e-17, -2.82119e-37)	-2.40416e-17
-0.19680 	3.14618e-04	 (2.60833e-17, -3.76158e-37)	-2.39491e-17
-0.19675 	3.14442e-04	 (2.59401e-17, 0.00000e+00)	-2.38571e-17
-0.19670 	3.14267e-04	 (2.57978e-17, -9.40395e-38)	-2.37654e-17
-0.19665 	3.14092e-04	 (2.56563e-17, 9.40395e-38)	-2.36742e-17
-0.19660 	3.13918e-04	 (2.55157e-17, -2.82119e-37)	-2.35834e-17
-0.19655 	3.13743e-04	 (2.53759e-17, -9.40395e-38)	-2.34930e-17
-0.19650 	3.13569e-04	 (2.52369e-17, 1.88079e-37)	-2.34030e-17
-0.19645 	3.13395e-04	 (2.50987e-17, 9.40395e-38)	-2.33134e-17
-0.19640 	3.13222e-04	 (2.49614e-17, -5.64237e-37)	-2.32242e-17
-0.19635 	3.13048e-04	 (2.48249e-17, 0.00000e+00)	-2.31354e-17
-0.19630 	3.12875e-04	 (2.46892e-17, -1.88079e-37)	-2.30471e-17
-0.19625 	3.12702e-04	 (2.45543e-17, -9.40395e-38)	-2.29591e-17
-0.19620 	3.12530e-04	 (2.44202e-17, -9.40395e-38)	-2.28715e-17
-0.19615 	3.12357e-04	 (2.42869e-17, 1.88079e-37)	-2.27843e-17
-0.19610 	3.12185e-04	 (2.41544e-17, 9.40395e-38)	-2.26975e-17
-0.19605 	3.12013e-04	 (2.40227e-17, 0.00000e+00)	-2.26111e-17
-0.19600 	3.11842e-04	 (2.38917e-17, 0.00000e+00)	-2.25250e-17
-0.19595 	3.11670e-04	 (2.37616e-17, -1.88079e-37)	-2.24394e-17
-0.19590 	3.11499e-04	 (2.36322e-17, -9.40395e-38)	-2.23541e-17
-0.19585 	3.11328e-04	 (2.35036e-17, -1.88079e-37)	-2.22692e-17
-0.19580 	3.11157e-04	 (2.33757e-17, 0.00000e+00)	-2.21847e-17
-0.19575 	3.10987e-04	 (2.32486e-17, 0.00000e+00)	-2.21006e-17
-0.19570 	3.10817e-04	 (2.31222e-17, 1.88079e-37)	-2.20168e-17
-0.19565 	3.10647e-04	 (2.29966e-17, 0.00000e+00)	-2.19335e-17
-0.19560 	3.10477e-04	 (2.28717e-17, 9.40395e-38)	-2.18505e-17
-0.19555 	3.10307e-04	 (2.27476e-17, 3.76158e-37)	-2.17678e-17
-0.19550 	3.10138e-04	 (2.26242e-17, 0.00000e+00)	-2.16856e-17
-0.19545 	3.09969e-04	 (2.25015e-17, -1.88079e-37)	-2.16037e-17
-0.19540 	3.09800e-04	 (2.23796e-17, 1.88079e-37)	-2.15221e-17
-0.19535 	3.09632e-04	 (2.22583e-17, -1.88079e-37)	-2.14410e-17
-0.19530 	3.09463e-04	 (2.21378e-17, 9.40395e-38)	-2.13601e-17
-0.19525 	3.09295e-04	 (2.20180e-17, 0.00000e+00)	-2.12797e-17
-0.19520 	3.09127e-04	 (2.18989e-17, -2.82119e-37)	-2.11996e-17
-0.19515 	3.08959e-04	 (2.17805e-17, 0.00000e+00)	-2.11199e-17
-0.19510 	3.08792e-04	 (2.16628e-17, 1.88079e-37)	-2.10405e-17
-0.19505 	3.08625e-04	 (2.15457e-17, 9.40395e-38)	-2.09614e-17
-0.19500 	3.08458e-04	 (2.14294e-17, -9.40395e-38)	-2.08827e-17
-0.19495 	3.08291e-04	 (2.13138e-17, 9.40395e-38)	-2.08044e-17
-0.19490 	3.08125e-04	 (2.11988e-17, -9.40395e-38)	-2.07264e-17
-0.19485 	3.07958e-04	 (2.10845e-17, -1.88079e-37)	-2.06488e-17
-0.19480 	3.07792e-04	 (2.09709e-17, 2.82119e-37)	-2.05715e-17
-0.19475 	3.07626e-04	 (2.08579e-17, 1.88079e-37)	-2.04945e-17
-0.19470 	3.07461e-04	 (2.07456e-17, -1.88079e-37)	-2.04179e-17
-0.19465 	3.07295e-04	 (2.06340e-17, 9.40395e-38)	-2.03416e-17
-0.19460 	3.07130e-04	 (2.05230e-17, 0.00000e+00)	-2.02656e-17
-0.19455 	3.06965e-04	 (2.04126e-17, 0.00000e+00)	-2.01900e-17
-0.19450 	3.06801e-04	 (2.03029e-17, 0.00000e+00)	-2.01147e-17
-0.19445 	3.06636e-04	 (2.01939e-17, -2.82119e-37)	-2.00398e-17
-0.19440 	3.06472e-04	 (2.00855e-17, 1.88079e-37)	-1.99652e-17
-0.19435 	3.06308e-04	 (1.99777e-17, 1.88079e-37)	-1.98909e-17
-0.19430 	3.06144e-04	 (1.98705e-17, 1.88079e-37)	-1.98169e-17
-0.19425 	3.05981e-04	 (1.97640e-17, 2.82119e-37)	-1.97433e-17
-0.19420 	3.05817e-04	 (1.96581e-17, 1.88079e-37)	-1.96699e-17
-0.19415 	3.05654e-04	 (1.95528e-17, 9.40395e-38)	-1.95970e-17
-0.19410 	3.05491e-04	 (1.94481e-17, -9.40395e-38)	-1.95243e-17
-0.19405 	3.05328e-04	 (1.93440e-17, 9.40395e-38)	-1.94519e-17
-0.19400 	3.05166e-04	 (1.92406e-17, 1.88079e-37)	-1.93799e-17
-0.19395 	3.05004e-04	 (1.91377e-17, 1.41059e-37)	-1.93081e-17
-0.19390 	3.04842e-04	 (1.90354e-17, 1.41059e-37)	-1.92367e-17
-0.19385 	3.04680e-04	 (1.89337e-17, 1.41059e-37)	-1.91656e-17
-0.19380 	3.04518e-04	 (1.88327e-17, -9.40395e-38)	-1.90948e-17
-0.19375 	3.04357e-04	 (1.87322e-17, 3.76158e-37)	-1.90244e-17
-0.19370 	3.04196e-04	 (1.86323e-17, -1.88079e-37)	-1.89542e-17
-0.19365 	3.04035e-04	 (1.85329e-17, 0.00000e+00)	-1.88843e-17
-0.19360 	3.03874e-04	 (1.84342e-17, -1.41059e-37)	-1.88147e-17
-0.19355 	3.03714e-04	 (1.83360e-17, -1.88079e-37)	-1.87455e-17
-0.19350 	3.03554e-04	 (1.82384e-17, 1.88079e-37)	-1.86765e-17
-0.19345 	3.03394e-04	 (1.81413e-17, 4.70198e-38)	-1.86079e-17
-0.19340 	3.03234e-04	 (1.80448e-17, 9.40395e-38)	-1.85395e-17
-0.19335 	3.03074e-04	 (1.79489e-17, 1.41059e-37)	-1.84714e-17
-0.19330 	3.02915e-04	 (1.78535e-17, 2.35099e-37)	-1.84037e-17
-0.19325 	3.02756e-04	 (1.77587e-17, 9.40395e-38)	-1.83362e-17
-0.19320 	3.02597e-04	 (1.76644e-17, 4.70198e-38)	-1.82690e-17
-0.19315 	3.02438e-04	 (1.75707e-17, 0.00000e+00)	-1.82021e-17
-0.19310 	3.02279e-04	 (1.74775e-17, 0.00000e+00)	-1.81355e-17
-0.19305 	3.02121e-04	 (1.73848e-17, 0.00000e+00)	-1.80692e-17
-0.19300 	3.01963e-04	 (1.72927e-17, 9.40395e-38)	-1.80032e-17
-0.19295 	3.01805e-04	 (1.72011e-17, 4.70198e-38)	-1.79374e-17
-0.19290 	3.01647e-04	 (1.71101e-17, 0.00000e+00)	-1.78720e-17
-0.19285 	3.01490e-04	 (1.70195e-17, -4.70198e-38)	-1.78068e-17
-0.19280 	3.01333e-04	 (1.69295e-17, 1.41059e-37)	-1.77419e-17
-0.19275 	3.01176e-04	 (1.68400e-17, -1.41059e-37)	-1.76773e-17
-0.19270 	3.01019e-04	 (1.67510e-17, -1.41059e-37)	-1.76129e-17
-0.19265 	3.00862e-04	 (1.66626e-17, -4.70198e-38)	-1.75489e-17
-0.19260 	3.00706e-04	 (1.65746e-17, -9.40395e-38)	-1.74851e-17
-0.19255 	3.00550e-04	 (1.64871e-17, 4.70198e-38)	-1.74216e-17
-0.19250 	3.00394e-04	 (1.64002e-17, 1.41059e-37)	-1.73583e-17
-0.19245 	3.00238e-04	 (1.63137e-17, -1.41059e-37)	-1.72954e-17
-0.19240 	3.00082e-04	 (1.62278e-17, 9.40395e-38)	-1.72327e-17
-0.19235 	2.99927e-04	 (1.61423e-17, 0.00000e+00)	-1.71703e-17
-0.19230 	2.99772e-04	 (1.60573e-17, -1.41059e-37)	-1.71081e-17
-0.19225 	2.99617e-04	 (1.59728e-17, -2.35099e-37)	-1.70462e-17
-0.19220 	2.99462e-04	 (1.58888e-17, 1.41059e-37)	-1.69846e-17
-0.19215 	2.99308e-04	 (1.58053e-17, -4.70198e-38)	-1.69232e-17
-0.19210 	2.99153e-04	 (1.57222e-17, -4.70198e-38)	-1.68621e-17
-0.19205 	2.98999e-04	 (1.56397e-17, 0.00000e+00)	-1.68013e-17
-0.19200 	2.98845e-04	 (1.55575e-17, -1.41059e-37)	-1.67407e-17
-0.19195 	2.98691e-04	 (1.54759e-17, -9.40395e-38)	-1.66804e-17
-0.19190 	2.98538e-04	 (1.53947e-17, 9.40395e-38)	-1.66204e-17
-0.19185 	2.98385e-04	 (1.53140e-17, -9.40395e-38)	-1.65606e-17
-0.19180 	2.98232e-04	 (1.52338e-17, 9.40395e-38)	-1.65010e-17
-0.19175 	2.98079e-04	 (1.51540e-17, 4.70198e-38)	-1.64417e-17
-0.19170 	2.97926e-04	 (1.50747e-17, -2.82119e-37)	-1.63827e-17
-0.19165 	2.97774e-04	 (1.49958e-17, 9.40395e-38)	-1.63239e-17
-0.19160 	2.97621e-04	 (1.49174e-17, -1.88079e-37)	-1.62653e-17
-0.19155 	2.97469e-04	 (1.48394e-17, 0.00000e+00)	-1.62070e-17
-0.19150 	2.97317e-04	 (1.47618e-17, -9.40395e-38)	-1.61490e-17
-0.19145 	2.97166e-04	 (1.46847e-17, 9.40395e-38)	-1.60912e-17
-0.19140 	2.97014e-04	 (1.46081e-17, 9.40395e-38)	-1.60337e-17
-0.19135 	2.96863e-04	 (1.45318e-17, -9.40395e-38)	-1.59764e-17
-0.19130 	2.96712e-04	 (1.44560e-17, 9.40395e-38)	-1.59193e-17
-0.19125 	2.96561e-04	 (1.43807e-17, -4.70198e-38)	-1.58625e-17
-0.19120 	2.96410e-04	 (1.43057e-17, -1.88079e-37)	-1.58059e-17
-0.19115 	2.96260e-04	 (1.42312e-17, 4.70198e-38)	-1.57496e-17
-0.19110 	2.96110e-04	 (1.41571e-17, 2.35099e-37)	-1.56934e-17
-0.19105 	2.95960e-04	 (1.40835e-17, 4.70198e-38)	-1.56376e-17
-0.19100 	2.95810e-04	 (1.40102e-17, -9.40395e-38)	-1.55820e-17
-0.19095 	2.95660e-04	 (1.39374e-17, 0.00000e+00)	-1.55266e-17
-0.19090 	2.95511e-04	 (1.38650e-17, 4.70198e-38)	-1.54714e-17
-0.19085 	2.95361e-04	 (1.37930e-17, -1.41059e-37)	-1.54165e-17
-0.19080 	2.95212e-04	 (1.37213e-17, 4.70198e-38)	-1.53618e-17
-0.19075 	2.95063e-04	 (1.36501e-17, -1.88079e-37)	-1.53073e-17
-0.19070 	2.94915e-04	 (1.35793e-17, 0.00000e+00)	-1.52531e-17
-0.19065 	2.94766e-04	 (1.35089e-17, -4.70198e-38)	-1.51991e-17
-0.19060 	2.94618e-04	 (1.34389e-17, 4.70198e-38)	-1.51453e-17
-0.19055 	2.94470e-04	 (1.33693e-17, 4.70198e-38)	-1.50917e-17
-0.19050 	2.94322e-04	 (1.33001e-17, 4.70198e-38)	-1.50384e-17
-0.19045 	2.94174e-04	 (1.32313e-17, -9.40395e-38)	-1.49853e-17
-0.19040 	2.94027e-04	 (1.31628e-17, 0.00000e+00)	-1.49324e-17
-0.19035 	2.93879e-04	 (1.30948e-17, 0.00000e+00)	-1.48798e-17
-0.19030 	2.93732e-04	 (1.30271e-17, 0.00000e+00)	-1.48273e-17
-0.19025 	2.93585e-04	 (1.29598e-17, -2.82119e-37)	-1.47751e-17
-0.19020 	2.93439e-04	 (1.28929e-17, -1.88079e-37)	-1.47231e-17
-0.19015 	2.93292e-04	 (1.28264e-17, 9.40395e-38)	-1.46713e-17
-0.19010 	2.93146e-04	 (1.27602e-17, 1.41059e-37)	-1.46198e-17
-0.19005 	2.93000e-04	 (1.26944e-17, -4.70198e-38)	-1.45684e-17
-0.19000 	2.92854e-04	 (1.26290e-17, 0.00000e+00)	-1.45173e-17
-0.18995 	2.92708e-04	 (1.25640e-17, -9.40395e-38)	-1.44664e-17
-0.18990 	2.92562e-04	 (1.24993e-17, -4.70198e-38)	-1.44156e-17
-0.18985 	2.92417e-04	 (1.24349e-17, 9.40395e-38)	-1.43651e-17
-0.18980 	2.92272e-04	 (1.23710e-17, 9.40395e-38)	-1.43149e-17
-0.18975 	2.92127e-04	 (1.23074e-17, -2.82119e-37)	-1.42648e-17
-0.18970 	2.91982e-04	 (1.22441e-17, 9.40395e-38)	-1.42149e-17
-0.18965 	2.91837e-04	 (1.21812e-17, -9.40395e-38)	-1.41653e-17
-0.18960 	2.91693e-04	 (1.21187e-17, 0.00000e+00)	-1.41158e-17
-0.18955 	2.91548e-04	 (1.20565e-17, 9.40395e-38)	-1.40666e-17
-0.18950 	2.91404e-04	 (1.19946e-17, 4.70198e-38)	-1.40175e-17
-0.18945 	2.91260e-04	 (1.19331e-17, 9.40395e-38)	-1.39687e-17
-0.18940 	2.91117e-04	 (1.18720e-17, 1.41059e-37)	-1.39200e-17
-0.18935 	2.90973e-04	 (1.18112e-17, 0.00000e+00)	-1.38716e-17
-0.18930 	2.90830e-04	 (1.17507e-17, 4.70198e-38)	-1.38234e-17
-0.18925 	2.90687e-04	 (1.16905e-17, -4.70198e-38)	-1.37753e-17
-0.18920 	2.90544e-04	 (1.16307e-17, 1.41059e-37)	-1.37275e-17
-0.18915 	2.90401e-04	 (1.15713e-17, -4.70198e-38)	-1.36799e-17
-0.18910 	2.90258e-04	 (1.15121e-17, -1.88079e-37)	-1.36324e-17
-0.18905 	2.90116e-04	 (1.14533e-17, 0.00000e+00)	-1.35852e-17
-0.18900 	2.89974e-04	 (1.13948e-17, -1.88079e-37)	-1.35381e-17
-0.18895 	2.89832e-04	 (1.13367e-17, -1.41059e-37)	-1.34913e-17
-0.18890 	2.89690e-04	 (1.12788e-17, -9.40395e-38)	-1.34446e-17
-0.18885 	2.89548e-04	 (1.12213e-17, 4.70198e-38)	-1.33981e-17
-0.18880 	2.89407e-04	 (1.11641e-17, -4.70198e-38)	-1.33519e-17
-0.18875 	2.89266e-04	 (1.11073e-17, 9.40395e-38)	-1.33058e-17
-0.18870 	2.89124e-04	 (1.10507e-17, 9.40395e-38)	-1.32599e-17
-0.18865 	2.88984e-04	 (1.09944e-17, 1.88079e-37)	-1.32142e-17
-0.18860 	2.88843e-04	 (1.09385e-17, 9.40395e-38)	-1.31686e-17
-0.18855 	2.88702e-04	 (1.08829e-17, 9.40395e-38)	-1.31233e-17
-0.18850 	2.88562e-04	 (1.08276e-17, 9.40395e-38)	-1.30782e-17
-0.18845 	2.88422e-04	 (1.07726e-17, 0.00000e+00)	-1.30332e-17
-0.18840 	2.88282e-04	 (1.07179e-17, 0.00000e+00)	-1.29884e-17
-0.18835 	2.88142e-04	 (1.06634e-17, 4.70198e-38)	-1.29438e-17
-0.18830 	2.88002e-04	 (1.06093e-17, 0.00000e+00)	-1.28994e-17
-0.18825 	2.87863e-04	 (1.05555e-17, -1.41059e-37)	-1.28552e-17
-0.18820 	2.87723e-04	 (1.05020e-17, 4.70198e-38)	-1.28111e-17
-0.18815 	2.87584e-04	 (1.04488e-17, 0.00000e+00)	-1.27673e-17
-0.18810 	2.87445e-04	 (1.03959e-17, -1.41059e-37)	-1.27236e-17
-0.18805 	2.87307e-04	 (1.03433e-17, -1.41059e-37)	-1.26801e-17
-0.18800 	2.87168e-04	 (1.02909e-17, -4.70198e-38)	-1.26367e-17
-0.18795 	2.87030e-04	 (1.02389e-17, 9.40395e-38)	-1.25936e-17
-0.18790 	2.86891e-04	 (1.01871e-17, 9.40395e-38)	-1.25506e-17
-0.18785 	2.86753e-04	 (1.01357e-17, 0.00000e+00)	-1.25078e-17
-0.18780 	2.86615e-04	 (1.00845e-17, -4.70198e-38)	-1.24652e-17
-0.18775 	2.86478e-04	 (1.00336e-17, 9.40395e-38)	-1.24227e-17
-0.18770 	2.86340e-04	 (9.98294e-18, -4.70198e-38)	-1.23804e-17
-0.18765 	2.86203e-04	 (9.93259e-18, -4.70198e-38)	-1.23383e-17
-0.18760 	2.86066e-04	 (9.88252e-18, 1.88079e-37)	-1.22964e-17
-0.18755 	2.85929e-04	 (9.83272e-18, 4.70198e-38)	-1.22546e-17
-0.18750 	2.85792e-04	 (9.78319e-18, 9.40395e-38)	-1.22130e-17
-0.18745 	2.85655e-04	 (9.73394e-18, 4.70198e-38)	-1.21716e-17
-0.18740 	2.85519e-04	 (9.68496e-18, 0.00000e+00)	-1.21303e-17
-0.18735 	2.85382e-04	 (9.63624e-18, -4.70198e-38)	-1.20892e-17
-0.18730 	2.85246e-04	 (9.58780e-18, -9.40395e-38)	-1.20483e-17
-0.18725 	2.85110e-04	 (9.53962e-18, -4.70198e-38)	-1.20076e-17
-0.18720 	2.84975e-04	 (9.49170e-18, 4.70198e-38)	-1.19670e-17
-0.18715 	2.84839e-04	 (9.44404e-18, 0.00000e+00)	-1.19265e-17
-0.18710 	2.84704e-04	 (9.39665e-18, 1.41059e-37)	-1.18863e-17
-0.18705 	2.84568e-04	 (9.34951e-18, -9.40395e-38)	-1.18462e-17
-0.18700 	2.84433e-04	 (9.30264e-18, 0.00000e+00)	-1.18062e-17
-0.18695 	2.84298e-04	 (9.25602e-18, -4.70198e-38)	-1.17664e-17
-0.18690 	2.84164e-04	 (9.20965e-18, -4.70198e-38)	-1.17268e-17
-0.18685 	2.84029e-04	 (9.16354e-18, 0.00000e+00)	-1.16873e-17
-0.18680 	2.83895e-04	 (9.11768e-18, -9.40395e-38)	-1.16480e-17
-0.18675 	2.83760e-04	 (9.07206e-18, 4.70198e-38)	-1.16089e-17
-0.18670 	2.83626e-04	 (9.02670e-18, 0.00000e+00)	-1.15699e-17
-0.18665 	2.83492e-04	 (8.98159e-18, 7.05297e-38)	-1.15311e-17
-0.18660 	2.83359e-04	 (8.93672e-18, 4.70198e-38)	-1.14924e-17
-0.18655 	2.83225e-04	 (8.89209e-18, -1.17549e-37)	-1.14539e-17
-0.18650 	2.83092e-04	 (8.84771e-18, -9.40395e-38)	-1.14155e-17
-0.18645 	2.82959e-04	 (8.80357e-18, 9.40395e-38)	-1.13773e-17
-0.18640 	2.82825e-04	 (8.75967e-18, -4.70198e-38)	-1.13393e-17
-0.18635 	2.82693e-04	 (8.71601e-18, 4.70198e-38)	-1.13014e-17
-0.18630 	2.82560e-04	 (8.67259e-18, 2.35099e-38)	-1.12636e-17
-0.18625 	2.82427e-04	 (8.62940e-18, 1.17549e-37)	-1.12260e-17
-0.18620 	2.82295e-04	 (8.58645e-18, 0.00000e+00)	-1.11886e-17
-0.18615 	2.82163e-04	 (8.54373e-18, -4.70198e-38)	-1.11513e-17
-0.18610 	2.82031e-04	 (8.50124e-18, 2.35099e-38)	-1.11141e-17
-0.18605 	2.81899e-04	 (8.45898e-18, 0.00000e+00)	-1.10771e-17
-0.18600 	2.81767e-04	 (8.41695e-18, -2.35099e-38)	-1.10403e-17
-0.18595 	2.81636e-04	 (8.37515e-18, -1.17549e-37)	-1.10035e-17
-0.18590 	2.81504e-04	 (8.33357e-18, 0.00000e+00)	-1.09670e-17
-0.18585 	2.81373e-04	 (8.29222e-18, 1.17549e-37)	-1.09306e-17
-0.18580 	2.81242e-04	 (8.25110e-18, -4.70198e-38)	-1.08943e-17
-0.18575 	2.81111e-04	 (8.21019e-18, 0.00000e+00)	-1.08582e-17
-0.18570 	2.80980e-04	 (8.16951e-18, 0.00000e+00)	-1.08222e-17
-0.18565 	2.80850e-04	 (8.12905e-18, 9.40395e-38)	-1.07864e-17
-0.18560 	2.80719e-04	 (8.08881e-18, 1.41059e-37)	-1.07507e-17
-0.18555 	2.80589e-04	 (8.04878e-18, -4.70198e-38)	-1.07151e-17
-0.18550 	2.80459e-04	 (8.00897e-18, 0.00000e+00)	-1.06797e-17
-0.18545 	2.80329e-04	 (7.96937e-18, 7.05297e-38)	-1.06444e-17
-0.18540 	2.80200e-04	 (7.92999e-18, -1.17549e-37)	-1.06093e-17
-0.18535 	2.80070e-04	 (7.89082e-18, -9.40395e-38)	-1.05743e-17
-0.18530 	2.79941e-04	 (7.85186e-18, -2.35099e-38)	-1.05394e-17
-0.18525 	2.79811e-04	 (7.81312e-18, -2.35099e-38)	-1.05047e-17
-0.18520 	2.79682e-04	 (7.77458e-18, -9.40395e-38)	-1.04701e-17
-0.18515 	2.79553e-04	 (7.73624e-18, 7.05297e-38)	-1.04357e-17
-0.18510 	2.79425e-04	 (7.69812e-18, 9.40395e-38)	-1.04014e-17
-0.18505 	2.79296e-04	 (7.66020e-18, -4.70198e-38)	-1.03672e-17
-0.18500 	2.79167e-04	 (7.62248e-18, -4.70198e-38)	-1.03332e-17
-0.18495 	2.79039e-04	 (7.58496e-18, -2.35099e-38)	-1.02993e-17
-0.18490 	2.78911e-04	 (7.54765e-18, 0.00000e+00)	-1.02655e-17
-0.18485 	2.78783e-04	 (7.51054e-18, 4.70198e-38)	-1.02319e-17
-0.18480 	2.78655e-04	 (7.47362e-18, 9.40395e-38)	-1.01984e-17
-0.18475 	2.78528e-04	 (7.43691e-18, -2.35099e-38)	-1.01650e-17
-0.18470 	2.78400e-04	 (7.40039e-18, 4.70198e-38)	-1.01318e-17
-0.18465 	2.78273e-04	 (7.36406e-18, 4.70198e-38)	-1.00987e-17
-0.18460 	2.78146e-04	 (7.32793e-18, -4.70198e-38)	-1.00657e-17
-0.18455 	2.78019e-04	 (7.29200e-18, -4.70198e-38)	-1.00329e-17
-0.18450 	2.77892e-04	 (7.25626e-18, -4.70198e-38)	-1.00001e-17
-0.18445 	2.77765e-04	 (7.22070e-18, -4.70198e-38)	-9.96756e-18
-0.18440 	2.77639e-04	 (7.18534e-18, -4.70198e-38)	-9.93510e-18
-0.18435 	2.77512e-04	 (7.15017e-18, 2.35099e-38)	-9.90276e-18
-0.18430 	2.77386e-04	 (7.11519e-18, -2.35099e-38)	-9.87056e-18
-0.18425 	2.77260e-04	 (7.08039e-18, 7.05297e-38)	-9.83848e-18
-0.18420 	2.77134e-04	 (7.04577e-18, 2.35099e-38)	-9.80652e-18
-0.18415 	2.77008e-04	 (7.01135e-18, 2.35099e-38)	-9.77469e-18
-0.18410 	2.76883e-04	 (6.97710e-18, -9.40395e-38)	-9.74299e-18
-0.18405 	2.76757e-04	 (6.94304e-18, 0.00000e+00)	-9.71140e-18
-0.18400 	2.76632e-04	 (6.90916e-18, 4.70198e-38)	-9.67995e-18
-0.18395 	2.76507e-04	 (6.87546e-18, -9.40395e-38)	-9.64861e-18
-0.18390 	2.76382e-04	 (6.84194e-18, 7.05297e-38)	-9.61740e-18
-0.18385 	2.76257e-04	 (6.80860e-18, -7.05297e-38)	-9.58631e-18
-0.18380 	2.76132e-04	 (6.77544e-18, 7.05297e-38)	-9.55534e-18
-0.18375 	2.76008e-04	 (6.74245e-18, 0.00000e+00)	-9.52449e-18
-0.18370 	2.75883e-04	 (6.70964e-18, 4.70198e-38)	-9.49376e-18
-0.18365 	2.75759e-04	 (6.67700e-18, -2.35099e-38)	-9.46315e-18
-0.18360 	2.75635e-04	 (6.64453e-18, -2.35099e-38)	-9.43266e-18
-0.18355 	2.75511e-04	 (6.61224e-18, -4.70198e-38)	-9.40229e-18
-0.18350 	2.75388e-04	 (6.58012e-18, -4.70198e-38)	-9.37203e-18
-0.18345 	2.75264e-04	 (6.54817e-18, 0.00000e+00)	-9.34190e-18
-0.18340 	2.75140e-04	 (6.51639e-18, 0.00000e+00)	-9.31188e-18
-0.18335 	2.75017e-04	 (6.48478e-18, 4.70198e-38)	-9.28197e-18
-0.18330 	2.74894e-04	 (6.45333e-18, -4.70198e-38)	-9.25219e-18
-0.18325 	2.74771e-04	 (6.42205e-18, -2.35099e-38)	-9.22251e-18
-0.18320 	2.74648e-04	 (6.39094e-18, -4.70198e-38)	-9.19296e-18
-0.18315 	2.74525e-04	 (6.35999e-18, -4.70198e-38)	-9.16352e-18
-0.18310 	2.74403e-04	 (6.32920e-18, -4.70198e-38)	-9.13419e-18
-0.18305 	2.74281e-04	 (6.29858e-18, 0.00000e+00)	-9.10497e-18
-0.18300 	2.74158e-04	 (6.26812e-18, -4.70198e-38)	-9.07587e-18
-0.18295 	2.74036e-04	 (6.23782e-18, -4.70198e-38)	-9.04688e-18
-0.18290 	2.73914e-04	 (6.20768e-18, 0.00000e+00)	-9.01800e-18
-0.18285 	2.73793e-04	 (6.17770e-18, 1.17549e-37)	-8.98924e-18
-0.18280 	2.73671e-04	 (6.14788e-18, 0.00000e+00)	-8.96058e-18
-0.18275 	2.73549e-04	 (6.11821e-18, 2.35099e-38)	-8.93204e-18
-0.18270 	2.73428e-04	 (6.08870e-18, 2.35099e-38)	-8.90360e-18
-0.18265 	2.73307e-04	 (6.05935e-18, 7.05297e-38)	-8.87528e-18
-0.18260 	2.73186e-04	 (6.03015e-18, -2.35099e-38)	-8.84706e-18
-0.18255 	2.73065e-04	 (6.00111e-18, 2.35099e-38)	-8.81895e-18
-0.18250 	2.72944e-04	 (5.97221e-18, 0.00000e+00)	-8.79095e-18
-0.18245 	2.72824e-04	 (5.94347e-18, -2.35099e-38)	-8.76306e-18
-0.18240 	2.72703e-04	 (5.91488e-18, 0.00000e+00)	-8.73527e-18
-0.18235 	2.72583e-04	 (5.88645e-18, 0.00000e+00)	-8.70759e-18
-0.18230 	2.72463e-04	 (5.85816e-18, 9.40395e-38)	-8.68002e-18
-0.18225 	2.72343e-04	 (5.83002e-18, 0.00000e+00)	-8.65255e-18
-0.18220 	2.72223e-04	 (5.80202e-18, -4.70198e-38)	-8.62519e-18
-0.18215 	2.72103e-04	 (5.77418e-18, -2.35099e-38)	-8.59793e-18
-0.18210 	2.71983e-04	 (5.74647e-18, 0.00000e+00)	-8.57078e-18
-0.18205 	2.71864e-04	 (5.71892e-18, -2.35099e-38)	-8.54373e-18
-0.18200 	2.71745e-04	 (5.69151e-18, 4.70198e-38)	-8.51679e-18
-0.18195 	2.71625e-04	 (5.66424e-18, 2.35099e-38)	-8.48994e-18
-0.18190 	2.71506e-04	 (5.63712e-18, 2.35099e-38)	-8.46320e-18
-0.18185 	2.71388e-04	 (5.61013e-18, -4.70198e-38)	-8.43657e-18
-0.18180 	2.71269e-04	 (5.58329e-18, -9.40395e-38)	-8.41003e-18
-0.18175 	2.71150e-04	 (5.55659e-18, 0.00000e+00)	-8.38359e-18
-0.18170 	2.71032e-04	 (5.53003e-18, 1.17549e-37)	-8.35726e-18
-0.18165 	2.70914e-04	 (5.50361e-18, 0.00000e+00)	-8.33103e-18
-0.18160 	2.70795e-04	 (5.47732e-18, 9.40395e-38)	-8.30489e-18
-0.18155 	2.70677e-04	 (5.45117e-18, -2.35099e-38)	-8.27886e-18
-0.18150 	2.70560e-04	 (5.42516e-18, -2.35099e-38)	-8.25292e-18
-0.18145 	2.70442e-04	 (5.39929e-18, 2.35099e-38)	-8.22708e-18
-0.18140 	2.70324e-04	 (5.37354e-18, -2.35099e-38)	-8.20134e-18
-0.18135 	2.70207e-04	 (5.34794e-18, -9.40395e-38)	-8.17570e-18
-0.18130 	2.70090e-04	 (5.32246e-18, 2.35099e-38)	-8.15016e-18
-0.18125 	2.69972e-04	 (5.29712e-18, 4.70198e-38)	-8.12471e-18
-0.18120 	2.69855e-04	 (5.27191e-18, 9.40395e-38)	-8.09936e-18
-0.18115 	2.69739e-04	 (5.24684e-18, -4.70198e-38)	-8.07410e-18
-0.18110 	2.69622e-04	 (5.22189e-18, 9.40395e-38)	-8.04894e-18
-0.18105 	2.69505e-04	 (5.19707e-18, -4.70198e-38)	-8.02388e-18
-0.18100 	2.69389e-04	 (5.17238e-18, 0.00000e+00)	-7.99891e-18
-0.18095 	2.69273e-04	 (5.14782e-18, 0.00000e+00)	-7.97403e-18
-0.18090 	2.69156e-04	 (5.12339e-18, 0.00000e+00)	-7.94925e-18
-0.18085 	2.69040e-04	 (5.09908e-18, 0.00000e+00)	-7.92456e-18
-0.18080 	2.68924e-04	 (5.07490e-18, -4.70198e-38)	-7.89997e-18
-0.18075 	2.68809e-04	 (5.05085e-18, 0.00000e+00)	-7.87546e-18
-0.18070 	2.68693e-04	 (5.02692e-18, 0.00000e+00)	-7.85106e-18
-0.18065 	2.68578e-04	 (5.00311e-18, 7.05297e-38)	-7.82674e-18
-0.18060 	2.68462e-04	 (4.97943e-18, 0.00000e+00)	-7.80251e-18
-0.18055 	2.68347e-04	 (4.95587e-18, -7.05297e-38)	-7.77838e-18
-0.18050 	2.68232e-04	 (4.93243e-18, 0.00000e+00)	-7.75433e-18
-0.18045 	2.68117e-04	 (4.90911e-18, -1.17549e-37)	-7.73038e-18
-0.18040 	2.68002e-04	 (4.88592e-18, 0.00000e+00)	-7.70651e-18
-0.18035 	2.67888e-04	 (4.86284e-18, 2.35099e-38)	-7.68274e-18
-0.18030 	2.67773e-04	 (4.83988e-18, -2.35099e-38)	-7.65905e-18
-0.18025 	2.67659e-04	 (4.81704e-18, -2.35099e-38)	-7.63546e-18
-0.18020 	2.67545e-04	 (4.79432e-18, -2.35099e-38)	-7.61195e-18
-0.18015 	2.67431e-04	 (4.77172e-18, -2.35099e-38)	-7.58853e-18
-0.18010 	2.67317e-04	 (4.74923e-18, 2.35099e-38)	-7.56520e-18
-0.18005 	2.67203e-04	 (4.72686e-18, 2.35099e-38)	-7.54195e-18
-0.18000 	2.67089e-04	 (4.70460e-18, 0.00000e+00)	-7.51879e-18
-0.17995 	2.66976e-04	 (4.68246e-18, 2.35099e-38)	-7.49572e-18
-0.17990 	2.66862e-04	 (4.66043e-18, -7.05297e-38)	-7.47273e-18
-0.17985 	2.66749e-04	 (4.63852e-18, 2.35099e-38)	-7.44984e-18
-0.17980 	2.66636e-04	 (4.61671e-18, 4.70198e-38)	-7.42702e-18
-0.17975 	2.66523e-04	 (4.59502e-18, 0.00000e+00)	-7.40429e-18
-0.17970 	2.66410e-04	 (4.57345e-18, -4.70198e-38)	-7.38165e-18
-0.17965 	2.66297e-04	 (4.55198e-18, 7.05297e-38)	-7.35909e-18
-0.17960 	2.66184e-04	 (4.53062e-18, 0.00000e+00)	-7.33661e-18
-0.17955 	2.66072e-04	 (4.50937e-18, 0.00000e+00)	-7.31422e-18
-0.17950 	2.65960e-04	 (4.48824e-18, 0.00000e+00)	-7.29191e-18
-0.17945 	2.65847e-04	 (4.46721e-18, -1.17549e-37)	-7.26968e-18
-0.17940 	2.65735e-04	 (4.44628e-18, 7.05297e-38)	-7.24754e-18
-0.17935 	2.65623e-04	 (4.42547e-18, 2.35099e-38)	-7.22548e-18
-0.17930 	2.65512e-04	 (4.40476e-18, 3.52648e-38)	-7.20350e-18
-0.17925 	2.65400e-04	 (4.38416e-18, -4.70198e-38)	-7.18160e-18
-0.17920 	2.65288e-04	 (4.36366e-18, 1.17549e-38)	-7.15978e-18
-0.17915 	2.65177e-04	 (4.34327e-18, 3.52648e-38)	-7.13805e-18
-0.17910 	2.65066e-04	 (4.32298e-18, 2.35099e-38)	-7.11639e-18
-0.17905 	2.64955e-04	 (4.30280e-18, 5.87747e-38)	-7.09482e-18
-0.17900 	2.64844e-04	 (4.28271e-18, 0.00000e+00)	-7.07332e-18
-0.17895 	2.64733e-04	 (4.26274e-18, -5.87747e-38)	-7.05190e-18
-0.17890 	2.64622e-04	 (4.24286e-18, 0.00000e+00)	-7.03057e-18
-0.17885 	2.64511e-04	 (4.22308e-18, 1.17549e-38)	-7.00931e-18
-0.17880 	2.64401e-04	 (4.20341e-18, -2.35099e-38)	-6.98813e-18
-0.17875 	2.64290e-04	 (4.18384e-18, 2.35099e-38)	-6.96703e-18
-0.17870 	2.64180e-04	 (4.16436e-18, 0.00000e+00)	-6.94600e-18
-0.17865 	2.64070e-04	 (4.14499e-18, -9.40395e-38)	-6.92506e-18
-0.17860 	2.63960e-04	 (4.12571e-18, 0.00000e+00)	-6.90419e-18
-0.17855 	2.63850e-04	 (4.10653e-18, 0.00000e+00)	-6.88340e-18
-0.17850 	2.63741e-04	 (4.08745e-18, -1.17549e-38)	-6.86268e-18
-0.17845 	2.63631e-04	 (4.06847e-18, -3.52648e-38)	-6.84204e-18
-0.17840 	2.63522e-04	 (4.04958e-18, 1.17549e-38)	-6.82148e-18
-0.17835 	2.63412e-04	 (4.03079e-18, -2.35099e-38)	-6.80099e-18
-0.17830 	2.63303e-04	 (4.01209e-18, -2.35099e-38)	-6.78058e-18
-0.17825 	2.63194e-04	 (3.99349e-18, 5.87747e-38)	-6.76024e-18
-0.17820 	2.63085e-04	 (3.97499e-18, 3.52648e-38)	-6.73997e-18
-0.17815 	2.62976e-04	 (3.95657e-18, -4.70198e-38)	-6.71978e-18
-0.17810 	2.62868e-04	 (3.93825e-18, 0.00000e+00)	-6.69967e-18
-0.17805 	2.62759e-04	 (3.92003e-18, 1.17549e-38)	-6.67963e-18
-0.17800 	2.62651e-04	 (3.90189e-18, -2.35099e-38)	-6.65966e-18
-0.17795 	2.62542e-04	 (3.88385e-18, -2.35099e-38)	-6.63976e-18
-0.17790 	2.62434e-04	 (3.86590e-18, 4.70198e-38)	-6.61994e-18
-0.17785 	2.62326e-04	 (3.84804e-18, -3.52648e-38)	-6.60019e-18
-0.17780 	2.62218e-04	 (3.83027e-18, -1.17549e-38)	-6.58051e-18
-0.17775 	2.62110e-04	 (3.81259e-18, 0.00000e+00)	-6.56091e-18
-0.17770 	2.62003e-04	 (3.79500e-18, -4.70198e-38)	-6.54137e-18
-0.17765 	2.61895e-04	 (3.77750e-18, 3.52648e-38)	-6.52191e-18
-0.17760 	2.61788e-04	 (3.76009e-18, 2.35099e-38)	-6.50252e-18
-0.17755 	2.61680e-04	 (3.74276e-18, -4.70198e-38)	-6.48319e-18
-0.17750 	2.61573e-04	 (3.72552e-18, 0.00000e+00)	-6.46394e-18
-0.17745 	2.61466e-04	 (3.70837e-18, -8.22846e-38)	-6.44476e-18
-0.17740 	2.61359e-04	 (3.69131e-18, 2.35099e-38)	-6.42565e-18
-0.17735 	2.61252e-04	 (3.67433e-18, 2.35099e-38)	-6.40661e-18
-0.17730 	2.61146e-04	 (3.65744e-18, -1.17549e-38)	-6.38763e-18
-0.17725 	2.61039e-04	 (3.64063e-18, 1.17549e-38)	-6.36873e-18
-0.17720 	2.60933e-04	 (3.62390e-18, 4.70198e-38)	-6.34989e-18
-0.17715 	2.60827e-04	 (3.60727e-18, 4.70198e-38)	-6.33112e-18
-0.17710 	2.60720e-04	 (3.59071e-18, 2.35099e-38)	-6.31242e-18
-0.17705 	2.60614e-04	 (3.57424e-18, -5.87747e-38)	-6.29379e-18
-0.17700 	2.60508e-04	 (3.55785e-18, -1.17549e-38)	-6.27523e-18
-0.17695 	2.60403e-04	 (3.54154e-18, 2.35099e-38)	-6.25673e-18
-0.17690 	2.60297e-04	 (3.52532e-18, 2.35099e-38)	-6.23830e-18
-0.17685 	2.60191e-04	 (3.50917e-18, -1.17549e-38)	-6.21994e-18
-0.17680 	2.60086e-04	 (3.49311e-18, 1.17549e-38)	-6.20164e-18
-0.17675 	2.59981e-04	 (3.47713e-18, 1.17549e-38)	-6.18341e-18
-0.17670 	2.59875e-04	 (3.46122e-18, -1.17549e-38)	-6.16524e-18
-0.17665 	2.59770e-04	 (3.44540e-18, -3.52648e-38)	-6.14714e-18
-0.17660 	2.59665e-04	 (3.42966e-18, 0.00000e+00)	-6.12911e-18
-0.17655 	2.59561e-04	 (3.41399e-18, -2.35099e-38)	-6.11114e-18
-0.17650 	2.59456e-04	 (3.39841e-18, 0.00000e+00)	-6.09323e-18
-0.17645 	2.59351e-04	 (3.38290e-18, -3.52648e-38)	-6.07539e-18
-0.17640 	2.59247e-04	 (3.36747e-18, 2.35099e-38)	-6.05761e-18
-0.17635 	2.59142e-04	 (3.35212e-18, -2.35099e-38)	-6.03990e-18
-0.17630 	2.59038e-04	 (3.33684e-18, 2.35099e-38)	-6.02225e-18
-0.17625 	2.58934e-04	 (3.32164e-18, -2.35099e-38)	-6.00467e-18
-0.17620 	2.58830e-04	 (3.30651e-18, -2.35099e-38)	-5.98714e-18
-0.17615 	2.58726e-04	 (3.29146e-18, 0.00000e+00)	-5.96968e-18
-0.17610 	2.58623e-04	 (3.27649e-18, -4.70198e-38)	-5.95229e-18
-0.17605 	2.58519e-04	 (3.26159e-18, 0.00000e+00)	-5.93495e-18
-0.17600 	2.58415e-04	 (3.24677e-18, 0.00000e+00)	-5.91768e-18
-0.17595 	2.58312e-04	 (3.23201e-18, 0.00000e+00)	-5.90047e-18
-0.17590 	2.58209e-04	 (3.21734e-18, -3.52648e-38)	-5.88332e-18
-0.17585 	2.58106e-04	 (3.20273e-18, -3.52648e-38)	-5.86623e-18
-0.17580 	2.58003e-04	 (3.18820e-18, 0.00000e+00)	-5.84921e-18
-0.17575 	2.57900e-04	 (3.17374e-18, 0.00000e+00)	-5.83224e-18
-0.17570 	2.57797e-04	 (3.15935e-18, 2.35099e-38)	-5.81533e-18
-0.17565 	2.57694e-04	 (3.14503e-18, 1.17549e-38)	-5.79849e-18
-0.17560 	2.57592e-04	 (3.13079e-18, 4.70198e-38)	-5.78170e-18
-0.17555 	2.57489e-04	 (3.11661e-18, 4.70198e-38)	-5.76498e-18
-0.17550 	2.57387e-04	 (3.10251e-18, 2.35099e-38)	-5.74831e-18
-0.17545 	2.57285e-04	 (3.08848e-18, -4.70198e-38)	-5.73171e-18
-0.17540 	2.57183e-04	 (3.07451e-18, 1.17549e-38)	-5.71516e-18
-0.17535 	2.57081e-04	 (3.06062e-18, 4.70198e-38)	-5.69867e-18
-0.17530 	2.56979e-04	 (3.04679e-18, 2.35099e-38)	-5.68224e-18
-0.17525 	2.56877e-04	 (3.03303e-18, -1.17549e-38)	-5.66587e-18
-0.17520 	2.56775e-04	 (3.01934e-18, -1.17549e-38)	-5.64956e-18
-0.17515 	2.56674e-04	 (3.00572e-18, 1.17549e-38)	-5.63330e-18
-0.17510 	2.56573e-04	 (2.99216e-18, 2.35099e-38)	-5.61710e-18
-0.17505 	2.56471e-04	 (2.97868e-18, 0.00000e+00)	-5.60096e-18
-0.17500 	2.56370e-04	 (2.96525e-18, -2.35099e-38)	-5.58488e-18
-0.17495 	2.56269e-04	 (2.95190e-18, -1.17549e-38)	-5.56885e-18
-0.17490 	2.56168e-04	 (2.93861e-18, 2.35099e-38)	-5.55288e-18
-0.17485 	2.56067e-04	 (2.92539e-18, 1.17549e-38)	-5.53697e-18
-0.17480 	2.55967e-04	 (2.91223e-18, -1.17549e-38)	-5.52111e-18
-0.17475 	2.55866e-04	 (2.89914e-18, 0.00000e+00)	-5.50531e-18
-0.17470 	2.55766e-04	 (2.88611e-18, 4.70198e-38)	-5.48957e-18
-0.17465 	2.55665e-04	 (2.87314e-18, 2.35099e-38)	-5.47388e-18
-0.17460 	2.55565e-04	 (2.86024e-18, 0.00000e+00)	-5.45824e-18
-0.17455 	2.55465e-04	 (2.84740e-18, 0.00000e+00)	-5.44266e-18
-0.17450 	2.55365e-04	 (2.83463e-18, 0.00000e+00)	-5.42714e-18
-0.17445 	2.55265e-04	 (2.82192e-18, 0.00000e+00)	-5.41167e-18
-0.17440 	2.55165e-04	 (2.80927e-18, 2.35099e-38)	-5.39626e-18
-0.17435 	2.55066e-04	 (2.79669e-18, -1.17549e-38)	-5.38090e-18
-0.17430 	2.54966e-04	 (2.78416e-18, 0.00000e+00)	-5.36559e-18
-0.17425 	2.54867e-04	 (2.77170e-18, 8.22846e-38)	-5.35034e-18
-0.17420 	2.54767e-04	 (2.75930e-18, 0.00000e+00)	-5.33514e-18
-0.17415 	2.54668e-04	 (2.74696e-18, 2.35099e-38)	-5.31999e-18
-0.17410 	2.54569e-04	 (2.73467e-18, 1.17549e-38)	-5.30490e-18
-0.17405 	2.54470e-04	 (2.72245e-18, 2.35099e-38)	-5.28986e-18
-0.17400 	2.54371e-04	 (2.71029e-18, -2.35099e-38)	-5.27487e-18
-0.17395 	2.54272e-04	 (2.69819e-18, -1.17549e-38)	-5.25994e-18
-0.17390 	2.54174e-04	 (2.68615e-18, -1.17549e-38)	-5.24506e-18
-0.17385 	2.54075e-04	 (2.67417e-18, 0.00000e+00)	-5.23023e-18
-0.17380 	2.53977e-04	 (2.66225e-18, 2.35099e-38)	-5.21545e-18
-0.17375 	2.53878e-04	 (2.65038e-18, 2.35099e-38)	-5.20072e-18
-0.17370 	2.53780e-04	 (2.63857e-18, 2.35099e-38)	-5.18605e-18
-0.17365 	2.53682e-04	 (2.62682e-18, 1.17549e-38)	-5.17142e-18
-0.17360 	2.53584e-04	 (2.61513e-18, 2.35099e-38)	-5.15685e-18
-0.17355 	2.53486e-04	 (2.60350e-18, -2.35099e-38)	-5.14233e-18
-0.17350 	2.53389e-04	 (2.59192e-18, -2.35099e-38)	-5.12786e-18
-0.17345 	2.53291e-04	 (2.58040e-18, -2.35099e-38)	-5.11343e-18
-0.17340 	2.53193e-04	 (2.56893e-18, -2.35099e-38)	-5.09906e-18
-0.17335 	2.53096e-04	 (2.55752e-18, -3.52648e-38)	-5.08474e-18
-0.17330 	2.52999e-04	 (2.54617e-18, 5.87747e-38)	-5.07047e-18
-0.17325 	2.52901e-04	 (2.53487e-18, -1.17549e-38)	-5.05625e-18
-0.17320 	2.52804e-04	 (2.52363e-18, -3.52648e-38)	-5.04208e-18
-0.17315 	2.52707e-04	 (2.51244e-18, 2.35099e-38)	-5.02796e-18
-0.17310 	2.52610e-04	 (2.50130e-18, 0.00000e+00)	-5.01388e-18
-0.17305 	2.52514e-04	 (2.49022e-18, -1.17549e-38)	-4.99986e-18
-0.17300 	2.52417e-04	 (2.47920e-18, 2.35099e-38)	-4.98588e-18
-0.17295 	2.52320e-04	 (2.46822e-18, -4.70198e-38)	-4.97196e-18
-0.17290 	2.52224e-04	 (2.45730e-18, 0.00000e+00)	-4.95808e-18
-0.17285 	2.52128e-04	 (2.44644e-18, 2.35099e-38)	-4.94425e-18
-0.17280 	2.52031e-04	 (2.43562e-18, -1.17549e-38)	-4.93046e-18
-0.17275 	2.51935e-04	 (2.42486e-18, 0.00000e+00)	-4.91673e-18
-0.17270 	2.51839e-04	 (2.41415e-18, 0.00000e+00)	-4.90304e-18
-0.17265 	2.51743e-04	 (2.40350e-18, -2.35099e-38)	-4.88940e-18
-0.17260 	2.51648e-04	 (2.39289e-18, 0.00000e+00)	-4.87580e-18
-0.17255 	2.51552e-04	 (2.38234e-18, 1.17549e-38)	-4.86226e-18
-0.17250 	2.51456e-04	 (2.37183e-18, 1.17549e-38)	-4.84876e-18
-0.17245 	2.51361e-04	 (2.36138e-18, 1.17549e-38)	-4.83530e-18
-0.17240 	2.51265e-04	 (2.35098e-18, 1.17549e-38)	-4.82190e-18
-0.17235 	2.51170e-04	 (2.34063e-18, 0.00000e+00)	-4.80854e-18
-0.17230 	2.51075e-04	 (2.33033e-18, 1.17549e-38)	-4.79522e-18
-0.17225 	2.50980e-04	 (2.32008e-18, 2.35099e-38)	-4.78195e-18
-0.17220 	2.50885e-04	 (2.30987e-18, 0.00000e+00)	-4.76873e-18
-0.17215 	2.50790e-04	 (2.29972e-18, -3.52648e-38)	-4.75555e-18
-0.17210 	2.50695e-04	 (2.28962e-18, 1.17549e-38)	-4.74242e-18
-0.17205 	2.50601e-04	 (2.27956e-18, 0.00000e+00)	-4.72933e-18
-0.17200 	2.50506e-04	 (2.26956e-18, 0.00000e+00)	-4.71629e-18
-0.17195 	2.50412e-04	 (2.25960e-18, 0.00000e+00)	-4.70329e-18
-0.17190 	2.50318e-04	 (2.24969e-18, 4.70198e-38)	-4.69034e-18
-0.17185 	2.50223e-04	 (2.23983e-18, 1.17549e-38)	-4.67743e-18
-0.17180 	2.50129e-04	 (2.23001e-18, 0.00000e+00)	-4.66456e-18
-0.17175 	2.50035e-04	 (2.22024e-18, 2.35099e-38)	-4.65174e-18
-0.17170 	2.49941e-04	 (2.21052e-18, -1.17549e-38)	-4.63896e-18
-0.17165 	2.49848e-04	 (2.20085e-18, 1.17549e-38)	-4.62623e-18
-0.17160 	2.49754e-04	 (2.19122e-18, -2.35099e-38)	-4.61354e-18
-0.17155 	2.49660e-04	 (2.18164e-18, 2.35099e-38)	-4.60089e-18
-0.17150 	2.49567e-04	 (2.17211e-18, 1.17549e-38)	-4.58829e-18
-0.17145 	2.49473e-04	 (2.16262e-18, 0.00000e+00)	-4.57573e-18
-0.17140 	2.49380e-04	 (2.15317e-18, -1.17549e-38)	-4.56321e-18
-0.17135 	2.49287e-04	 (2.14377e-18, 5.87747e-39)	-4.55074e-18
-0.17130 	2.49194e-04	 (2.13442e-18, 0.00000e+00)	-4.53831e-18
-0.17125 	2.49101e-04	 (2.12511e-18, -3.52648e-38)	-4.52592e-18
-0.17120 	2.49008e-04	 (2.11585e-18, -1.17549e-38)	-4.51357e-18
-0.17115 	2.48915e-04	 (2.10663e-18, -2.35099e-38)	-4.50126e-18
-0.17110 	2.48823e-04	 (2.09745e-18, 0.00000e+00)	-4.48900e-18
-0.17105 	2.48730e-04	 (2.08832e-18, 0.00000e+00)	-4.47678e-18
-0.17100 	2.48638e-04	 (2.07923e-18, 1.76324e-38)	-4.46460e-18
-0.17095 	2.48545e-04	 (2.07019e-18, -1.76324e-38)	-4.45246e-18
-0.17090 	2.48453e-04	 (2.06119e-18, -1.76324e-38)	-4.44036e-18
-0.17085 	2.48361e-04	 (2.05223e-18, -1.76324e-38)	-4.42830e-18
-0.17080 	2.48269e-04	 (2.04332e-18, 0.00000e+00)	-4.41629e-18
-0.17075 	2.48177e-04	 (2.03444e-18, 0.00000e+00)	-4.40431e-18
-0.17070 	2.48085e-04	 (2.02561e-18, 5.87747e-39)	-4.39237e-18
-0.17065 	2.47993e-04	 (2.01682e-18, -4.11423e-38)	-4.38048e-18
-0.17060 	2.47902e-04	 (2.00808e-18, 0.00000e+00)	-4.36863e-18
-0.17055 	2.47810e-04	 (1.99937e-18, -1.17549e-38)	-4.35681e-18
-0.17050 	2.47719e-04	 (1.99071e-18, -5.87747e-39)	-4.34504e-18
-0.17045 	2.47628e-04	 (1.98209e-18, 1.76324e-38)	-4.33330e-18
-0.17040 	2.47536e-04	 (1.97351e-18, 1.17549e-38)	-4.32161e-18
-0.17035 	2.47445e-04	 (1.96497e-18, 5.87747e-39)	-4.30995e-18
-0.17030 	2.47354e-04	 (1.95647e-18, -5.87747e-38)	-4.29833e-18
-0.17025 	2.47263e-04	 (1.94801e-18, 2.35099e-38)	-4.28676e-18
-0.17020 	2.47172e-04	 (1.93959e-18, -5.87747e-39)	-4.27522e-18
-0.17015 	2.47082e-04	 (1.93121e-18, -5.87747e-39)	-4.26372e-18
-0.17010 	2.46991e-04	 (1.92287e-18, 3.52648e-38)	-4.25226e-18
-0.17005 	2.46900e-04	 (1.91457e-18, 0.00000e+00)	-4.24084e-18
-0.17000 	2.46810e-04	 (1.90631e-18, 1.17549e-38)	-4.22945e-18
-0.16995 	2.46720e-04	 (1.89809e-18, 5.87747e-39)	-4.21811e-18
-0.16990 	2.46630e-04	 (1.88991e-18, 2.35099e-38)	-4.20680e-18
-0.16985 	2.46539e-04	 (1.88177e-18, 1.17549e-38)	-4.19553e-18
-0.16980 	2.46449e-04	 (1.87366e-18, -2.93874e-38)	-4.18430e-18
-0.16975 	2.46359e-04	 (1.86560e-18, 0.00000e+00)	-4.17310e-18
-0.16970 	2.46270e-04	 (1.85757e-18, 1.17549e-38)	-4.16195e-18
-0.16965 	2.46180e-04	 (1.84958e-18, -1.76324e-38)	-4.15083e-18
-0.16960 	2.46090e-04	 (1.84163e-18, -3.52648e-38)	-4.13975e-18
-0.16955 	2.46001e-04	 (1.83371e-18, -1.76324e-38)	-4.12870e-18
-0.16950 	2.45911e-04	 (1.82584e-18, 0.00000e+00)	-4.11769e-18
-0.16945 	2.45822e-04	 (1.81800e-18, 5.87747e-39)	-4.10672e-18
-0.16940 	2.45733e-04	 (1.81019e-18, -1.76324e-38)	-4.09579e-18
-0.16935 	2.45643e-04	 (1.80243e-18, 1.76324e-38)	-4.08489e-18
-0.16930 	2.45554e-04	 (1.79470e-18, -1.76324e-38)	-4.07403e-18
-0.16925 	2.45465e-04	 (1.78701e-18, 1.76324e-38)	-4.06320e-18
-0.16920 	2.45377e-04	 (1.77935e-18, -5.87747e-39)	-4.05241e-18
-0.16915 	2.45288e-04	 (1.77173e-18, 5.87747e-39)	-4.04166e-18
-0.16910 	2.45199e-04	 (1.76415e-18, -1.17549e-38)	-4.03094e-18
-0.16905 	2.45111e-04	 (1.75660e-18, -1.17549e-38)	-4.02026e-18
-0.16900 	2.45022e-04	 (1.74908e-18, -5.87747e-39)	-4.00961e-18
-0.16895 	2.44934e-04	 (1.74161e-18, 1.17549e-38)	-3.99900e-18
-0.16890 	2.44845e-04	 (1.73416e-18, -1.17549e-38)	-3.98843e-18
-0.16885 	2.44757e-04	 (1.72676e-18, 1.17549e-38)	-3.97789e-18
-0.16880 	2.44669e-04	 (1.71938e-18, 2.35099e-38)	-3.96738e-18
-0.16875 	2.44581e-04	 (1.71204e-18, -1.17549e-38)	-3.95691e-18
-0.16870 	2.44493e-04	 (1.70474e-18, -1.17549e-38)	-3.94647e-18
-0.16865 	2.44406e-04	 (1.69747e-18, -3.52648e-38)	-3.93607e-18
-0.16860 	2.44318e-04	 (1.69024e-18, -5.87747e-39)	-3.92570e-18
-0.16855 	2.44230e-04	 (1.68303e-18, -5.87747e-39)	-3.91537e-18
-0.16850 	2.44143e-04	 (1.67587e-18, -1.17549e-38)	-3.90507e-18
-0.16845 	2.44055e-04	 (1.66873e-18, -1.17549e-38)	-3.89481e-18
-0.16840 	2.43968e-04	 (1.66163e-18, 5.87747e-39)	-3.88458e-18
-0.16835 	2.43881e-04	 (1.65456e-18, -5.87747e-39)	-3.87438e-18
-0.16830 	2.43794e-04	 (1.64753e-18, -2.93874e-38)	-3.86422e-18
-0.16825 	2.43707e-04	 (1.64053e-18, 5.87747e-39)	-3.85409e-18
-0.16820 	2.43620e-04	 (1.63356e-18, 1.17549e-38)	-3.84399e-18
-0.16815 	2.43533e-04	 (1.62662e-18, 0.00000e+00)	-3.83393e-18
-0.16810 	2.43446e-04	 (1.61972e-18, 1.17549e-38)	-3.82390e-18
-0.16805 	2.43359e-04	 (1.61285e-18, 2.35099e-38)	-3.81390e-18
-0.16800 	2.43273e-04	 (1.60601e-18, -1.76324e-38)	-3.80394e-18
-0.16795 	2.43186e-04	 (1.59920e-18, 1.17549e-38)	-3.79401e-18
-0.16790 	2.43100e-04	 (1.59243e-18, -1.76324e-38)	-3.78411e-18
-0.16785 	2.43014e-04	 (1.58568e-18, 2.35099e-38)	-3.77424e-18
-0.16780 	2.42927e-04	 (1.57897e-18, 0.00000e+00)	-3.76441e-18
-0.16775 	2.42841e-04	 (1.57229e-18, 5.87747e-39)	-3.75461e-18
-0.16770 	2.42755e-04	 (1.56564e-18, -2.35099e-38)	-3.74484e-18
-0.16765 	2.42669e-04	 (1.55902e-18, 0.00000e+00)	-3.73510e-18
-0.16760 	2.42584e-04	 (1.55243e-18, -1.17549e-38)	-3.72540e-18
-0.16755 	2.42498e-04	 (1.54587e-18, 5.87747e-39)	-3.71572e-18
-0.16750 	2.42412e-04	 (1.53935e-18, 5.87747e-39)	-3.70608e-18
-0.16745 	2.42327e-04	 (1.53285e-18, 1.17549e-38)	-3.69647e-18
-0.16740 	2.42241e-04	 (1.52638e-18, 1.76324e-38)	-3.68689e-18
-0.16735 	2.42156e-04	 (1.51995e-18, 1.17549e-38)	-3.67734e-18
-0.16730 	2.42071e-04	 (1.51354e-18, -5.87747e-39)	-3.66783e-18
-0.16725 	2.41985e-04	 (1.50716e-18, 2.35099e-38)	-3.65834e-18
-0.16720 	2.41900e-04	 (1.50082e-18, 1.17549e-38)	-3.64889e-18
-0.16715 	2.41815e-04	 (1.49450e-18, 0.00000e+00)	-3.63947e-18
-0.16710 	2.41730e-04	 (1.48821e-18, 1.17549e-38)	-3.63007e-18
-0.16705 	2.41646e-04	 (1.48195e-18, 1.17549e-38)	-3.62071e-18
-0.16700 	2.41561e-04	 (1.47572e-18, 0.00000e+00)	-3.61138e-18
-0.16695 	2.41476e-04	 (1.46952e-18, 5.87747e-39)	-3.60208e-18
-0.16690 	2.41392e-04	 (1.46335e-18, -5.87747e-39)	-3.59281e-18
-0.16685 	2.41307e-04	 (1.45720e-18, 1.17549e-38)	-3.58357e-18
-0.16680 	2.41223e-04	 (1.45109e-18, -1.17549e-38)	-3.57436e-18
-0.16675 	2.41139e-04	 (1.44500e-18, 2.35099e-38)	-3.56518e-18
-0.16670 	2.41054e-04	 (1.43894e-18, 5.87747e-39)	-3.55602e-18
-0.16665 	2.40970e-04	 (1.43291e-18, 1.17549e-38)	-3.54690e-18
-0.16660 	2.40886e-04	 (1.42691e-18, 5.87747e-39)	-3.53781e-18
-0.16655 	2.40802e-04	 (1.42093e-18, -1.76324e-38)	-3.52875e-18
-0.16650 	2.40719e-04	 (1.41498e-18, 1.76324e-38)	-3.51972e-18
-0.16645 	2.40635e-04	 (1.40906e-18, 1.17549e-38)	-3.51071e-18
-0.16640 	2.40551e-04	 (1.40317e-18, -1.17549e-38)	-3.50174e-18
-0.16635 	2.40468e-04	 (1.39730e-18, -2.35099e-38)	-3.49279e-18
-0.16630 	2.40384e-04	 (1.39146e-18, -5.87747e-39)	-3.48388e-18
-0.16625 	2.40301e-04	 (1.38565e-18, -1.76324e-38)	-3.47499e-18
-0.16620 	2.40218e-04	 (1.37986e-18, 5.87747e-39)	-3.46613e-18
-0.16615 	2.40134e-04	 (1.37410e-18, -1.17549e-38)	-3.45730e-18
-0.16610 	2.40051e-04	 (1.36837e-18, -5.87747e-39)	-3.44850e-18
-0.16605 	2.39968e-04	 (1.36267e-18, 0.00000e+00)	-3.43972e-18
-0.16600 	2.39885e-04	 (1.35699e-18, -1.17549e-38)	-3.43098e-18
-0.16595 	2.39802e-04	 (1.35133e-18, 5.87747e-39)	-3.42226e-18
-0.16590 	2.39720e-04	 (1.34570e-18, 2.35099e-38)	-3.41357e-18
-0.16585 	2.39637e-04	 (1.34010e-18, 1.17549e-38)	-3.40491e-18
-0.16580 	2.39554e-04	 (1.33453e-18, 5.87747e-39)	-3.39628e-18
-0.16575 	2.39472e-04	 (1.32898e-18, -1.76324e-38)	-3.38767e-18
-0.16570 	2.39390e-04	 (1.32345e-18, 1.76324e-38)	-3.37910e-18
-0.16565 	2.39307e-04	 (1.31795e-18, -2.35099e-38)	-3.37055e-18
-0.16560 	2.39225e-04	 (1.31248e-18, 5.87747e-39)	-3.36202e-18
-0.16555 	2.39143e-04	 (1.30703e-18, -1.17549e-38)	-3.35353e-18
-0.16550 	2.39061e-04	 (1.30160e-18, 0.00000e+00)	-3.34506e-18
-0.16545 	2.38979e-04	 (1.29620e-18, 0.00000e+00)	-3.33662e-18
-0.16540 	2.38897e-04	 (1.29083e-18, -1.17549e-38)	-3.32821e-18
-0.16535 	2.38815e-04	 (1.28548e-18, 1.76324e-38)	-3.31982e-18
-0.16530 	2.38734e-04	 (1.28015e-18, -1.76324e-38)	-3.31146e-18
-0.16525 	2.38652e-04	 (1.27485e-18, -5.87747e-39)	-3.30312e-18
-0.16520 	2.38570e-04	 (1.26957e-18, 0.00000e+00)	-3.29482e-18
-0.16515 	2.38489e-04	 (1.26432e-18, 0.00000e+00)	-3.28654e-18
-0.16510 	2.38408e-04	 (1.25909e-18, 2.35099e-38)	-3.27828e-18
-0.16505 	2.38326e-04	 (1.25388e-18, 0.00000e+00)	-3.27006e-18
-0.16500 	2.38245e-04	 (1.24870e-18, 0.00000e+00)	-3.26186e-18
-0.16495 	2.38164e-04	 (1.24354e-18, -5.87747e-39)	-3.25368e-18
-0.16490 	2.38083e-04	 (1.23841e-18, -5.87747e-39)	-3.24553e-18
-0.16485 	2.38002e-04	 (1.23330e-18, -5.87747e-39)	-3.23741e-18
-0.16480 	2.37921e-04	 (1.22821e-18, -1.17549e-38)	-3.22931e-18
-0.16475 	2.37840e-04	 (1.22314e-18, -1.17549e-38)	-3.22124e-18
-0.16470 	2.37760e-04	 (1.21810e-18, -5.87747e-39)	-3.21320e-18
-0.16465 	2.37679e-04	 (1.21308e-18, 0.00000e+00)	-3.20517e-18
-0.16460 	2.37599e-04	 (1.20809e-18, -1.76324e-38)	-3.19718e-18
-0.16455 	2.37518e-04	 (1.20311e-18, 1.76324e-38)	-3.18921e-18
-0.16450 	2.37438e-04	 (1.19816e-18, 1.17549e-38)	-3.18127e-18
-0.16445 	2.37358e-04	 (1.19323e-18, 1.17549e-38)	-3.17335e-18
-0.16440 	2.37277e-04	 (1.18833e-18, 0.00000e+00)	-3.16546e-18
-0.16435 	2.37197e-04	 (1.18344e-18, -1.17549e-38)	-3.15759e-18
-0.16430 	2.37117e-04	 (1.17858e-18, 1.17549e-38)	-3.14974e-18
-0.16425 	2.37038e-04	 (1.17374e-18, 1.17549e-38)	-3.14192e-18
-0.16420 	2.36958e-04	 (1.16893e-18, 0.00000e+00)	-3.13413e-18
-0.16415 	2.36878e-04	 (1.16413e-18, 1.17549e-38)	-3.12636e-18
-0.16410 	2.36798e-04	 (1.15936e-18, 1.76324e-38)	-3.11862e-18
-0.16405 	2.36719e-04	 (1.15460e-18, -1.17549e-38)	-3.11090e-18
-0.16400 	2.36639e-04	 (1.14987e-18, 5.87747e-39)	-3.10320e-18
-0.16395 	2.36560e-04	 (1.14516e-18, 0.00000e+00)	-3.09553e-18
-0.16390 	2.36480e-04	 (1.14047e-18, 0.00000e+00)	-3.08788e-18
-0.16385 	2.36401e-04	 (1.13581e-18, -1.76324e-38)	-3.08026e-18
-0.16380 	2.36322e-04	 (1.13116e-18, -5.87747e-39)	-3.07266e-18
-0.16375 	2.36243e-04	 (1.12654e-18, -5.87747e-39)	-3.06508e-18
-0.16370 	2.36164e-04	 (1.12193e-18, 1.17549e-38)	-3.05753e-18
-0.16365 	2.36085e-04	 (1.11735e-18, -5.87747e-39)	-3.05000e-18
-0.16360 	2.36006e-04	 (1.11279e-18, 0.00000e+00)	-3.04250e-18
-0.16355 	2.35928e-04	 (1.10824e-18, 0.00000e+00)	-3.03502e-18
-0.16350 	2.35849e-04	 (1.10372e-18, 1.17549e-38)	-3.02756e-18
-0.16345 	2.35770e-04	 (1.09922e-18, 5.87747e-39)	-3.02013e-18
-0.16340 	2.35692e-04	 (1.09474e-18, 1.17549e-38)	-3.01272e-18
-0.16335 	2.35613e-04	 (1.09028e-18, -1.76324e-38)	-3.00533e-18
-0.16330 	2.35535e-04	 (1.08584e-18, 5.87747e-39)	-2.99797e-18
-0.16325 	2.35457e-04	 (1.08142e-18, -1.76324e-38)	-2.99063e-18
-0.16320 	2.35379e-04	 (1.07702e-18, 0.00000e+00)	-2.98331e-18
-0.16315 	2.35300e-04	 (1.07264e-18, 1.17549e-38)	-2.97601e-18
-0.16310 	2.35222e-04	 (1.06828e-18, -5.87747e-39)	-2.96874e-18
-0.16305 	2.35145e-04	 (1.06393e-18, 0.00000e+00)	-2.96149e-18
-0.16300 	2.35067e-04	 (1.05961e-18, 5.87747e-39)	-2.95426e-18
-0.16295 	2.34989e-04	 (1.05531e-18, -5.87747e-39)	-2.94706e-18
-0.16290 	2.34911e-04	 (1.05103e-18, -2.35099e-38)	-2.93988e-18
-0.16285 	2.34834e-04	 (1.04676e-18, -1.17549e-38)	-2.93272e-18
-0.16280 	2.34756e-04	 (1.04252e-18, 0.00000e+00)	-2.92558e-18
-0.16275 	2.34679e-04	 (1.03829e-18, -1.17549e-38)	-2.91847e-18
-0.16270 	2.34601e-04	 (1.03408e-18, -1.17549e-38)	-2.91138e-18
-0.16265 	2.34524e-04	 (1.02989e-18, 1.17549e-38)	-2.90431e-18
-0.16260 	2.34447e-04	 (1.02572e-18, -1.76324e-38)	-2.89726e-18
-0.16255 	2.34370e-04	 (1.02157e-18, 5.87747e-39)	-2.89023e-18
-0.16250 	2.34293e-04	 (1.01744e-18, -2.93874e-39)	-2.88323e-18
-0.16245 	2.34216e-04	 (1.01333e-18, 1.76324e-38)	-2.87624e-18
-0.16240 	2.34139e-04	 (1.00923e-18, -8.81621e-39)	-2.86928e-18
-0.16235 	2.34062e-04	 (1.00515e-18, -2.93874e-39)	-2.86234e-18
-0.16230 	2.33985e-04	 (1.00109e-18, 1.46937e-38)	-2.85543e-18
-0.16225 	2.33909e-04	 (9.97053e-19, 0.00000e+00)	-2.84853e-18
-0.16220 	2.33832e-04	 (9.93030e-19, 1.46937e-38)	-2.84165e-18
-0.16215 	2.33756e-04	 (9.89025e-19, 2.93874e-39)	-2.83480e-18
-0.16210 	2.33679e-04	 (9.85037e-19, -2.93874e-39)	-2.82797e-18
-0.16205 	2.33603e-04	 (9.81068e-19, 5.87747e-39)	-2.82116e-18
-0.16200 	2.33527e-04	 (9.77116e-19, 2.93874e-39)	-2.81437e-18
-0.16195 	2.33451e-04	 (9.73182e-19, 1.76324e-38)	-2.80760e-18
-0.16190 	2.33374e-04	 (9.69265e-19, -1.17549e-38)	-2.80085e-18
-0.16185 	2.33298e-04	 (9.65366e-19, -2.05712e-38)	-2.79412e-18
-0.16180 	2.33222e-04	 (9.61484e-19, 5.87747e-39)	-2.78741e-18
-0.16175 	2.33147e-04	 (9.57620e-19, 2.05712e-38)	-2.78073e-18
-0.16170 	2.33071e-04	 (9.53772e-19, -2.93874e-39)	-2.77406e-18
-0.16165 	2.32995e-04	 (9.49942e-19, -2.93874e-39)	-2.76742e-18
-0.16160 	2.32920e-04	 (9.46128e-19, -1.76324e-38)	-2.76079e-18
-0.16155 	2.32844e-04	 (9.42332e-19, -1.76324e-38)	-2.75419e-18
-0.16150 	2.32769e-04	 (9.38552e-19, -8.81621e-39)	-2.74761e-18
-0.16145 	2.32693e-04	 (9.34789e-19, -2.93874e-39)	-2.74104e-18
-0.16140 	2.32618e-04	 (9.31043e-19, 0.00000e+00)	-2.73450e-18
-0.16135 	2.32543e-04	 (9.27314e-19, -1.17549e-38)	-2.72798e-18
-0.16130 	2.32467e-04	 (9.23601e-19, 0.00000e+00)	-2.72147e-18
-0.16125 	2.32392e-04	 (9.19904e-19, 0.00000e+00)	-2.71499e-18
-0.16120 	2.32317e-04	 (9.16224e-19, 0.00000e+00)	-2.70853e-18
-0.16115 	2.32242e-04	 (9.12560e-19, 2.93874e-39)	-2.70208e-18
-0.16110 	2.32168e-04	 (9.08912e-19, 0.00000e+00)	-2.69566e-18
-0.16105 	2.32093e-04	 (9.05281e-19, -5.87747e-39)	-2.68926e-18
-0.16100 	2.32018e-04	 (9.01665e-19, 1.46937e-38)	-2.68287e-18
-0.16095 	2.31944e-04	 (8.98066e-19, 2.93874e-39)	-2.67651e-18
-0.16090 	2.31869e-04	 (8.94482e-19, 2.93874e-39)	-2.67016e-18
-0.16085 	2.31795e-04	 (8.90914e-19, -1.17549e-38)	-2.66384e-18
-0.16080 	2.31720e-04	 (8.87362e-19, 8.81621e-39)	-2.65753e-18
-0.16075 	2.31646e-04	 (8.83825e-19, 5.87747e-39)	-2.65124e-18
-0.16070 	2.31572e-04	 (8.80305e-19, 1.17549e-38)	-2.64497e-18
-0.16065 	2.31498e-04	 (8.76799e-19, 0.00000e+00)	-2.63873e-18
-0.16060 	2.31423e-04	 (8.73309e-19, -5.87747e-39)	-2.63250e-18
-0.16055 	2.31349e-04	 (8.69835e-19, -5.87747e-39)	-2.62628e-18
-0.16050 	2.31276e-04	 (8.66376e-19, 1.76324e-38)	-2.62009e-18
-0.16045 	2.31202e-04	 (8.62932e-19, -5.87747e-39)	-2.61392e-18
-0.16040 	2.31128e-04	 (8.59503e-19, -5.87747e-39)	-2.60777e-18
-0.16035 	2.31054e-04	 (8.56089e-19, -5.87747e-39)	-2.60163e-18
-0.16030 	2.30981e-04	 (8.52690e-19, -8.81621e-39)	-2.59551e-18
-0.16025 	2.30907e-04	 (8.49306e-19, 0.00000e+00)	-2.58941e-18
-0.16020 	2.30834e-04	 (8.45937e-19, -2.93874e-39)	-2.58333e-18
-0.16015 	2.30760e-04	 (8.42583e-19, -1.17549e-38)	-2.57727e-18
-0.16010 	2.30687e-04	 (8.39244e-19, -5.87747e-39)	-2.57123e-18
-0.16005 	2.30614e-04	 (8.35919e-19, 0.00000e+00)	-2.56521e-18
-0.16000 	2.30540e-04	 (8.32609e-19, 0.00000e+00)	-2.55920e-18
-0.15995 	2.30467e-04	 (8.29313e-19, 2.93874e-39)	-2.55321e-18
-0.15990 	2.30394e-04	 (8.26032e-19, 1.17549e-38)	-2.54724e-18
-0.15985 	2.30321e-04	 (8.22765e-19, 1.76324e-38)	-2.54129e-18
-0.15980 	2.30249e-04	 (8.19512e-19, 0.00000e+00)	-2.53536e-18
-0.15975 	2.30176e-04	 (8.16274e-19, 2.93874e-39)	-2.52944e-18
-0.15970 	2.30103e-04	 (8.13050e-19, 8.81621e-39)	-2.52354e-18
-0.15965 	2.30030e-04	 (8.09840e-19, -2.93874e-39)	-2.51766e-18
-0.15960 	2.29958e-04	 (8.06644e-19, -2.93874e-39)	-2.51180e-18
-0.15955 	2.29885e-04	 (8.03461e-19, -1.17549e-38)	-2.50595e-18
-0.15950 	2.29813e-04	 (8.00293e-19, -2.93874e-39)	-2.50013e-18
-0.15945 	2.29740e-04	 (7.97139e-19, -5.87747e-39)	-2.49432e-18
-0.15940 	2.29668e-04	 (7.93998e-19, 1.17549e-38)	-2.48853e-18
-0.15935 	2.29596e-04	 (7.90871e-19, 0.00000e+00)	-2.48275e-18
-0.15930 	2.29524e-04	 (7.87758e-19, -2.93874e-39)	-2.47699e-18
-0.15925 	2.29452e-04	 (7.84658e-19, 1.17549e-38)	-2.47125e-18
-0.15920 	2.29380e-04	 (7.81572e-19, -2.93874e-39)	-2.46553e-18
-0.15915 	2.29308e-04	 (7.78500e-19, 0.00000e+00)	-2.45983e-18
-0.15910 	2.29236e-04	 (7.75440e-19, 1.76324e-38)	-2.45414e-18
-0.15905 	2.29164e-04	 (7.72394e-19, -8.81621e-39)	-2.44847e-18
-0.15900 	2.29093e-04	 (7.69362e-19, 0.00000e+00)	-2.44281e-18
-0.15895 	2.29021e-04	 (7.66342e-19, -5.87747e-39)	-2.43717e-18
-0.15890 	2.28949e-04	 (7.63335e-19, -1.17549e-38)	-2.43155e-18
-0.15885 	2.28878e-04	 (7.60342e-19, 5.87747e-39)	-2.42595e-18
-0.15880 	2.28807e-04	 (7.57362e-19, 1.17549e-38)	-2.42036e-18
-0.15875 	2.28735e-04	 (7.54394e-19, 5.87747e-39)	-2.41479e-18
-0.15870 	2.28664e-04	 (7.51440e-19, -1.17549e-38)	-2.40924e-18
-0.15865 	2.28593e-04	 (7.48498e-19, 0.00000e+00)	-2.40370e-18
-0.15860 	2.28522e-04	 (7.45569e-19, 0.00000e+00)	-2.39818e-18
-0.15855 	2.28451e-04	 (7.42653e-19, -5.87747e-39)	-2.39268e-18
-0.15850 	2.28380e-04	 (7.39749e-19, -5.87747e-39)	-2.38719e-18
-0.15845 	2.28309e-04	 (7.36858e-19, 0.00000e+00)	-2.38172e-18
-0.15840 	2.28238e-04	 (7.33980e-19, -5.87747e-39)	-2.37627e-18
-0.15835 	2.28167e-04	 (7.31114e-19, 5.87747e-39)	-2.37083e-18
-0.15830 	2.28096e-04	 (7.28260e-19, 1.17549e-38)	-2.36541e-18
-0.15825 	2.28026e-04	 (7.25419e-19, 0.00000e+00)	-2.36000e-18
-0.15820 	2.27955e-04	 (7.22590e-19, 0.00000e+00)	-2.35461e-18
-0.15815 	2.27885e-04	 (7.19773e-19, 0.00000e+00)	-2.34924e-18
-0.15810 	2.27814e-04	 (7.16968e-19, 0.00000e+00)	-2.34388e-18
-0.15805 	2.27744e-04	 (7.14176e-19, 8.81621e-39)	-2.33854e-18
-0.15800 	2.27674e-04	 (7.11395e-19, 8.81621e-39)	-2.33321e-18
-0.15795 	2.27604e-04	 (7.08627e-19, 2.93874e-39)	-2.32790e-18
-0.15790 	2.27533e-04	 (7.05870e-19, 2.93874e-39)	-2.32261e-18
-0.15785 	2.27463e-04	 (7.03126e-19, 5.87747e-39)	-2.31733e-18
-0.15780 	2.27393e-04	 (7.00393e-19, 5.87747e-39)	-2.31207e-18
-0.15775 	2.27324e-04	 (6.97672e-19, 1.17549e-38)	-2.30682e-18
-0.15770 	2.27254e-04	 (6.94963e-19, -1.17549e-38)	-2.30159e-18
-0.15765 	2.27184e-04	 (6.92265e-19, 0.00000e+00)	-2.29637e-18
-0.15760 	2.27114e-04	 (6.89579e-19, 0.00000e+00)	-2.29117e-18
-0.15755 	2.27045e-04	 (6.86905e-19, -5.87747e-39)	-2.28598e-18
-0.15750 	2.26975e-04	 (6.84242e-19, 5.87747e-39)	-2.28081e-18
-0.15745 	2.26906e-04	 (6.81590e-19, -5.87747e-39)	-2.27566e-18
-0.15740 	2.26836e-04	 (6.78950e-19, 1.17549e-38)	-2.27052e-18
-0.15735 	2.26767e-04	 (6.76321e-19, -2.93874e-39)	-2.26539e-18
-0.15730 	2.26697e-04	 (6.73704e-19, -2.93874e-39)	-2.26029e-18
-0.15725 	2.26628e-04	 (6.71098e-19, -8.81621e-39)	-2.25519e-18
-0.15720 	2.26559e-04	 (6.68503e-19, -5.87747e-39)	-2.25011e-18
-0.15715 	2.26490e-04	 (6.65919e-19, -5.87747e-39)	-2.24505e-18
-0.15710 	2.26421e-04	 (6.63346e-19, -2.93874e-39)	-2.24000e-18
-0.15705 	2.26352e-04	 (6.60784e-19, 1.17549e-38)	-2.23496e-18
-0.15700 	2.26283e-04	 (6.58233e-19, -5.87747e-39)	-2.22994e-18
-0.15695 	2.26214e-04	 (6.55693e-19, -8.81621e-39)	-2.22494e-18
-0.15690 	2.26146e-04	 (6.53164e-19, -5.87747e-39)	-2.21995e-18
-0.15685 	2.26077e-04	 (6.50646e-19, 0.00000e+00)	-2.21497e-18
-0.15680 	2.26009e-04	 (6.48139e-19, -1.76324e-38)	-2.21001e-18
-0.15675 	2.25940e-04	 (6.45642e-19, 0.00000e+00)	-2.20507e-18
-0.15670 	2.25872e-04	 (6.43156e-19, -1.17549e-38)	-2.20013e-18
-0.15665 	2.25803e-04	 (6.40681e-19, 8.81621e-39)	-2.19522e-18
-0.15660 	2.25735e-04	 (6.38216e-19, -2.93874e-39)	-2.19031e-18
-0.15655 	2.25667e-04	 (6.35761e-19, 0.00000e+00)	-2.18542e-18
-0.15650 	2.25598e-04	 (6.33318e-19, 2.93874e-39)	-2.18055e-18
-0.15645 	2.25530e-04	 (6.30884e-19, 2.93874e-39)	-2.17569e-18
-0.15640 	2.25462e-04	 (6.28461e-19, -2.93874e-39)	-2.17084e-18
-0.15635 	2.25394e-04	 (6.26048e-19, 1.17549e-38)	-2.16601e-18
-0.15630 	2.25326e-04	 (6.23646e-19, -1.46937e-38)	-2.16119e-18
-0.15625 	2.25259e-04	 (6.21254e-19, -2.93874e-39)	-2.15639e-18
-0.15620 	2.25191e-04	 (6.18872e-19, -2.93874e-39)	-2.15160e-18
-0.15615 	2.25123e-04	 (6.16500e-19, -2.93874e-39)	-2.14683e-18
-0.15610 	2.25055e-04	 (6.14138e-19, 0.00000e+00)	-2.14206e-18
-0.15605 	2.24988e-04	 (6.11786e-19, -5.87747e-39)	-2.13732e-18
-0.15600 	2.24920e-04	 (6.09445e-19, 8.81621e-39)	-2.13258e-18
-0.15595 	2.24853e-04	 (6.07113e-19, -2.93874e-39)	-2.12786e-18
-0.15590 	2.24786e-04	 (6.04791e-19, -8.81621e-39)	-2.12316e-18
-0.15585 	2.24718e-04	 (6.02479e-19, 5.87747e-39)	-2.11846e-18
-0.15580 	2.24651e-04	 (6.00177e-19, -2.93874e-39)	-2.11378e-18
-0.15575 	2.24584e-04	 (5.97885e-19, -1.46937e-38)	-2.10912e-18
-0.15570 	2.24517e-04	 (5.95602e-19, -2.93874e-39)	-2.10447e-18
-0.15565 	2.24450e-04	 (5.93329e-19, 5.87747e-39)	-2.09983e-18
-0.15560 	2.24383e-04	 (5.91065e-19, -2.93874e-39)	-2.09520e-18
-0.15555 	2.24316e-04	 (5.88812e-19, 5.87747e-39)	-2.09059e-18
-0.15550 	2.24249e-04	 (5.86567e-19, 5.87747e-39)	-2.08599e-18
-0.15545 	2.24182e-04	 (5.84333e-19, 8.81621e-39)	-2.08141e-18
-0.15540 	2.24116e-04	 (5.82107e-19, 2.93874e-39)	-2.07684e-18
-0.15535 	2.24049e-04	 (5.79891e-19, 1.46937e-38)	-2.07228e-18
-0.15530 	2.23982e-04	 (5.77685e-19, -8.81621e-39)	-2.06773e-18
-0.15525 	2.23916e-04	 (5.75488e-19, 2.93874e-39)	-2.06320e-18
-0.15520 	2.23849e-04	 (5.73300e-19, 5.87747e-39)	-2.05868e-18
-0.15515 	2.23783e-04	 (5.71121e-19, 0.00000e+00)	-2.05418e-18
-0.15510 	2.23717e-04	 (5.68952e-19, -8.81621e-39)	-2.04968e-18
-0.15505 	2.23650e-04	 (5.66792e-19, 2.93874e-39)	-2.04520e-18
-0.15500 	2.23584e-04	 (5.64640e-19, -1.17549e-38)	-2.04074e-18
-0.15495 	2.23518e-04	 (5.62498e-19, 2.93874e-39)	-2.03628e-18
-0.15490 	2.23452e-04	 (5.60365e-19, 0.00000e+00)	-2.03184e-18
-0.15485 	2.23386e-04	 (5.58241e-19, -5.87747e-39)	-2.02741e-18
-0.15480 	2.23320e-04	 (5.56126e-19, 5.87747e-39)	-2.02300e-18
-0.15475 	2.23254e-04	 (5.54020e-19, 5.87747e-39)	-2.01859e-18
-0.15470 	2.23189e-04	 (5.51922e-19, 0.00000e+00)	-2.01420e-18
-0.15465 	2.23123e-04	 (5.49834e-19, 0.00000e+00)	-2.00983e-18
-0.15460 	2.23057e-04	 (5.47754e-19, -5.87747e-39)	-2.00546e-18
-0.15455 	2.22992e-04	 (5.45683e-19, -2.93874e-39)	-2.00111e-18
-0.15450 	2.22926e-04	 (5.43621e-19, 5.87747e-39)	-1.99677e-18
-0.15445 	2.22861e-04	 (5.41567e-19, -5.87747e-39)	-1.99244e-18
-0.15440 	2.22795e-04	 (5.39522e-19, -2.93874e-39)	-1.98813e-18
-0.15435 	2.22730e-04	 (5.37486e-19, 0.00000e+00)	-1.98382e-18
-0.15430 	2.22665e-04	 (5.35458e-19, -2.93874e-39)	-1.97953e-18
-0.15425 	2.22599e-04	 (5.33438e-19, 5.87747e-39)	-1.97525e-18
-0.15420 	2.22534e-04	 (5.31427e-19, 0.00000e+00)	-1.97099e-18
-0.15415 	2.22469e-04	 (5.29425e-19, 2.93874e-39)	-1.96673e-18
-0.15410 	2.22404e-04	 (5.27431e-19, -2.93874e-39)	-1.96249e-18
-0.15405 	2.22339e-04	 (5.25445e-19, -1.17549e-38)	-1.95826e-18
-0.15400 	2.22274e-04	 (5.23468e-19, 8.81621e-39)	-1.95404e-18
-0.15395 	2.22210e-04	 (5.21499e-19, 8.81621e-39)	-1.94984e-18
-0.15390 	2.22145e-04	 (5.19538e-19, 5.87747e-39)	-1.94565e-18
-0.15385 	2.22080e-04	 (5.17585e-19, 0.00000e+00)	-1.94146e-18
-0.15380 	2.22015e-04	 (5.15640e-19, 5.87747e-39)	-1.93729e-18
-0.15375 	2.21951e-04	 (5.13704e-19, 0.00000e+00)	-1.93314e-18
-0.15370 	2.21886e-04	 (5.11776e-19, -2.93874e-39)	-1.92899e-18
-0.15365 	2.21822e-04	 (5.09855e-19, 0.00000e+00)	-1.92486e-18
