0.000 0.00000e+00
0.001 -7.15223e-35
0.002 -1.43050e-34
0.003 -2.14590e-34
0.004 -2.86148e-34
0.005 -3.57728e-34
0.006 -4.29338e-34
0.007 -5.00983e-34
0.008 -5.72669e-34
0.009 -6.44402e-34
0.010 -7.16187e-34
0.011 -7.88031e-34
0.012 -8.59940e-34
0.013 -9.31919e-34
0.014 -1.00397e-33
0.015 -1.07611e-33
0.016 -1.14834e-33
0.017 -1.22065e-33
0.018 -1.29307e-33
0.019 -1.36560e-33
0.020 -1.43823e-33
0.021 -1.51099e-33
0.022 -1.58386e-33
0.023 -1.65687e-33
0.024 -1.73001e-33
0.025 -1.80330e-33
0.026 -1.87673e-33
0.027 -1.95032e-33
0.028 -2.02406e-33
0.029 -2.09797e-33
0.030 -2.17205e-33
0.031 -2.24631e-33
0.032 -2.32076e-33
0.033 -2.39539e-33
0.034 -2.47023e-33
0.035 -2.54526e-33
0.036 -2.62050e-33
0.037 -2.69596e-33
0.038 -2.77164e-33
0.039 -2.84754e-33
0.040 -2.92368e-33
0.041 -3.00006e-33
0.042 -3.07668e-33
0.043 -3.15356e-33
0.044 -3.23070e-33
0.045 -3.30810e-33
0.046 -3.38577e-33
0.047 -3.46372e-33
0.048 -3.54196e-33
0.049 -3.62048e-33
0.050 -3.69931e-33
0.051 -3.77844e-33
0.052 -3.85788e-33
0.053 -3.93763e-33
0.054 -4.01771e-33
0.055 -4.09812e-33
0.056 -4.17887e-33
0.057 -4.25996e-33
0.058 -4.34141e-33
0.059 -4.42321e-33
0.060 -4.50537e-33
0.061 -4.58791e-33
0.062 -4.67082e-33
0.063 -4.75412e-33
0.064 -4.83781e-33
0.065 -4.92190e-33
0.066 -5.00640e-33
0.067 -5.09131e-33
0.068 -5.17664e-33
0.069 -5.26239e-33
0.070 -5.34858e-33
0.071 -5.43521e-33
0.072 -5.52230e-33
0.073 -5.60983e-33
0.074 -5.69783e-33
0.075 -5.78630e-33
0.076 -5.87525e-33
0.077 -5.96469e-33
0.078 -6.05462e-33
0.079 -6.14505e-33
0.080 -6.23599e-33
0.081 -6.32744e-33
0.082 -6.41942e-33
0.083 -6.51193e-33
0.084 -6.60498e-33
0.085 -6.69857e-33
0.086 -6.79272e-33
0.087 -6.88743e-33
0.088 -6.98272e-33
0.089 -7.07858e-33
0.090 -7.17503e-33
0.091 -7.27207e-33
0.092 -7.36972e-33
0.093 -7.46798e-33
0.094 -7.56685e-33
0.095 -7.66636e-33
0.096 -7.76650e-33
0.097 -7.86728e-33
0.098 -7.96872e-33
0.099 -8.07082e-33
0.100 -8.17359e-33
