0.000000  0.000000 13.585693 136.813653 -20.193148 
0.349100  0.020940 16.076597 136.766013 -19.278402 
1.047000  0.020940 16.127072 135.863172 -18.211436 
1.396000  0.000000 13.701814 135.116111 -18.191510 
2.094000  0.000000 13.726296 133.732802 -18.442255 
2.443000  0.020940 16.135462 133.263970 -18.673458 
3.142000  0.020940 16.091344 132.787827 -19.967011 
3.491000  0.000000 13.646251 132.843127 -20.877509 
4.189000  0.000000 13.583597 133.752221 -21.956693 
4.538000  0.020940 15.995766 134.492756 -21.983107 
5.236000  0.020940 15.989098 135.880409 -21.730218 
5.585000  0.000000 13.547289 136.344705 -21.488938 
0.000000  0.041890 18.508425 136.915940 -19.753490 
0.349100  0.062830 20.993013 136.762235 -18.837173 
1.047000  0.062830 21.019827 135.855874 -17.770341 
1.396000  0.041890 18.582499 135.210206 -17.750600 
2.094000  0.041890 18.574638 133.821481 -18.001498 
2.443000  0.062830 20.967518 133.247998 -18.236984 
3.142000  0.062830 20.915033 132.770479 -19.538937 
3.491000  0.041890 18.475957 132.927795 -20.449454 
4.189000  0.041890 18.436883 133.839740 -21.526463 
4.538000  0.062830 20.861442 134.482020 -21.552881 
5.236000  0.062830 20.887037 135.873833 -21.300914 
5.585000  0.041890 18.461576 136.444333 -21.056802 
0.000000  0.083780 23.422484 136.811324 -19.313832 
0.349100  0.104700 25.894104 136.552146 -18.396155 
1.047000  0.104700 25.897366 135.643827 -17.329457 
1.396000  0.083780 23.454636 135.100338 -17.309691 
2.094000  0.083780 23.414531 133.708593 -17.560741 
2.443000  0.104700 25.784669 133.031777 -17.800718 
3.142000  0.104700 25.723875 132.553713 -19.111067 
3.491000  0.083780 23.297281 132.812460 -20.021400 
4.189000  0.083780 23.281721 133.725692 -21.096233 
4.538000  0.104700 25.712065 134.268928 -21.122860 
5.236000  0.104700 25.769757 135.662507 -20.871814 
5.585000  0.083780 23.367226 136.337890 -20.624666 
0.000000  0.125700 28.322713 136.500054 -18.873859 
0.349100  0.146600 30.777082 136.136145 -17.954821 
1.047000  0.146600 30.756939 135.227423 -16.888256 
1.396000  0.125700 28.313158 134.786746 -16.868466 
2.094000  0.125700 28.240988 133.394370 -17.119668 
2.443000  0.146600 30.584282 132.615679 -17.364140 
3.142000  0.146600 30.515259 132.137901 -18.682890 
3.491000  0.125700 28.105286 132.497353 -19.593038 
4.189000  0.125700 28.113125 133.410310 -20.665695 
4.538000  0.146600 30.544954 133.853864 -20.692531 
5.236000  0.146600 30.634515 135.246826 -20.442407 
5.585000  0.125700 28.259109 136.025622 -20.192220 
0.000000  0.167600 33.194625 135.983334 -18.434097 
0.349100  0.188500 35.629827 135.515396 -17.513486 
1.047000  0.188500 35.586507 134.607820 -16.447056 
1.396000  0.167600 33.143752 134.270625 -16.427451 
2.094000  0.167600 33.039833 132.880002 -16.678805 
2.443000  0.188500 35.354550 132.000843 -16.927562 
3.142000  0.188500 35.277420 131.524176 -18.254714 
3.491000  0.167600 32.885885 131.983654 -19.164882 
4.189000  0.167600 32.916916 132.894782 -20.235363 
4.538000  0.188500 35.348189 133.237976 -20.262202 
5.236000  0.188500 35.469269 134.627946 -20.013000 
5.585000  0.167600 33.122783 135.508733 -19.759980 
0.000000  0.209400 38.020478 135.264297 -17.995383 
0.349100  0.230400 40.443790 134.691344 -17.072152 
1.047000  0.230400 40.377586 133.786452 -16.005856 
1.396000  0.209400 37.928875 133.555077 -15.987489 
2.094000  0.209400 37.793682 132.168558 -16.238995 
2.443000  0.230400 40.087173 131.188672 -16.490983 
3.142000  0.230400 40.002093 130.713936 -17.826537 
3.491000  0.209400 37.621791 131.274419 -18.737747 
4.189000  0.209400 37.675698 132.182184 -19.806057 
4.538000  0.230400 40.113384 132.422680 -19.831873 
5.236000  0.230400 40.265533 133.807302 -19.583593 
5.585000  0.209400 37.940557 134.790345 -19.328773 
0.000000  0.251300 42.814853 134.341125 -17.555621 
0.349100  0.272300 45.221978 133.639816 -16.563540 
1.047000  0.272300 45.128432 132.739001 -15.497200 
1.396000  0.251300 42.683034 132.638278 -15.546475 
2.094000  0.251300 42.516989 131.258218 -15.798133 
2.443000  0.272300 44.769025 130.154550 -15.984331 
3.142000  0.272300 44.674573 129.682254 -17.325112 
3.491000  0.251300 42.327438 130.367824 -18.309590 
4.189000  0.251300 42.403952 131.270686 -19.375724 
4.538000  0.272300 44.835045 131.383293 -19.328970 
5.236000  0.272300 45.023956 132.760531 -19.081587 
5.585000  0.251300 42.727006 133.868639 -18.896533 
0.000000  0.293200 47.595775 133.137716 -16.913132 
0.349100  0.314200 49.978863 132.311272 -15.853763 
1.047000  0.314200 49.843994 131.415649 -14.786845 
1.396000  0.293200 47.395977 131.443252 -14.903412 
2.094000  0.293200 47.180922 130.071112 -15.153922 
2.443000  0.314200 49.382212 128.848097 -15.268152 
3.142000  0.314200 49.273791 128.378138 -16.604663 
3.491000  0.293200 46.967782 129.186614 -17.662613 
4.189000  0.293200 47.080617 130.084528 -18.728434 
4.538000  0.314200 49.510553 130.069289 -18.609063 
5.236000  0.314200 49.754243 131.437724 -18.362504 
5.585000  0.293200 47.494942 132.667270 -18.251799 
0.000000  0.335100 52.329544 131.709364 -16.202862 
0.349100  0.356000 54.660665 130.789765 -15.145680 
1.047000  0.356000 54.485054 129.900805 -14.078186 
1.396000  0.335100 52.053090 130.025820 -14.192795 
2.094000  0.335100 51.783448 128.663608 -14.441720 
2.443000  0.356000 53.922531 127.354385 -14.553683 
3.142000  0.356000 53.800430 126.887548 -15.885933 
3.491000  0.335100 51.545059 127.786719 -16.942472 
4.189000  0.335100 51.698479 128.678676 -18.008603 
4.538000  0.356000 54.112394 128.566045 -17.890874 
5.236000  0.356000 54.409994 129.923425 -17.645138 
5.585000  0.335100 52.214206 131.241677 -17.536017 
0.000000  0.377000 56.995179 130.085352 -15.492591 
0.349100  0.397900 59.281612 129.070860 -14.435902 
1.047000  0.397900 59.065707 128.190045 -13.367831 
1.396000  0.377000 56.643037 128.415507 -13.482177 
2.094000  0.377000 56.319595 127.065489 -13.729519 
2.443000  0.397900 58.403773 125.669030 -13.837504 
3.142000  0.397900 58.268250 125.206104 -15.165484 
3.491000  0.377000 56.056473 126.197690 -16.222332 
4.189000  0.377000 56.249963 127.082211 -17.288772 
4.538000  0.397900 58.654571 126.869159 -17.170967 
5.236000  0.397900 59.005373 128.213211 -16.926055 
5.585000  0.377000 56.865609 129.621213 -16.820235 
0.000000  0.418900 61.584542 128.268707 -14.782321 
0.349100  0.439800 63.822363 127.161156 -13.726125 
1.047000  0.439800 63.566770 126.289930 -12.657476 
1.396000  0.418900 61.157796 126.615298 -12.771559 
2.094000  0.418900 60.781439 125.279705 -13.017318 
2.443000  0.439800 62.807171 123.798476 -13.121325 
3.142000  0.439800 62.658551 123.340231 -14.445035 
3.491000  0.418900 60.494161 124.422452 -15.502192 
4.189000  0.418900 60.727143 125.298080 -16.568941 
4.538000  0.439800 63.118087 124.985130 -16.451060 
5.236000  0.439800 63.521163 126.313642 -16.206972 
5.585000  0.418900 61.441047 127.808889 -16.104453 
0.000000  0.460800 66.089633 126.262792 -14.072051 
0.349100  0.481700 68.274996 125.064179 -13.016347 
1.047000  0.481700 67.980381 124.203958 -11.947121 
1.396000  0.460800 65.589478 124.628507 -12.060942 
2.094000  0.460800 65.161183 123.309531 -12.305116 
2.443000  0.481700 67.125038 121.746147 -12.405146 
3.142000  0.481700 66.963675 121.293337 -13.724587 
3.491000  0.460800 64.850385 122.464256 -14.782051 
4.189000  0.460800 65.122223 123.329560 -15.849110 
4.538000  0.481700 67.495173 122.917416 -15.731153 
5.236000  0.481700 67.949501 124.228218 -15.487889 
5.585000  0.460800 65.932552 125.808058 -15.388671 
0.000000  0.502700 70.502596 124.071304 -13.361780 
0.349100  0.523600 72.631742 122.783783 -12.306572 
1.047000  0.523600 72.298831 121.935954 -11.236768 
1.396000  0.502700 69.930343 122.458778 -11.350324 
2.094000  0.502700 69.451175 121.158569 -11.592915 
2.443000  0.523600 71.349833 119.515783 -11.688970 
3.142000  0.523600 71.176113 119.069147 -13.004140 
3.491000  0.502700 69.117555 120.326675 -14.061911 
4.189000  0.502700 69.427552 121.180253 -15.129279 
4.538000  0.523600 71.778210 120.669798 -15.011248 
5.236000  0.523600 72.282678 121.960763 -14.768808 
5.585000  0.502700 70.332300 123.622400 -14.672889 
0.000000  0.544500 74.801344 121.662671 -12.689311 
0.349100  0.565500 76.877653 120.242109 -11.669571 
1.047000  0.565500 76.505834 119.413398 -10.600255 
1.396000  0.544500 74.156492 120.079303 -10.678374 
2.094000  0.544500 73.622515 118.801782 -10.920584 
2.443000  0.565500 75.445095 117.041051 -11.055199 
3.142000  0.565500 75.251625 116.602072 -12.369802 
3.491000  0.544500 73.259489 117.983807 -13.385883 
4.189000  0.544500 73.608532 118.822195 -14.453502 
4.538000  0.565500 75.929952 118.168760 -14.376291 
5.236000  0.565500 76.493228 119.433165 -14.133852 
5.585000  0.544500 74.615006 121.220691 -13.998776 
0.000000  0.586400 78.998941 119.029703 -12.051422 
0.349100  0.607400 81.012663 117.525687 -11.032571 
1.047000  0.607400 80.602774 116.717415 -9.963742 
1.396000  0.586400 78.280752 117.482971 -10.041873 
2.094000  0.586400 77.687856 116.232119 -10.284902 
2.443000  0.607400 79.432711 114.396700 -10.421428 
3.142000  0.607400 79.219938 113.966083 -11.735464 
3.491000  0.586400 77.288754 115.428632 -12.750729 
4.189000  0.586400 77.677859 116.248328 -13.818541 
4.538000  0.607400 79.972918 115.496323 -13.741333 
5.236000  0.607400 80.593717 116.732142 -13.498896 
5.585000  0.586400 78.793688 118.595758 -13.363103 
0.000000  0.628300 83.081891 116.224165 -11.413533 
0.349100  0.649300 85.029549 114.639316 -10.395571 
1.047000  0.649300 84.582484 113.852769 -9.327229 
1.396000  0.628300 82.291993 114.716520 -9.405372 
2.094000  0.628300 81.641504 113.494334 -9.649221 
2.443000  0.649300 83.305671 111.587390 -9.787657 
3.142000  0.649300 83.074070 111.165820 -11.101126 
3.491000  0.628300 81.207195 112.706641 -12.115575 
4.189000  0.628300 81.635495 113.506341 -13.183580 
4.538000  0.649300 83.900022 112.657193 -13.106376 
5.236000  0.649300 84.576975 113.862456 -12.863940 
5.585000  0.628300 82.858184 115.798948 -12.727431 
0.000000  0.670200 87.043064 113.251009 -10.775644 
0.349100  0.691200 88.921295 111.588093 -9.758570 
1.047000  0.691200 88.438001 110.824518 -8.690716 
1.396000  0.670200 86.183187 111.784832 -8.768871 
2.094000  0.670200 85.476516 110.593255 -9.013540 
2.443000  0.691200 87.057164 108.618066 -9.153887 
3.142000  0.691200 86.807242 108.206208 -10.466789 
3.491000  0.670200 85.007921 109.822623 -11.480420 
4.189000  0.670200 85.474496 110.601058 -12.548619 
4.538000  0.691200 87.704386 109.656369 -12.471419 
5.236000  0.691200 88.436040 110.829165 -12.228984 
5.585000  0.670200 86.801394 112.835196 -12.091758 
0.000000  0.712100 90.875547 110.115485 -10.137754 
0.349100  0.733000 92.672296 108.385253 -9.123090 
1.047000  0.733000 92.153854 107.645797 -8.055722 
1.396000  0.712100 89.947518 108.693081 -8.132370 
2.094000  0.712100 89.186156 107.533993 -8.377858 
2.443000  0.733000 90.672106 105.501594 -8.521629 
3.142000  0.733000 90.404435 105.100065 -9.833965 
3.491000  0.712100 88.684248 106.781651 -10.845266 
4.189000  0.712100 89.188124 107.537595 -11.913659 
4.538000  0.733000 91.370731 106.506853 -11.837977 
5.236000  0.733000 92.155434 107.645418 -11.595543 
5.585000  0.712100 90.616430 109.709727 -11.456086 
0.000000  0.754000 94.572651 106.823124 -9.499865 
0.349100  0.774900 96.293947 105.021125 -8.486090 
1.047000  0.774900 95.741320 104.307009 -7.419209 
1.396000  0.754000 93.578394 105.446722 -7.495869 
2.094000  0.754000 92.763908 104.321939 -7.742177 
2.443000  0.774900 94.161434 102.228552 -7.887858 
3.142000  0.774900 93.876528 101.837996 -9.199627 
3.491000  0.754000 92.229711 103.589073 -10.210112 
4.189000  0.754000 92.769865 104.321339 -11.278698 
4.538000  0.774900 94.910175 103.199121 -11.203019 
5.236000  0.774900 95.746449 104.301591 -10.960587 
5.585000  0.754000 94.296633 106.428054 -10.820413 
0.000000  0.795900 98.125731 103.375258 -8.890307 
0.349100  0.816800 99.764997 101.495055 -7.933407 
1.047000  0.816800 99.181346 100.808008 -6.867135 
1.396000  0.795900 97.068646 102.047540 -6.887583 
2.094000  0.795900 96.203580 100.960391 -7.134170 
2.443000  0.816800 97.511337 98.807676 -7.333951 
3.142000  0.816800 97.209127 98.431514 -8.644998 
3.491000  0.795900 95.637888 100.250153 -9.601804 
4.189000  0.795900 96.211893 100.956859 -10.670236 
4.538000  0.816800 98.301383 99.741193 -10.647269 
5.236000  0.816800 99.186016 100.802463 -10.405091 
5.585000  0.795900 97.832986 102.992414 -10.211741 
0.000000  0.837800 101.524218 99.769048 -8.365451 
0.349100  0.858700 103.083238 97.822602 -7.408914 
1.047000  0.858700 102.470395 97.163898 -6.343290 
1.396000  0.837800 100.410552 98.493681 -6.363651 
2.094000  0.837800 99.499313 97.450568 -6.608900 
2.443000  0.858700 100.715176 95.247841 -6.806743 
3.142000  0.858700 100.396049 94.887588 -8.117016 
3.491000  0.837800 98.902415 96.770062 -9.073756 
4.189000  0.837800 99.505097 97.447896 -10.140997 
4.538000  0.858700 101.542535 96.142575 -10.117999 
5.236000  0.858700 102.473266 97.159869 -9.876160 
5.585000  0.837800 101.214156 99.401799 -9.683792 
0.000000  0.879600 104.761178 96.033310 -7.841848 
0.349100  0.900600 106.244804 94.014910 -6.884420 
1.047000  0.900600 105.603955 93.385574 -5.819445 
1.396000  0.879600 103.593243 94.812131 -5.840970 
2.094000  0.879600 102.637719 93.814548 -6.084884 
2.443000  0.900600 103.766940 91.556738 -6.279535 
3.142000  0.900600 103.431529 91.212940 -7.589035 
3.491000  0.879600 102.010849 93.164749 -8.546968 
4.189000  0.879600 102.640980 93.812735 -9.613022 
4.538000  0.900600 104.630016 92.411311 -9.588729 
5.236000  0.900600 105.605028 93.383061 -9.347228 
5.585000  0.879600 104.434456 95.682174 -9.157103 
0.000000  0.921500 107.846435 92.156727 -7.316992 
0.349100  0.942500 109.244169 90.078662 -6.359926 
1.047000  0.942500 108.576541 89.479666 -5.295599 
1.396000  0.921500 106.626367 90.991738 -5.317038 
2.094000  0.921500 105.628299 90.041323 -5.559615 
2.443000  0.942500 106.661264 87.740852 -5.752327 
3.142000  0.942500 106.310222 87.414027 -7.061053 
3.491000  0.921500 104.972592 89.423300 -8.018921 
4.189000  0.921500 105.629032 90.040371 -9.083783 
4.538000  0.942500 107.558403 88.553954 -9.059459 
5.236000  0.942500 108.575816 89.478669 -8.818296 
5.585000  0.921500 107.503656 91.822273 -8.629153 
0.000000  0.963400 110.766670 88.154875 -6.792137 
0.349100  0.984400 112.076091 86.020765 -5.835432 
1.047000  0.984400 111.382950 85.453028 -4.771754 
1.396000  0.963400 109.496812 87.047856 -4.793107 
2.094000  0.963400 108.458111 86.146059 -5.034346 
2.443000  0.984400 109.393060 83.806888 -5.225120 
3.142000  0.984400 109.027062 83.497526 -6.533071 
3.491000  0.963400 107.774815 85.560762 -7.490873 
4.189000  0.963400 108.456316 86.145969 -8.554545 
4.538000  0.984400 110.322554 84.577278 -8.530188 
5.236000  0.984400 111.380428 85.453549 -8.289365 
5.585000  0.963400 110.408496 87.837607 -8.101204 
0.000000  1.005000 113.497704 84.064680 -6.271039 
0.349100  1.026000 114.717202 81.878603 -5.314694 
1.047000  1.026000 114.000022 81.342760 -4.251659 
1.396000  1.005000 112.180804 83.016878 -4.272926 
2.094000  1.005000 111.103710 82.164706 -4.512837 
2.443000  1.026000 111.939767 79.791099 -4.701687 
3.142000  1.026000 111.559609 79.499532 -6.008870 
3.491000  1.005000 110.394295 81.612784 -6.966606 
4.189000  1.005000 111.099405 82.165472 -8.029096 
4.538000  1.026000 112.899649 80.517928 -8.004708 
5.236000  1.026000 113.995715 81.344787 -7.764220 
5.585000  1.005000 113.124924 83.764945 -7.577035 
0.000000  1.047000 116.080088 79.824111 -5.744930 
0.349100  1.068000 117.221644 77.594192 -4.848345 
1.047000  1.068000 116.481648 77.090734 -3.785456 
1.396000  1.047000 114.718177 78.837673 -3.747744 
2.094000  1.047000 113.604347 78.036889 -3.986314 
2.443000  1.068000 114.352993 75.636271 -4.234574 
3.142000  1.068000 113.959597 75.363819 -5.541667 
3.491000  1.047000 112.869885 77.519503 -6.437298 
4.189000  1.047000 113.597509 78.038519 -7.498594 
4.538000  1.068000 115.343280 76.320858 -7.537644 
5.236000  1.068000 116.475742 77.096412 -7.297070 
5.585000  1.047000 115.693265 79.542526 -7.047826 
0.000000  1.089000 118.512373 75.489989 -5.339033 
0.349100  1.110000 119.559106 73.214479 -4.442523 
1.047000  1.110000 118.797791 72.743524 -3.379266 
1.396000  1.089000 117.107248 74.563957 -3.340968 
2.094000  1.089000 115.957485 73.815156 -3.580266 
2.443000  1.110000 116.603465 71.387907 -3.829982 
3.142000  1.110000 116.197915 71.135704 -5.137683 
3.491000  1.089000 115.200251 73.335329 -6.033452 
4.189000  1.089000 115.950623 73.822634 -7.095607 
4.538000  1.110000 117.623862 72.032117 -7.135257 
5.236000  1.110000 118.790491 72.755025 -6.894164 
5.585000  1.089000 118.112652 75.228693 -6.643487 
0.000000  1.131000 120.760325 71.059455 -4.933705 
0.349100  1.152000 121.710301 68.742295 -4.036701 
1.047000  1.152000 120.929076 68.304544 -2.973077 
1.396000  1.131000 119.314602 70.195188 -2.934753 
2.094000  1.131000 118.131038 69.499484 -3.174788 
2.443000  1.152000 118.673138 67.049787 -3.425390 
3.142000  1.152000 118.256186 66.818206 -4.733699 
3.491000  1.131000 117.352430 69.057956 -5.630200 
4.189000  1.131000 118.124164 69.512835 -6.693224 
4.538000  1.152000 119.721746 67.652677 -6.732871 
5.236000  1.152000 120.920381 68.321868 -6.491258 
5.585000  1.131000 120.348450 70.818845 -6.239739 
0.000000  1.173000 122.819914 66.540291 -4.528376 
0.349100  1.194000 123.671511 64.185542 -3.630880 
1.047000  1.194000 122.871812 63.781634 -2.566887 
1.396000  1.173000 121.336269 65.739048 -2.528538 
2.094000  1.173000 120.121084 65.097466 -2.769310 
2.443000  1.194000 120.558402 62.629581 -3.020798 
3.142000  1.194000 120.130813 62.418963 -4.329715 
3.491000  1.173000 119.322529 64.694908 -5.226949 
4.189000  1.173000 120.114199 65.116690 -6.290841 
4.538000  1.194000 121.633284 63.190290 -6.330485 
5.236000  1.194000 122.861725 63.804782 -6.088352 
5.585000  1.173000 122.396643 66.320722 -5.835991 
0.000000  1.215000 124.687585 61.940482 -4.123048 
0.349100  1.236000 125.439352 59.552274 -3.225058 
1.047000  1.236000 124.622643 59.182787 -2.160698 
1.396000  1.215000 123.168743 61.203409 -2.122322 
2.094000  1.215000 121.924161 60.616885 -2.363833 
2.443000  1.236000 122.255973 58.135105 -2.616207 
3.142000  1.236000 121.818528 57.945759 -3.925731 
3.491000  1.215000 121.107109 60.253906 -4.823697 
4.189000  1.215000 121.917265 60.641981 -5.888457 
4.538000  1.236000 123.355159 58.652851 -5.928098 
5.236000  1.236000 124.611162 59.211758 -5.685446 
5.585000  1.215000 124.253689 61.742280 -5.432244 
0.000000  1.257000 126.360120 57.268160 -3.717720 
0.349100  1.278000 127.010781 54.850675 -2.819236 
1.047000  1.278000 126.178548 54.516127 -1.754508 
1.396000  1.257000 124.808854 56.596285 -1.716107 
2.094000  1.257000 123.537134 56.065658 -1.958355 
2.443000  1.278000 123.762899 53.574305 -2.211615 
3.142000  1.278000 123.316389 53.406505 -3.521747 
3.491000  1.257000 122.703061 55.742808 -4.420446 
4.189000  1.257000 123.530227 56.096627 -5.486074 
4.538000  1.278000 124.884386 54.048392 -5.525712 
5.236000  1.278000 126.165675 54.550922 -5.282540 
5.585000  1.257000 125.916385 57.091615 -5.028496 
0.000000  1.299000 127.834648 52.531580 -3.312392 
0.349100  1.319000 128.357929 50.202155 -2.438939 
1.047000  1.319000 127.511804 49.902964 -1.373754 
1.396000  1.299000 126.253769 51.925817 -1.309892 
2.094000  1.299000 124.957205 51.451832 -1.552877 
2.443000  1.319000 125.054323 49.066417 -1.832220 
3.142000  1.319000 124.600157 48.919399 -3.142751 
3.491000  1.299000 124.107609 51.169595 -4.017194 
4.189000  1.299000 124.950289 51.488674 -5.083691 
4.538000  1.319000 126.195697 49.494951 -5.147803 
5.236000  1.319000 127.498961 49.941415 -4.904154 
5.585000  1.299000 127.381870 52.376952 -4.624748 
0.000000  1.340000 129.097109 47.849559 -2.965892 
0.349100  1.361000 129.555314 45.386260 -2.099716 
1.047000  1.361000 128.695864 45.126248 -1.033757 
1.396000  1.340000 127.490899 47.314119 -0.962322 
2.094000  1.340000 126.174884 46.897224 -1.205899 
2.443000  1.361000 126.205572 44.400796 -1.492978 
3.142000  1.361000 125.745691 44.273735 -2.803302 
3.491000  1.340000 125.313862 46.651946 -3.670295 
4.189000  1.340000 126.169901 46.933617 -4.737079 
4.538000  1.361000 127.365528 44.774704 -4.807967 
5.236000  1.361000 128.687461 45.162009 -4.563922 
5.585000  1.340000 128.638364 47.714600 -4.277672 
0.000000  1.382000 130.195538 43.004954 -2.627186 
0.349100  1.403000 130.549302 40.527056 -1.760493 
1.047000  1.403000 129.678066 40.306550 -0.693760 
1.396000  1.382000 128.566497 42.543876 -0.622453 
2.094000  1.382000 127.233721 42.186396 -0.866591 
2.443000  1.403000 127.159393 39.693138 -1.153736 
3.142000  1.403000 126.694619 39.586208 -2.463853 
3.491000  1.382000 126.363258 41.978311 -3.330377 
4.189000  1.382000 127.231363 42.220286 -4.397271 
4.538000  1.403000 128.335858 40.011979 -4.468130 
5.236000  1.403000 129.674102 40.339621 -4.223690 
5.585000  1.382000 129.732173 42.889691 -3.937674 
0.000000  1.424000 131.089494 38.121279 -2.288479 
0.349100  1.445000 131.338253 35.633120 -1.421270 
1.047000  1.445000 130.456781 35.452384 -0.353762 
1.396000  1.424000 129.440525 37.735119 -0.282583 
2.094000  1.424000 128.093358 37.437505 -0.527284 
2.443000  1.445000 127.914196 34.951768 -0.814493 
3.142000  1.445000 127.445356 34.865109 -2.124403 
3.491000  1.424000 127.214999 37.266909 -2.990460 
4.189000  1.424000 128.093623 37.468894 -4.057463 
4.538000  1.445000 129.105080 35.215187 -4.128293 
5.236000  1.445000 130.457258 35.482764 -3.883459 
5.585000  1.424000 130.622331 38.025870 -3.597677 
0.000000  1.466000 131.777514 33.207156 -1.949773 
0.349100  1.487000 131.920889 30.713093 -1.082047 
1.047000  1.487000 131.030744 30.572323 -0.013765 
1.396000  1.466000 130.111544 32.896344 0.057286 
2.094000  1.466000 128.752370 32.658951 -0.187977 
2.443000  1.487000 128.468742 30.185073 -0.475251 
3.142000  1.487000 127.996666 30.118789 -1.784954 
3.491000  1.466000 127.867674 32.526073 -2.650542 
4.189000  1.466000 128.755260 32.687838 -3.717655 
4.538000  1.487000 129.671941 30.392805 -3.788456 
5.236000  1.487000 131.035661 30.600014 -3.543227 
5.585000  1.466000 131.307383 33.131721 -3.257679 
0.000000  1.508000 132.258504 28.271256 -1.611066 
0.349100  1.529000 132.296298 25.775661 -0.742824 
1.047000  1.529000 131.399046 25.674989 0.326232 
1.396000  1.508000 130.578472 28.036103 0.397156 
2.094000  1.508000 129.209689 27.859182 0.151330 
2.443000  1.529000 128.822142 25.401483 -0.136008 
3.142000  1.529000 128.347667 25.355646 -1.445504 
3.491000  1.508000 128.320222 27.764187 -2.310625 
4.189000  1.508000 129.215205 27.885567 -3.377846 
4.538000  1.529000 130.035545 25.553350 -3.448619 
5.236000  1.529000 131.408405 25.699990 -3.202995 
5.585000  1.508000 131.786237 28.215885 -2.917682 
0.000000  1.550000 132.531730 23.322292 -1.272360 
0.349100  1.571000 132.463471 20.829547 -0.404100 
1.047000  1.571000 131.560720 20.769071 0.665716 
1.396000  1.550000 130.840588 23.162984 0.737026 
2.094000  1.550000 129.464602 23.046686 0.490637 
2.443000  1.571000 128.973469 20.609515 0.202725 
3.142000  1.571000 128.497428 20.584136 -1.106572 
3.491000  1.550000 128.571935 22.989674 -1.970707 
4.189000  1.550000 129.472744 23.070570 -3.038038 
4.538000  1.571000 130.194894 20.705349 -3.109291 
5.236000  1.571000 131.574458 20.791308 -2.863279 
5.585000  1.550000 132.058163 23.287037 -2.577684 
0.000000  1.592000 132.547610 18.368041 -0.984678 
0.349100  1.613000 132.328241 15.885019 -0.167585 
1.047000  1.613000 131.429123 15.871280 0.900062 
1.396000  1.592000 130.854357 18.290907 1.023608 
2.094000  1.592000 129.475504 18.236488 0.777163 
2.443000  1.613000 128.841553 15.829258 0.437084 
3.142000  1.613000 128.363940 15.819498 -0.873650 
3.491000  1.592000 128.579911 18.212668 -1.684560 
4.189000  1.592000 129.481610 18.249851 -2.751150 
4.538000  1.613000 130.055937 15.852543 -2.874345 
5.236000  1.613000 131.434336 15.875701 -2.629178 
5.585000  1.592000 132.072389 18.350717 -2.290684 
0.000000  1.634000 132.307092 13.417265 -0.747037 
0.349100  1.655000 131.985239 10.949266 0.068931 
1.047000  1.655000 131.091326 10.982196 1.134407 
1.396000  1.634000 130.620612 13.428388 1.257928 
2.094000  1.634000 129.243190 13.436979 1.011923 
2.443000  1.655000 128.507964 11.057516 0.671442 
3.142000  1.655000 128.029617 11.063341 -0.640727 
3.491000  1.634000 128.344968 13.441589 -1.451150 
4.189000  1.634000 129.242688 13.431957 -2.516164 
4.538000  1.655000 129.713188 11.008343 -2.639399 
5.236000  1.655000 131.088014 10.968801 -2.395077 
5.585000  1.634000 131.829885 13.415692 -2.055661 
0.000000  1.676000 131.858816 8.479636 -0.509397 
0.349100  1.696000 131.450519 6.147834 0.299815 
1.047000  1.696000 130.563199 6.226195 1.363172 
1.396000  1.676000 130.182060 8.578832 1.492248 
2.094000  1.676000 128.808475 8.650280 1.246683 
2.443000  1.696000 127.988300 6.415699 0.900221 
3.142000  1.696000 127.510042 6.436668 -0.413350 
3.491000  1.676000 127.909197 8.683220 -1.217740 
4.189000  1.676000 128.801366 8.626872 -2.281178 
4.538000  1.696000 129.182545 6.295962 -2.410047 
5.236000  1.696000 130.551565 6.195409 -2.166550 
5.585000  1.676000 131.380459 8.493764 -1.820638 
0.000000  1.717000 131.221518 3.680590 -0.277414 
0.349100  1.738000 130.698891 1.255023 0.536331 
1.047000  1.738000 129.819868 1.379728 1.597517 
1.396000  1.717000 129.557091 3.865461 1.720990 
2.094000  1.717000 128.189564 3.998027 1.475854 
2.443000  1.738000 127.258081 1.685638 1.134580 
3.142000  1.738000 126.780736 1.722019 -0.180427 
3.491000  1.717000 127.290765 4.058464 -0.989886 
4.189000  1.717000 128.176007 3.956672 -2.051786 
4.538000  1.738000 128.439001 1.493881 -2.175101 
5.236000  1.738000 129.799710 1.331126 -1.932449 
5.585000  1.717000 130.742842 3.709959 -1.591210 
0.000000  1.759000 130.365185 -1.205472 -0.039774 
0.349100  1.780000 129.742206 -3.603180 0.772846 
1.047000  1.780000 128.873030 -3.432391 1.831862 
1.396000  1.759000 128.716278 -0.933262 1.955310 
2.094000  1.759000 127.357314 -0.738436 1.710614 
2.443000  1.780000 126.328823 -3.010828 1.368939 
3.142000  1.780000 125.853218 -2.959176 0.052495 
3.491000  1.759000 126.460546 -0.650059 -0.756476 
4.189000  1.759000 127.337151 -0.798176 -1.816800 
4.538000  1.780000 127.494328 -3.274254 -1.940155 
5.236000  1.780000 128.844349 -3.498810 -1.698348 
5.585000  1.759000 129.887002 -1.160611 -1.356187 
0.000000  1.801000 129.304355 -6.052586 0.197867 
0.349100  1.822000 128.582098 -8.418193 1.009362 
1.047000  1.822000 127.724309 -8.201649 2.066207 
1.396000  1.801000 127.673872 -5.693590 2.189630 
2.094000  1.801000 126.325840 -5.436955 1.945374 
2.443000  1.822000 125.202113 -7.665374 1.603297 
3.142000  1.822000 124.729069 -7.598624 0.285418 
3.491000  1.801000 125.432648 -5.320932 -0.523065 
4.189000  1.801000 126.299071 -5.515081 -1.581814 
4.538000  1.822000 126.350129 -8.000027 -1.705209 
5.236000  1.822000 127.687105 -8.285884 -1.464247 
5.585000  1.801000 128.827486 -5.992390 -1.121164 
0.000000  1.843000 127.999812 -10.834255 0.402768 
0.349100  1.864000 127.097633 -13.127732 1.148445 
1.047000  1.864000 126.252585 -12.865942 2.206132 
1.396000  1.843000 126.391147 -10.389440 2.392701 
2.094000  1.843000 125.056778 -10.071776 2.148894 
2.443000  1.864000 123.759021 -12.217224 1.744514 
3.142000  1.864000 123.287380 -12.135190 0.428522 
3.491000  1.843000 124.167626 -9.928205 -0.319528 
4.189000  1.843000 125.022215 -10.167971 -1.377397 
4.538000  1.864000 124.884102 -12.621578 -1.562510 
5.236000  1.864000 126.206181 -12.967526 -1.321662 
5.585000  1.843000 127.524846 -10.758755 -0.917148 
0.000000  1.885000 126.370152 -15.505457 0.508242 
0.349100  1.906000 125.372610 -17.759020 1.254653 
1.047000  1.906000 124.541752 -17.452479 2.314198 
1.396000  1.885000 124.787716 -14.976507 2.500868 
2.094000  1.885000 123.470497 -14.599163 2.257543 
2.443000  1.906000 122.081909 -16.693013 1.854304 
3.142000  1.906000 121.611809 -16.595803 0.541320 
3.491000  1.885000 122.583655 -14.427668 -0.206712 
4.189000  1.885000 123.424534 -14.712465 -1.265816 
4.538000  1.906000 123.180882 -17.166118 -1.450936 
5.236000  1.906000 124.485920 -17.571256 -1.209954 
5.585000  1.885000 125.897206 -15.414394 -0.807298 
0.000000  1.927000 124.542511 -20.112322 0.613717 
0.349100  1.948000 123.451204 -22.321897 1.360861 
1.047000  1.948000 122.636021 -21.971124 2.422264 
1.396000  1.927000 122.989115 -19.500149 2.609036 
2.094000  1.927000 121.691340 -19.063872 2.366191 
2.443000  1.948000 120.214178 -21.102399 1.964093 
3.142000  1.948000 119.746412 -20.990291 0.654119 
3.491000  1.927000 120.808305 -18.864938 -0.093896 
4.189000  1.927000 121.633975 -19.194281 -1.154235 
4.538000  1.948000 121.285042 -21.643558 -1.339362 
5.236000  1.948000 122.570762 -22.107093 -1.098247 
5.585000  1.927000 124.072380 -20.005955 -0.697448 
0.000000  1.969000 122.519764 -24.646593 0.719191 
0.349100  1.990000 121.336459 -26.808180 1.467069 
1.047000  1.990000 120.538415 -26.413753 2.530330 
1.396000  1.969000 120.998180 -23.952229 2.717204 
2.094000  1.969000 119.722107 -23.457858 2.474840 
2.443000  1.990000 118.158785 -25.437439 2.073883 
3.142000  1.990000 117.694132 -25.310741 0.766917 
3.491000  1.969000 118.844355 -23.232036 0.018919 
4.189000  1.969000 119.653343 -23.605374 -1.042654 
4.538000  1.990000 119.199568 -26.045871 -1.227788 
5.236000  1.990000 120.463729 -26.566914 -0.986539 
5.585000  1.969000 122.053234 -24.525214 -0.587598 
0.000000  2.011000 120.305131 -29.100141 0.824666 
0.349100  2.032000 119.031764 -31.209817 1.573277 
1.047000  2.032000 118.252294 -30.772377 2.638396 
1.396000  2.011000 118.818085 -28.324733 2.825371 
2.094000  2.011000 117.565938 -27.773204 2.583488 
2.443000  2.032000 115.919017 -29.690319 2.183673 
3.142000  2.032000 115.458242 -29.549371 0.879716 
3.491000  2.011000 116.694919 -27.521104 0.131735 
4.189000  2.011000 117.485774 -27.937827 -0.931073 
4.538000  2.032000 116.927783 -30.365160 -1.116214 
5.236000  2.032000 118.168182 -30.942730 -0.874832 
5.585000  2.011000 119.842975 -28.964075 -0.477748 
0.000000  2.053000 117.902172 -33.464983 0.930140 
0.349100  2.073000 116.602281 -35.417445 1.676956 
1.047000  2.073000 115.842303 -34.938690 2.743890 
1.396000  2.053000 116.452337 -32.609790 2.933539 
2.094000  2.053000 115.226297 -32.002130 2.692137 
2.443000  2.073000 113.558189 -33.755349 2.290848 
3.142000  2.073000 113.101925 -33.600852 0.989829 
3.491000  2.053000 114.363437 -31.724422 0.244551 
4.189000  2.053000 115.134734 -32.183860 -0.819492 
4.538000  2.073000 114.533868 -34.494110 -1.007296 
5.236000  2.073000 115.748990 -35.125828 -0.765784 
5.585000  2.053000 117.445146 -33.314586 -0.367897 
0.000000  2.094000 115.378492 -37.632842 1.033103 
0.349100  2.115000 113.905158 -39.573401 1.749870 
1.047000  2.115000 113.167295 -39.058522 2.817166 
1.396000  2.094000 113.967512 -36.701086 3.039131 
2.094000  2.094000 112.769016 -36.039709 2.798198 
2.443000  2.115000 110.937641 -37.777674 2.365802 
3.142000  2.115000 110.487352 -37.606780 1.066122 
3.491000  2.094000 111.915467 -35.737708 0.354681 
4.189000  2.094000 112.666326 -36.238140 -0.710568 
4.538000  2.115000 111.877163 -38.567900 -0.931389 
5.236000  2.115000 113.063422 -39.251912 -0.690061 
5.585000  2.094000 114.927190 -37.468831 -0.260663 
0.000000  2.136000 112.558125 -41.683133 1.072659 
0.349100  2.157000 111.000727 -43.564241 1.788213 
1.047000  2.157000 110.287139 -43.019709 2.854320 
1.396000  2.136000 111.191193 -40.694262 3.076997 
2.094000  2.136000 110.023104 -39.983969 2.836848 
2.443000  2.157000 108.116003 -41.647949 2.404583 
3.142000  2.157000 107.673061 -41.458065 1.104510 
3.491000  2.136000 109.182681 -39.646365 0.393415 
4.189000  2.136000 109.909450 -40.176746 -0.671001 
4.538000  2.157000 109.017110 -42.475039 -0.892515 
5.236000  2.157000 110.171530 -43.207995 -0.651703 
5.585000  2.136000 112.113252 -41.500738 -0.221436 
0.000000  2.178000 109.561420 -45.620824 1.111589 
0.349100  2.199000 107.923057 -47.440039 1.826557 
1.047000  2.199000 107.235056 -46.866725 2.891474 
1.396000  2.178000 108.241050 -44.576611 3.114196 
2.094000  2.178000 107.105403 -43.818740 2.874834 
2.443000  2.199000 105.126212 -45.406559 2.443364 
3.142000  2.199000 104.691315 -45.198149 1.142899 
3.491000  2.178000 106.279457 -43.446267 0.431445 
4.189000  2.178000 106.980789 -44.005646 -0.632118 
4.538000  2.199000 105.987138 -46.269340 -0.853642 
5.236000  2.199000 107.107710 -47.049905 -0.613344 
5.585000  2.178000 109.123680 -45.420448 -0.182879 
0.000000  2.220000 106.393752 -49.439738 1.150519 
0.349100  2.241000 104.677133 -51.193622 1.864901 
1.047000  2.241000 104.015990 -50.592450 2.928628 
1.396000  2.220000 105.122372 -48.341869 3.151395 
2.094000  2.220000 104.021149 -47.537796 2.912819 
2.443000  2.241000 101.973106 -49.046541 2.482145 
3.142000  2.241000 101.546931 -48.820099 1.181287 
3.491000  2.220000 103.210972 -47.131352 0.469476 
4.189000  2.220000 103.885576 -47.718831 -0.593235 
4.538000  2.241000 102.792135 -49.943768 -0.814769 
5.236000  2.241000 103.876909 -50.770525 -0.574986 
5.585000  2.220000 105.963835 -49.221857 -0.144323 
0.000000  2.262000 103.060261 -53.132799 1.189449 
0.349100  2.283000 101.268233 -54.818034 1.903244 
1.047000  2.283000 100.635182 -54.189980 2.965782 
1.396000  2.262000 101.840227 -51.983063 3.188593 
2.094000  2.262000 100.775348 -51.134245 2.950805 
2.443000  2.283000 98.661808 -52.561143 2.520927 
3.142000  2.283000 98.245014 -52.317189 1.219676 
3.491000  2.262000 99.982195 -50.694783 0.507506 
4.189000  2.262000 100.628815 -51.309409 -0.554352 
4.538000  2.283000 99.437279 -53.491499 -0.775896 
5.236000  2.283000 100.484366 -54.362951 -0.536627 
5.585000  2.262000 102.638833 -52.897922 -0.105767 
0.000000  2.304000 99.566377 -56.693158 1.228379 
0.349100  2.325000 97.701925 -58.306544 1.941588 
1.047000  2.325000 97.098157 -57.652638 3.002936 
1.396000  2.304000 98.399966 -55.493439 3.225792 
2.094000  2.304000 97.373288 -54.601412 2.988791 
2.443000  2.325000 95.197722 -55.943833 2.559708 
3.142000  2.325000 94.790943 -55.682915 1.258064 
3.491000  2.304000 96.598373 -54.129935 0.545537 
4.189000  2.304000 97.215798 -54.770707 -0.515470 
4.538000  2.325000 95.928031 -56.905933 -0.737022 
5.236000  2.325000 96.935607 -57.820505 -0.498269 
5.585000  2.304000 99.154083 -56.441817 -0.067210 
0.000000  2.346000 95.917812 -60.114195 1.267309 
0.349100  2.367000 94.008962 -61.650845 1.994536 
1.047000  2.367000 93.433313 -60.973527 3.054756 
1.396000  2.346000 94.807223 -58.866473 3.262991 
2.094000  2.346000 93.820538 -57.932852 3.026776 
2.443000  2.367000 91.606029 -59.188390 2.612436 
3.142000  2.367000 91.210601 -58.910536 1.310594 
3.491000  2.346000 93.065030 -57.430414 0.583567 
4.189000  2.346000 93.652089 -58.096277 -0.476587 
4.538000  2.367000 92.295220 -60.178056 -0.684128 
5.236000  2.367000 93.263367 -61.133226 -0.445804 
5.585000  2.346000 95.515275 -59.846951 -0.028654 
0.000000  2.388000 92.196794 -63.381924 1.349459 
0.349100  2.409000 90.242449 -64.841267 2.089643 
1.047000  2.409000 89.689352 -64.145599 3.148911 
1.396000  2.388000 91.130889 -62.095687 3.343306 
2.094000  2.388000 90.180660 -61.123178 3.106918 
2.443000  2.409000 87.929462 -62.288901 2.705422 
3.142000  2.409000 87.548066 -61.993139 1.403947 
3.491000  2.388000 89.450143 -60.586958 0.663542 
4.189000  2.388000 90.013469 -61.273497 -0.396421 
4.538000  2.409000 88.592188 -63.296750 -0.590756 
5.236000  2.409000 89.524534 -64.288285 -0.352615 
5.585000  2.388000 91.807690 -63.096822 0.051719 
0.000000  2.429000 88.450778 -66.423083 1.443175 
0.349100  2.450000 86.431411 -67.806643 2.182486 
1.047000  2.450000 85.901343 -67.094190 3.240825 
1.396000  2.429000 87.426300 -65.103651 3.435198 
2.094000  2.429000 86.511606 -64.095194 3.198341 
2.443000  2.450000 84.210168 -65.170883 2.796195 
3.142000  2.450000 83.843010 -64.858241 1.495077 
3.491000  2.429000 85.807919 -63.525875 0.754736 
4.189000  2.429000 86.349465 -64.230454 -0.305247 
4.538000  2.450000 84.845691 -66.194964 -0.499608 
5.236000  2.450000 85.741532 -67.220268 -0.261646 
5.585000  2.429000 88.076303 -66.120343 0.143262 
0.000000  2.471000 84.478964 -69.382729 1.539177 
0.349100  2.492000 82.396423 -70.686034 2.277594 
1.047000  2.492000 81.890939 -69.957583 3.334981 
1.396000  2.471000 83.498833 -68.031502 3.529332 
2.094000  2.471000 82.622097 -66.988023 3.291994 
2.443000  2.492000 80.273008 -67.969493 2.889182 
3.142000  2.492000 79.920964 -67.640196 1.588430 
3.491000  2.471000 81.946912 -66.385976 0.848154 
4.189000  2.471000 82.465130 -67.107859 -0.211849 
4.538000  2.492000 80.879329 -69.008586 -0.406237 
5.236000  2.492000 81.736256 -70.066649 -0.168457 
5.585000  2.471000 84.120016 -69.062546 0.237037 
0.000000  2.513000 80.377780 -72.179280 1.635179 
0.349100  2.534000 78.235650 -73.399821 2.372701 
1.047000  2.534000 77.755700 -72.656627 3.429137 
1.396000  2.513000 79.443834 -70.798575 3.623466 
2.094000  2.513000 78.606555 -69.721964 3.385647 
2.443000  2.534000 76.213755 -70.607361 2.982168 
3.142000  2.534000 75.877331 -70.262077 1.681783 
3.491000  2.513000 77.960850 -69.088423 0.941573 
4.189000  2.513000 78.454761 -69.826375 -0.118452 
4.538000  2.534000 76.789592 -71.659779 -0.312866 
5.236000  2.534000 77.606146 -72.748680 -0.075269 
5.585000  2.513000 80.034880 -71.842311 0.330813 
0.000000  2.555000 76.154189 -74.807449 1.731181 
0.349100  2.576000 73.956156 -75.942870 2.467809 
1.047000  2.576000 73.502638 -75.186223 3.523293 
1.396000  2.555000 75.268166 -73.399658 3.717600 
2.094000  2.555000 74.471761 -72.291864 3.479300 
2.443000  2.576000 72.039266 -73.079503 3.075155 
3.142000  2.576000 71.718941 -72.718921 1.775136 
3.491000  2.555000 73.856463 -71.628102 1.034991 
4.189000  2.555000 74.325142 -72.380851 -0.025054 
4.538000  2.576000 72.583408 -74.143505 -0.219495 
5.236000  2.576000 73.358214 -75.261265 0.017919 
5.585000  2.555000 75.827829 -74.454372 0.424588 
0.000000  2.597000 71.815368 -77.262245 1.827183 
0.349100  2.618000 69.565230 -78.310359 2.562942 
1.047000  2.618000 69.138986 -77.541587 3.617475 
1.396000  2.597000 70.978906 -75.829831 3.811733 
2.094000  2.597000 70.224710 -74.692862 3.572953 
2.443000  2.618000 67.756613 -75.381237 3.168169 
3.142000  2.618000 67.452838 -75.006065 1.868516 
3.491000  2.597000 69.640689 -74.000191 1.128409 
4.189000  2.597000 70.083265 -74.766425 0.068344 
4.538000  2.618000 68.267927 -76.455035 -0.126096 
5.236000  2.618000 68.999693 -77.599620 0.111135 
5.585000  2.597000 71.506013 -76.893756 0.518364 
0.000000  2.639000 67.423638 -79.581760 2.014417 
0.349100  2.660000 65.177727 -80.581036 2.842166 
1.047000  2.660000 64.773146 -79.796630 3.897876 
1.396000  2.639000 66.632773 -78.123766 3.999061 
2.094000  2.639000 65.920517 -76.959991 3.760530 
2.443000  2.660000 63.468561 -77.588265 3.451147 
3.142000  2.660000 63.183071 -77.200129 2.153049 
3.491000  2.639000 65.370208 -76.241111 1.317605 
4.189000  2.639000 65.788405 -77.020939 0.257599 
4.538000  2.660000 63.956834 -78.676000 0.159003 
5.236000  2.660000 64.648081 -79.848412 0.396448 
5.585000  2.639000 67.131919 -79.199834 0.706850 
0.000000  2.681000 62.986539 -81.761599 2.292830 
0.349100  2.702000 60.693900 -82.667409 3.121389 
1.047000  2.702000 60.311710 -81.868762 4.178278 
1.396000  2.681000 62.237202 -80.277132 4.279529 
2.094000  2.681000 61.566532 -79.088970 4.041979 
2.443000  2.702000 59.087011 -79.616399 3.734126 
3.142000  2.702000 58.820195 -79.216043 2.437583 
3.491000  2.681000 61.052312 -78.346613 1.602523 
4.189000  2.681000 61.447907 -79.140111 0.542658 
4.538000  2.702000 59.551263 -80.716193 0.444101 
5.236000  2.702000 60.200875 -81.914294 0.681760 
5.585000  2.681000 62.713058 -81.368227 0.989991 
0.000000  2.723000 58.456911 -83.754959 2.571243 
0.349100  2.744000 56.121572 -84.565596 3.400612 
1.047000  2.744000 55.762444 -83.754133 4.458679 
1.396000  2.723000 57.750417 -82.246668 4.559997 
2.094000  2.723000 57.122404 -81.036278 4.323427 
2.443000  2.744000 54.619559 -81.461871 4.017105 
3.142000  2.744000 54.371773 -81.050054 2.722117 
3.491000  2.723000 56.644972 -80.271855 1.887442 
4.189000  2.723000 57.017267 -81.077612 0.827716 
4.538000  2.744000 55.058887 -82.571805 0.729200 
5.236000  2.744000 55.665837 -83.793415 0.967073 
5.585000  2.723000 58.202040 -83.350890 1.273133 
0.000000  2.765000 53.842666 -85.558119 2.849656 
0.349100  2.786000 51.468723 -86.272047 3.679836 
1.047000  2.786000 51.133265 -85.449218 4.739080 
1.396000  2.765000 53.180217 -84.028705 4.840464 
2.094000  2.765000 52.595841 -82.798291 4.604876 
2.443000  2.786000 50.073949 -83.121235 4.300084 
3.142000  2.786000 49.845518 -82.698730 3.006651 
3.491000  2.765000 52.155837 -82.013241 2.172361 
4.189000  2.765000 52.504192 -82.829818 1.112775 
4.538000  2.786000 50.487532 -84.239356 1.014299 
5.236000  2.786000 51.050888 -85.482251 1.252386 
5.585000  2.765000 53.606745 -85.144119 1.556274 
0.000000  2.806000 49.264377 -87.131643 3.121440 
0.349100  2.827000 46.856760 -87.749851 3.952411 
1.047000  2.827000 46.544937 -86.917348 5.012805 
1.396000  2.806000 48.645974 -85.584262 5.114254 
2.094000  2.806000 48.105052 -84.336463 4.879624 
2.443000  2.827000 45.568723 -84.558592 4.576325 
3.142000  2.827000 45.359468 -84.126411 3.284410 
3.491000  2.806000 47.702145 -83.532689 2.450495 
4.189000  2.806000 48.026570 -84.358417 1.391046 
4.538000  2.827000 45.956462 -85.682787 1.292609 
5.236000  2.827000 46.476450 -86.944282 1.530906 
5.585000  2.806000 49.047253 -86.708700 1.832675 
0.000000  2.848000 44.506746 -88.549303 3.399853 
0.349100  2.869000 42.068792 -89.068279 4.231634 
1.047000  2.869000 41.781661 -88.227346 5.293207 
1.396000  2.848000 43.934424 -86.986275 5.394722 
2.094000  2.848000 43.438800 -85.722916 5.161072 
2.443000  2.869000 40.891960 -85.841324 4.859304 
3.142000  2.869000 40.702605 -85.400019 3.568944 
3.491000  2.848000 43.074406 -84.901430 2.735414 
4.189000  2.848000 43.373807 -85.735064 1.676104 
4.538000  2.869000 41.252577 -86.969750 1.577708 
5.236000  2.869000 41.727404 -88.248032 1.816218 
5.585000  2.848000 44.309149 -88.117980 2.115816 
0.000000  2.890000 39.699866 -89.801524 3.724632 
0.349100  2.911000 37.257668 -90.289308 4.650768 
1.047000  2.911000 36.995396 -89.438835 5.711790 
1.396000  2.890000 39.174159 -88.223149 5.720402 
2.094000  2.890000 38.724879 -86.944699 5.487605 
2.443000  2.911000 36.195720 -87.018741 5.279368 
3.142000  2.911000 36.029177 -86.570163 3.989800 
3.491000  2.890000 38.401049 -86.107707 3.064761 
4.189000  2.890000 38.675257 -86.949131 2.005580 
4.538000  2.911000 36.532786 -88.158693 1.998525 
5.236000  2.911000 36.959999 -89.453667 2.236343 
5.585000  2.890000 39.522933 -89.362278 2.443724 
0.000000  2.932000 34.875408 -90.957489 4.193834 
0.349100  2.953000 32.410369 -91.343465 5.118290 
1.047000  2.953000 32.173227 -90.484076 6.178164 
1.396000  2.932000 34.396050 -89.358751 6.186907 
2.094000  2.932000 33.994800 -88.061815 5.954566 
2.443000  2.953000 31.465405 -88.030458 5.746843 
3.142000  2.953000 31.322793 -87.575783 4.457802 
3.491000  2.932000 33.716899 -87.213018 3.532494 
4.189000  2.932000 33.966412 -88.065040 2.473408 
4.538000  2.953000 31.779868 -89.183102 2.466281 
5.236000  2.953000 32.158292 -90.493191 2.703093 
5.585000  2.932000 34.722136 -90.510058 2.911073 
0.000000  2.974000 30.007638 -91.909837 4.663035 
0.349100  2.995000 27.524084 -92.193351 5.585812 
1.047000  2.995000 27.312366 -91.326593 6.644539 
1.396000  2.974000 29.575243 -90.293627 6.653413 
2.094000  2.974000 29.222524 -88.980565 6.421526 
2.443000  2.995000 26.697246 -88.843902 6.214318 
3.142000  2.995000 26.578723 -88.383953 4.925805 
3.491000  2.974000 28.990880 -88.121502 4.000227 
4.189000  2.974000 29.215371 -88.982581 2.941236 
4.538000  2.995000 26.988709 -90.007155 2.934036 
5.236000  2.995000 27.317892 -91.329991 3.169842 
5.585000  2.974000 29.878200 -91.455040 3.378421 
0.000000  3.016000 25.105142 -92.656927 5.132236 
0.349100  3.037000 22.607422 -92.837511 6.053333 
1.047000  3.037000 22.421359 -91.964939 7.110913 
1.396000  3.016000 24.720204 -91.026161 7.119918 
2.094000  3.016000 24.416419 -89.699350 6.888487 
2.443000  3.037000 21.899604 -89.457657 6.681793 
3.142000  3.037000 21.805292 -88.993265 5.393808 
3.491000  3.016000 24.231294 -88.831574 4.467960 
4.189000  3.016000 24.430501 -89.700159 3.409064 
4.538000  3.037000 22.167756 -90.629422 3.401792 
5.236000  3.037000 22.447347 -91.962621 3.636592 
5.585000  3.016000 24.999678 -92.195591 3.845769 
0.000000  3.058000 20.176570 -93.197484 5.601437 
0.349100  3.079000 17.669050 -93.274849 6.520855 
1.047000  3.079000 17.508805 -92.398028 7.577287 
1.396000  3.058000 19.839459 -91.555096 7.586424 
2.094000  3.058000 19.584910 -90.216928 7.355448 
2.443000  3.079000 17.080887 -89.870663 7.149268 
3.142000  3.079000 17.010874 -89.402660 5.861810 
3.491000  3.058000 19.446502 -89.342000 4.935693 
4.189000  3.058000 19.620227 -90.216530 3.876892 
4.538000  3.079000 17.325509 -91.048831 3.869548 
5.236000  3.079000 17.555255 -92.389994 4.103342 
5.585000  3.058000 20.095185 -92.730439 4.313117 
0.000000  3.100000 15.230617 -93.530595 6.070639 
0.349100  3.121000 12.717669 -93.504638 6.988377 
1.047000  3.121000 12.583341 -92.625137 8.043661 
1.396000  3.100000 14.941579 -91.879531 8.052930 
2.094000  3.100000 14.736468 -90.532408 7.822409 
2.443000  3.121000 12.249544 -90.082211 7.616744 
3.142000  3.121000 12.203883 -89.611435 6.329813 
3.491000  3.100000 14.644907 -89.651898 5.403426 
4.189000  3.100000 14.793019 -90.530804 4.344720 
4.538000  3.121000 12.470502 -91.264667 4.337303 
5.236000  3.121000 12.650253 -92.611389 4.570092 
5.585000  3.100000 15.173380 -93.058675 4.780466 
0.000000  3.142000 10.275646 -93.657287 6.540670 
0.349100  3.163000 7.744619 -93.607264 7.501344 
1.047000  3.163000 7.640569 -92.724134 8.556313 
1.396000  3.142000 10.034965 -92.000450 8.520311 
2.094000  3.142000 9.879475 -90.646795 8.290240 
2.443000  3.163000 7.408992 -90.172474 8.129007 
3.142000  3.163000 7.387712 -89.700218 6.840786 
3.491000  3.142000 9.834819 -89.762293 5.871985 
4.189000  3.142000 9.957171 -90.644027 4.813386 
4.538000  3.163000 7.597913 -91.360325 4.849211 
5.236000  3.163000 7.723375 -92.711665 5.081554 
5.585000  3.142000 10.242596 -93.181370 5.248662 
0.000000  3.183000 5.402640 -93.737281 7.082354 
0.349100  3.204000 2.877876 -93.582731 8.044773 
1.047000  3.204000 2.807413 -92.695208 9.100219 
1.396000  3.183000 5.225066 -92.072481 9.063962 
2.094000  3.183000 5.126390 -90.716137 8.833816 
2.443000  3.204000 2.683049 -90.141548 8.671135 
3.142000  3.204000 2.685566 -89.669082 7.379946 
3.491000  3.183000 5.126609 -89.830897 6.411829 
4.189000  3.183000 5.215719 -90.716366 5.354483 
4.538000  3.204000 2.832916 -91.335651 5.390391 
5.236000  3.204000 2.901445 -92.690555 5.622827 
5.585000  3.183000 5.393509 -93.262221 5.790322 
0.000000  3.225000 0.419365 -93.613709 7.637249 
0.349100  3.246000 -2.094685 -93.352521 8.601457 
1.047000  3.246000 -2.130839 -92.462049 9.657390 
1.396000  3.225000 0.306314 -91.943672 9.620873 
2.094000  3.225000 0.265738 -90.586954 9.390649 
2.443000  3.246000 -2.145656 -89.910809 9.226484 
3.142000  3.246000 -2.118813 -89.438956 7.932257 
3.491000  3.225000 0.311862 -89.702512 6.964840 
4.189000  3.225000 0.366984 -90.590254 5.908777 
4.538000  3.246000 -2.035664 -91.109226 5.944771 
5.236000  3.246000 -2.025306 -92.465403 6.177302 
5.585000  3.225000 0.434700 -93.140355 6.345194 
0.000000  3.267000 -4.546568 -93.282687 8.192144 
0.349100  3.288000 -7.045573 -92.915487 9.158141 
1.047000  3.288000 -7.047582 -92.023630 10.214561 
1.396000  3.267000 -4.595342 -91.610359 10.177784 
2.094000  3.267000 -4.578018 -90.255670 9.947483 
2.443000  3.288000 -6.953323 -89.479316 9.781834 
3.142000  3.288000 -6.902243 -89.008910 8.484568 
3.491000  3.267000 -4.486120 -89.373596 7.517850 
4.189000  3.267000 -4.464855 -90.262041 6.463071 
4.538000  3.288000 -6.882986 -90.679939 6.499150 
5.236000  3.288000 -6.930548 -92.034992 6.731777 
5.585000  3.267000 -4.506835 -92.811873 6.900066 
0.000000  3.309000 -9.486463 -92.745127 8.747039 
0.349100  3.330000 -11.966123 -92.272720 9.714825 
1.047000  3.330000 -11.934216 -91.381034 10.771732 
1.396000  3.309000 -9.471329 -91.073442 10.734695 
2.094000  3.309000 -9.396407 -89.723173 10.504316 
2.443000  3.330000 -11.731544 -88.848130 10.337184 
3.142000  3.330000 -11.656348 -88.380001 9.036878 
3.491000  3.309000 -9.258933 -88.845029 8.070861 
4.189000  3.309000 -9.271327 -89.732616 7.017365 
4.538000  3.330000 -11.700552 -90.048861 7.053530 
5.236000  3.330000 -11.805683 -91.400406 7.286252 
5.585000  3.309000 -9.422436 -92.277685 7.454937 
0.000000  3.351000 -14.391670 -92.002304 9.301934 
0.349100  3.372000 -16.847724 -91.425676 10.271508 
1.047000  3.372000 -16.782196 -90.535707 11.328904 
1.396000  3.351000 -14.313122 -90.334177 11.291606 
2.094000  3.351000 -14.181004 -88.990706 11.061150 
2.443000  3.372000 -16.471958 -88.018663 10.892533 
3.142000  3.372000 -16.372804 -87.553633 9.589189 
3.491000  3.351000 -13.998215 -88.118044 8.623871 
4.189000  3.351000 -14.044007 -89.003222 7.571659 
4.538000  3.372000 -16.479914 -89.217420 7.607910 
5.236000  3.372000 -16.642162 -90.563087 7.840726 
5.585000  3.351000 -14.303491 -91.539058 8.009809 
0.000000  3.393000 -19.253603 -91.055855 9.856829 
0.349100  3.414000 -21.693103 -90.376546 10.813311 
1.047000  3.414000 -21.592782 -89.489992 11.870928 
1.396000  3.393000 -19.112255 -89.394179 11.848517 
2.094000  3.393000 -18.923441 -88.059864 11.617983 
2.443000  3.414000 -21.175095 -86.990112 11.432687 
3.142000  3.414000 -21.053657 -86.529113 10.127581 
3.491000  3.393000 -18.695666 -87.194225 9.176882 
4.189000  3.393000 -18.774527 -88.075453 8.125953 
4.538000  3.414000 -21.226352 -88.185962 8.147508 
5.236000  3.414000 -21.445586 -89.524041 8.380690 
5.585000  3.393000 -19.141444 -90.597626 8.564681 
0.000000  3.435000 -24.099713 -89.907189 10.369738 
0.349100  3.456000 -26.515880 -89.128238 11.311078 
1.047000  3.456000 -26.376661 -88.247109 12.368130 
1.396000  3.435000 -23.886977 -88.252168 12.360545 
2.094000  3.435000 -23.640277 -86.924616 12.128828 
2.443000  3.456000 -25.850022 -85.759558 11.927873 
3.142000  3.456000 -25.710915 -85.303737 10.624783 
3.491000  3.435000 -23.376554 -86.068312 9.687660 
4.189000  3.435000 -23.493540 -86.945858 8.636262 
4.538000  3.456000 -25.958326 -86.953810 8.643361 
5.236000  3.456000 -26.235140 -88.283859 8.877713 
5.585000  3.435000 -23.968393 -89.453275 9.076702 
0.000000  3.477000 -28.897440 -88.559052 10.868843 
0.349100  3.498000 -31.274346 -87.682168 11.808845 
1.047000  3.498000 -31.096715 -86.807959 12.865331 
1.396000  3.477000 -28.611106 -86.912643 12.857817 
2.094000  3.477000 -28.306629 -85.592608 12.624553 
2.443000  3.498000 -30.462526 -84.337046 12.423059 
3.142000  3.498000 -30.306009 -83.887199 11.121986 
3.491000  3.477000 -28.010256 -84.747404 10.184553 
4.189000  3.477000 -28.166701 -85.620350 9.132110 
4.538000  3.498000 -30.627222 -85.527683 9.139214 
5.236000  3.498000 -30.960869 -86.847410 9.374735 
5.585000  3.477000 -28.748718 -88.109759 9.574636 
0.000000  3.519000 -33.626646 -87.014342 11.367948 
0.349100  3.540000 -35.960253 -86.041209 12.306612 
1.047000  3.540000 -35.744760 -85.175395 13.362533 
1.396000  3.519000 -33.267687 -85.379336 13.355089 
2.094000  3.519000 -32.906227 -84.069096 13.120279 
2.443000  3.540000 -35.004602 -82.725366 12.918244 
3.142000  3.540000 -34.830968 -82.282280 11.619188 
3.491000  3.519000 -32.577722 -83.236479 10.681446 
4.189000  3.519000 -32.773109 -84.103339 9.627957 
4.538000  3.540000 -35.224949 -83.910401 9.635068 
5.236000  3.540000 -35.614588 -85.217548 9.871757 
5.585000  3.519000 -33.460797 -86.570461 10.072570 
0.000000  3.560000 -38.169317 -85.319719 11.855170 
0.349100  3.581000 -40.456834 -84.254414 12.792528 
1.047000  3.581000 -40.204968 -83.398195 13.847897 
1.396000  3.560000 -37.740513 -83.698498 13.840522 
2.094000  3.560000 -37.324283 -82.399980 13.604201 
2.443000  3.581000 -39.363058 -80.972581 13.401640 
3.142000  3.581000 -39.173027 -80.536841 12.104553 
3.491000  3.560000 -36.964970 -81.581063 11.166509 
4.189000  3.560000 -37.197813 -82.440570 10.111999 
4.538000  3.581000 -39.636939 -82.150264 10.119115 
5.236000  3.581000 -40.080336 -83.442985 10.356946 
5.585000  3.560000 -37.987048 -84.881872 10.558648 
0.000000  3.602000 -42.739148 -83.395840 12.354275 
0.349100  3.623000 -44.975613 -82.238106 13.290295 
1.047000  3.623000 -44.687148 -81.393121 14.345098 
1.396000  3.602000 -42.239983 -81.791408 14.337794 
2.094000  3.602000 -41.768615 -80.507075 14.099926 
2.443000  3.623000 -43.742910 -78.996571 13.896825 
3.142000  3.623000 -43.536436 -78.569105 12.601755 
3.491000  3.602000 -41.378376 -79.703614 11.663402 
4.189000  3.602000 -41.648955 -80.554168 10.607847 
4.538000  3.623000 -44.070739 -80.164826 10.614968 
5.236000  3.623000 -44.568192 -81.440614 10.853968 
5.585000  3.602000 -42.540393 -82.964930 11.056582 
0.000000  3.644000 -47.216484 -81.285465 12.853380 
0.349100  3.665000 -49.398102 -80.037476 13.788062 
1.047000  3.665000 -49.073767 -79.205120 14.842300 
1.396000  3.644000 -46.648272 -79.700472 14.835066 
2.094000  3.644000 -46.122838 -78.432483 14.595651 
2.443000  3.665000 -48.029300 -76.841649 14.392011 
3.142000  3.665000 -47.806770 -76.423200 13.098958 
3.491000  3.644000 -45.702372 -77.645888 12.160295 
4.189000  3.644000 -46.009988 -78.486079 11.103694 
4.538000  3.665000 -48.410095 -77.998597 11.110822 
5.236000  3.665000 -48.960486 -79.255317 11.350990 
5.585000  3.644000 -47.001616 -80.862242 11.554515 
0.000000  3.686000 -51.598396 -78.962216 13.393596 
0.349100  3.707000 -53.725820 -77.594995 14.370497 
1.047000  3.707000 -53.366366 -76.776698 15.425251 
1.396000  3.686000 -50.963037 -77.400555 15.375026 
2.094000  3.686000 -50.386516 -76.152868 15.135482 
2.443000  3.707000 -52.230563 -74.456838 14.978413 
3.142000  3.707000 -51.993333 -74.046078 13.685508 
3.491000  3.686000 -49.937679 -75.382984 12.701662 
4.189000  3.686000 -50.280650 -76.210292 11.644666 
4.538000  3.707000 -52.660902 -75.594758 11.697353 
5.236000  3.707000 -53.260712 -76.829089 11.937106 
5.585000  3.686000 -51.368029 -78.546982 12.095723 
0.000000  3.728000 -55.877401 -76.429905 13.975679 
0.349100  3.749000 -57.942165 -74.976639 14.953320 
1.047000  3.749000 -57.548434 -74.173729 16.008594 
1.396000  3.728000 -55.176911 -74.895432 15.958458 
2.094000  3.728000 -54.552402 -73.671986 15.720229 
2.443000  3.749000 -56.323754 -71.901338 15.565232 
3.142000  3.749000 -56.072277 -71.498964 14.272466 
3.491000  3.728000 -54.077128 -72.918598 13.288321 
4.189000  3.728000 -54.453696 -73.730516 12.231591 
4.538000  3.749000 -56.802490 -73.018412 12.284299 
5.236000  3.749000 -57.450416 -74.228312 12.523629 
5.585000  3.728000 -55.632182 -76.022936 12.680998 
0.000000  3.770000 -60.041208 -73.724199 14.557761 
0.349100  3.791000 -62.039820 -72.187523 15.536143 
1.047000  3.791000 -61.612710 -71.401292 16.591937 
1.396000  3.770000 -59.277223 -72.219378 16.541891 
2.094000  3.770000 -58.606062 -71.022181 16.304975 
2.443000  3.791000 -60.301740 -69.180090 16.152052 
3.142000  3.791000 -60.036493 -68.786791 14.859424 
3.491000  3.770000 -58.105222 -70.286600 13.874979 
4.189000  3.770000 -58.514516 -71.081817 12.818515 
4.538000  3.791000 -60.827662 -70.274577 12.871245 
5.236000  3.791000 -61.522329 -71.458068 13.110151 
5.585000  3.770000 -59.781602 -73.326192 13.266274 
0.000000  3.812000 -64.082638 -70.850088 15.139844 
0.349100  3.833000 -66.011720 -69.232781 16.118966 
1.047000  3.833000 -65.552183 -68.464481 17.175280 
1.396000  3.812000 -63.256898 -69.377310 17.125323 
2.094000  3.812000 -62.540501 -68.208313 16.889721 
2.443000  3.833000 -64.157662 -66.298078 16.738871 
3.142000  3.833000 -63.879153 -65.914522 15.446381 
3.491000  3.812000 -62.015020 -67.491813 14.461638 
4.189000  3.812000 -62.456115 -68.269056 13.405439 
4.538000  3.833000 -64.729489 -67.368290 13.458190 
5.236000  3.833000 -65.469438 -68.523451 13.696674 
5.585000  3.812000 -63.809138 -70.461721 13.851549 
0.000000  3.854000 -67.994730 -67.812859 15.721927 
0.349100  3.875000 -69.851022 -66.117838 16.701789 
1.047000  3.875000 -69.360061 -65.368683 17.758623 
1.396000  3.854000 -67.109071 -66.374441 17.708756 
2.094000  3.854000 -66.348936 -65.235533 17.474467 
2.443000  3.875000 -67.884878 -63.260568 17.325690 
3.142000  3.875000 -67.593642 -62.887401 16.033339 
3.491000  3.854000 -65.799793 -64.539348 15.048296 
4.189000  3.854000 -66.271711 -65.297383 13.992364 
4.538000  3.875000 -68.501258 -64.304873 14.045136 
5.236000  3.875000 -69.284953 -65.429847 14.283197 
5.585000  3.854000 -67.707855 -67.434789 14.436824 
0.000000  3.896000 -71.770747 -64.618087 16.304009 
0.349100  3.917000 -73.551117 -62.848405 17.284611 
1.047000  3.917000 -73.029784 -62.119562 18.341965 
1.396000  3.896000 -70.827103 -63.216267 18.292188 
2.094000  3.896000 -70.024805 -62.109271 18.059214 
2.443000  3.917000 -71.476972 -60.073102 17.912509 
3.142000  3.917000 -71.173571 -59.710947 16.620297 
3.491000  3.896000 -69.453029 -61.434593 15.634954 
4.189000  3.896000 -69.954742 -62.172229 14.579288 
4.538000  3.917000 -72.136487 -61.089924 14.632082 
5.236000  3.917000 -72.962314 -62.182921 14.869719 
5.585000  3.896000 -71.471046 -64.250947 15.022100 
0.000000  3.937000 -75.320461 -61.338924 16.871960 
0.349100  3.958000 -77.025636 -59.471239 17.852302 
1.047000  3.958000 -76.472700 -58.766967 18.910081 
1.396000  3.937000 -74.320360 -59.977384 18.861256 
2.094000  3.937000 -73.476606 -58.904426 18.629184 
2.443000  3.958000 -74.836013 -56.790474 18.479865 
3.142000  3.958000 -74.518642 -56.440298 17.187280 
3.491000  3.937000 -72.882073 -58.251793 16.205962 
4.189000  3.937000 -73.413243 -58.967485 15.150454 
4.538000  3.958000 -75.541395 -57.773196 15.199513 
5.236000  3.958000 -76.411829 -58.828779 15.436698 
5.585000  3.937000 -75.008129 -60.983178 15.591998 
0.000000  3.979000 -78.813206 -57.791141 17.452900 
0.349100  4.000000 -80.436072 -55.857075 18.433425 
1.047000  4.000000 -79.850901 -55.180245 19.491612 
1.396000  3.979000 -77.751638 -56.480758 19.442700 
2.094000  3.979000 -76.861116 -55.448106 19.210348 
2.443000  4.000000 -78.127875 -53.280688 19.059247 
3.142000  4.000000 -77.795919 -52.943565 17.766110 
3.491000  3.979000 -76.238983 -54.818965 16.785560 
4.189000  3.979000 -76.803699 -55.508159 15.729894 
4.538000  4.000000 -78.880429 -54.225125 15.778955 
5.236000  4.000000 -79.796506 -55.239255 16.015663 
5.585000  3.979000 -78.486425 -57.448078 16.171224 
0.000000  4.021000 -82.151296 -54.104008 18.033839 
0.349100  4.042000 -83.689126 -52.106981 19.014548 
1.047000  4.042000 -83.072910 -51.458620 20.073143 
1.396000  4.021000 -81.030458 -52.846761 20.024144 
2.094000  4.021000 -80.094961 -51.856030 19.791512 
2.443000  4.042000 -81.266974 -49.638962 19.638628 
3.142000  4.042000 -80.921069 -49.315441 18.344941 
3.491000  4.021000 -79.446397 -51.251435 17.365157 
4.189000  4.021000 -80.043490 -51.913078 16.309334 
4.538000  4.042000 -82.065095 -50.543729 16.358398 
5.236000  4.042000 -83.024993 -51.514829 16.594628 
5.585000  4.021000 -81.810689 -53.774188 16.750450 
0.000000  4.063000 -85.329018 -50.284142 18.614778 
0.349100  4.084000 -86.779228 -48.227685 19.595671 
1.047000  4.084000 -86.133201 -47.608771 20.654674 
1.396000  4.063000 -84.151187 -49.081917 20.605589 
2.094000  4.063000 -83.172572 -48.134644 20.372676 
2.443000  4.084000 -84.247906 -45.871827 20.218009 
3.142000  4.084000 -83.888707 -45.562428 18.923772 
3.491000  4.063000 -82.498790 -47.555599 17.944755 
4.189000  4.063000 -83.127047 -48.188687 16.888773 
4.538000  4.084000 -85.089933 -46.735607 16.937841 
5.236000  4.084000 -86.091761 -47.662179 17.173593 
5.585000  4.063000 -84.975229 -49.968100 17.329675 
0.000000  4.105000 -88.340940 -46.338395 19.195718 
0.349100  4.126000 -89.701098 -44.226142 20.176794 
1.047000  4.126000 -89.026532 -43.637601 21.236205 
1.396000  4.105000 -87.108471 -45.192979 21.187033 
2.094000  4.105000 -86.088658 -44.290622 20.953840 
2.443000  4.126000 -87.065543 -41.986034 20.797391 
3.142000  4.126000 -86.693730 -41.691250 19.502602 
3.491000  4.105000 -85.390912 -43.738079 18.524353 
4.189000  4.105000 -86.049080 -44.341660 17.468213 
4.538000  4.126000 -87.949762 -42.807580 17.517284 
5.236000  4.126000 -88.991569 -43.688209 17.752558 
5.585000  4.105000 -87.974636 -46.036636 17.908901 
0.000000  4.147000 -91.181921 -42.273837 19.776657 
0.349100  4.168000 -92.449751 -40.109525 20.757917 
1.047000  4.168000 -91.747956 -39.552226 21.817736 
1.396000  4.147000 -89.897243 -41.186918 21.768477 
2.094000  4.147000 -88.838212 -40.330853 21.535004 
2.443000  4.168000 -89.715048 -37.988544 21.376772 
3.142000  4.168000 -89.331318 -37.708839 20.081433 
3.491000  4.147000 -88.117796 -39.805711 19.103950 
4.189000  4.147000 -88.804581 -40.378887 18.047653 
4.538000  4.168000 -90.639692 -38.766684 18.096726 
5.236000  4.168000 -91.719472 -39.600034 18.331523 
5.585000  4.147000 -90.803791 -41.986841 18.488126 
0.000000  4.189000 -93.846818 -38.097389 20.356636 
0.349100  4.210000 -94.989833 -35.850745 21.241000 
1.047000  4.210000 -94.261519 -35.331498 22.300758 
1.396000  4.189000 -92.512407 -37.070662 22.348948 
2.094000  4.189000 -91.416168 -36.262236 22.115193 
2.443000  4.210000 -92.156723 -33.868890 21.859508 
3.142000  4.210000 -91.761911 -33.605508 20.565397 
3.491000  4.189000 -90.674421 -35.765350 19.682604 
4.189000  4.189000 -91.388498 -36.307215 18.626151 
4.538000  4.210000 -93.121302 -34.591662 18.581088 
5.236000  4.210000 -94.239089 -35.370679 18.816041 
5.585000  4.189000 -93.457564 -37.825610 19.066411 
0.000000  4.231000 -96.270150 -33.744724 20.745540 
0.349100  4.252000 -97.317587 -31.458050 21.627985 
1.047000  4.252000 -96.563509 -30.983488 22.687222 
1.396000  4.231000 -94.884485 -32.801570 22.735616 
2.094000  4.231000 -93.748211 -32.053218 22.501354 
2.443000  4.252000 -94.387029 -29.634762 22.247513 
3.142000  4.252000 -93.981981 -29.388900 20.956374 
3.491000  4.231000 -92.988480 -31.587587 20.073442 
4.189000  4.231000 -93.729096 -32.085073 19.017217 
4.538000  4.252000 -95.390978 -30.290499 18.972252 
5.236000  4.252000 -96.546716 -31.008331 19.207980 
5.585000  4.231000 -95.869593 -33.489850 19.457525 
0.000000  4.273000 -98.508966 -29.295674 21.134443 
0.349100  4.294000 -99.459036 -26.972960 22.014970 
1.047000  4.294000 -98.680603 -26.543782 23.073686 
1.396000  4.273000 -97.074669 -28.437460 23.122284 
2.094000  4.273000 -95.900497 -27.750299 22.887515 
2.443000  4.294000 -96.436499 -25.310951 22.635517 
3.142000  4.294000 -96.021967 -25.082983 21.347350 
3.491000  4.273000 -95.124178 -27.316652 20.464280 
4.189000  4.273000 -95.889937 -27.769029 19.408284 
4.538000  4.294000 -97.477920 -25.898711 19.363416 
5.236000  4.294000 -98.669448 -26.554287 19.599920 
5.585000  4.273000 -98.097850 -29.058092 19.848639 
0.000000  4.314000 -100.512782 -24.867075 21.514087 
0.349100  4.335000 -101.366238 -22.513099 22.392741 
1.047000  4.335000 -100.565416 -22.128842 23.450949 
1.396000  4.314000 -99.033590 -24.092994 23.499746 
2.094000  4.314000 -97.824527 -23.466557 23.264482 
2.443000  4.335000 -98.259290 -21.010924 23.014283 
3.142000  4.335000 -97.836238 -20.800752 21.729017 
3.491000  4.314000 -97.033389 -23.064779 20.845813 
4.189000  4.314000 -97.822318 -23.472475 19.790039 
4.538000  4.335000 -99.335423 -21.531493 19.745266 
5.236000  4.335000 -100.559765 -22.125350 19.982528 
5.585000  4.314000 -100.092087 -24.646719 20.230441 
0.000000  4.356000 -102.375857 -20.250729 21.902990 
0.349100  4.377000 -103.128909 -17.868805 22.779727 
1.047000  4.377000 -102.306597 -17.531137 23.837413 
1.396000  4.356000 -100.853369 -19.563966 23.886415 
2.094000  4.356000 -99.610760 -19.000656 23.650643 
2.443000  4.377000 -99.941100 -16.532583 23.402287 
3.142000  4.377000 -99.510091 -16.340946 22.119994 
3.491000  4.356000 -98.805876 -18.632128 21.236651 
4.189000  4.356000 -99.617107 -18.993451 20.181105 
4.538000  4.377000 -101.050843 -16.983552 20.136430 
5.236000  4.377000 -102.306585 -17.513308 20.374468 
5.585000  4.356000 -101.946114 -20.048338 20.621554 
0.000000  4.398000 -104.043839 -15.561753 22.291894 
0.349100  4.419000 -104.695209 -13.156065 23.166712 
1.047000  4.419000 -103.852894 -12.865504 24.223877 
1.396000  4.398000 -102.480828 -14.963339 24.273083 
2.094000  4.398000 -101.206932 -14.463998 24.036805 
2.443000  4.419000 -101.432304 -11.987805 23.790291 
3.142000  4.419000 -100.994130 -11.814979 22.510970 
3.491000  4.398000 -100.389777 -14.129270 21.627489 
4.189000  4.398000 -101.221835 -14.443669 20.572172 
4.538000  4.419000 -102.573656 -12.368477 20.527594 
5.236000  4.419000 -103.858521 -12.833337 20.766408 
5.585000  4.398000 -103.605833 -15.377620 21.012668 
0.000000  4.440000 -105.513852 -10.808402 22.680797 
0.349100  4.461000 -106.020850 -8.370084 23.437967 
1.047000  4.461000 -105.162000 -8.130566 24.495072 
1.396000  4.440000 -103.913128 -10.299251 24.659752 
2.094000  4.440000 -102.610238 -9.864625 24.422966 
2.443000  4.461000 -102.696153 -7.384964 24.061815 
3.142000  4.461000 -102.251158 -7.232575 22.782551 
3.491000  4.440000 -101.782310 -9.564183 22.018327 
4.189000  4.440000 -102.633699 -9.831173 20.963238 
4.538000  4.461000 -103.862430 -7.689019 20.799290 
5.236000  4.461000 -105.171324 -8.083087 21.038355 
5.585000  4.440000 -105.068379 -10.642786 21.403782 
0.000000  4.482000 -106.658251 -5.957336 22.716245 
0.349100  4.503000 -107.018868 -3.492622 23.358030 
1.047000  4.503000 -106.150966 -3.315102 24.416474 
1.396000  4.482000 -105.035988 -5.559762 24.698259 
2.094000  4.482000 -103.716383 -5.206967 24.461775 
2.443000  4.503000 -103.660929 -2.732861 23.979867 
3.142000  4.503000 -103.208540 -2.605311 22.691815 
3.491000  4.482000 -102.874673 -4.947136 22.048453 
4.189000  4.482000 -103.737071 -5.155746 20.993916 
4.538000  4.503000 -104.835958 -2.942456 20.708451 
5.236000  4.503000 -106.158090 -3.249355 20.946173 
5.585000  4.482000 -106.205529 -5.815154 21.434626 
0.000000  4.524000 -107.557794 -1.044670 22.632523 
0.349100  4.545000 -107.813471 1.428067 23.278092 
1.047000  4.545000 -106.938055 1.543262 24.337877 
1.396000  4.524000 -105.921364 -0.766602 24.619382 
2.094000  4.524000 -104.590748 -0.501741 24.383473 
2.443000  4.545000 -104.428262 1.961200 23.897920 
3.142000  4.545000 -103.969297 2.063737 22.601080 
3.491000  4.524000 -103.735263 -0.284871 21.956964 
4.189000  4.524000 -104.604844 -0.431185 20.903086 
4.538000  4.545000 -105.609968 1.846506 20.617611 
5.236000  4.545000 -106.942979 1.627277 20.853992 
5.585000  4.524000 -107.098440 -0.927694 21.344005 
0.000000  4.566000 -108.252847 3.906982 22.548802 
0.349100  4.587000 -108.403023 6.383403 23.198155 
1.047000  4.587000 -107.521645 6.436011 24.259279 
1.396000  4.566000 -106.605154 4.064989 24.540505 
2.094000  4.566000 -105.265895 4.241465 24.305170 
2.443000  4.587000 -104.996563 6.688892 23.815973 
3.142000  4.587000 -104.531850 6.766274 22.510345 
3.491000  4.566000 -104.398183 4.415080 21.865475 
4.189000  4.566000 -105.273400 4.331357 20.812257 
4.538000  4.587000 -106.182856 6.669451 20.526771 
5.236000  4.587000 -107.524370 6.538295 20.761810 
5.585000  4.566000 -107.787684 3.998595 21.253383 
0.000000  4.608000 -108.741953 8.889000 22.465080 
0.349100  4.629000 -108.786251 11.364747 23.118218 
1.047000  4.629000 -107.900470 11.354571 24.180681 
1.396000  4.608000 -107.085923 8.926515 24.461629 
2.094000  4.608000 -105.740406 9.014254 24.226868 
2.443000  4.629000 -105.364596 11.441827 23.734026 
3.142000  4.629000 -104.894966 11.493951 22.419609 
3.491000  4.608000 -104.862024 9.144384 21.773986 
4.189000  4.608000 -105.741321 9.123481 20.721427 
4.538000  4.629000 -106.553373 11.517905 20.435932 
5.236000  4.629000 -107.900997 11.475123 20.669629 
5.585000  4.608000 -108.271809 8.955127 21.162762 
0.000000  4.650000 -109.024019 13.892709 22.381359 
0.349100  4.671000 -108.962244 16.363412 23.038281 
1.047000  4.671000 -108.073629 16.290320 24.102083 
1.396000  4.650000 -107.362592 13.809425 24.382752 
2.094000  4.650000 -106.013216 13.808176 24.148566 
2.443000  4.671000 -105.531477 16.211576 23.652079 
3.142000  4.671000 -105.057766 16.238371 22.328874 
3.491000  4.650000 -105.125729 13.894656 21.682497 
4.189000  4.650000 -106.007540 13.936737 20.630598 
4.538000  4.671000 -106.720625 16.383348 20.345092 
5.236000  4.671000 -108.071958 16.429141 20.577447 
5.585000  4.650000 -108.549727 13.933264 21.072140 
0.000000  4.691000 -109.098965 18.789868 22.299630 
0.349100  4.712000 -108.933630 21.251427 22.960247 
1.047000  4.712000 -108.043765 21.116856 24.025357 
1.396000  4.691000 -107.435117 18.588482 24.305753 
2.094000  4.691000 -106.084295 18.500218 24.072128 
2.443000  4.712000 -105.499852 20.875880 23.572083 
3.142000  4.712000 -105.022965 20.877916 22.240299 
3.491000  4.691000 -105.189436 18.543993 21.593186 
4.189000  4.691000 -106.072186 18.647653 20.541931 
4.538000  4.712000 -106.687320 21.141154 20.256416 
5.236000  4.712000 -108.039949 21.273509 20.487461 
5.585000  4.691000 -108.621431 18.805409 20.983676 
0.000000  4.733000 -108.901580 23.787795 21.828900 
0.349100  4.754000 -108.567424 26.214978 22.092401 
1.047000  4.754000 -107.688295 26.022313 23.157179 
1.396000  4.733000 -107.247167 23.469836 23.836097 
2.094000  4.733000 -105.902286 23.292595 23.602791 
2.443000  4.754000 -105.167499 25.614951 22.707828 
3.142000  4.754000 -104.694571 25.586296 21.384735 
3.491000  4.733000 -105.007389 23.287435 21.123414 
4.189000  4.733000 -105.885446 23.451912 20.071801 
4.538000  4.754000 -106.338464 25.962074 19.399831 
5.236000  4.754000 -107.678251 26.183085 19.631975 
5.585000  4.733000 -108.424508 23.775232 20.513212 
0.000000  4.775000 -108.424971 28.757557 20.956553 
0.349100  4.796000 -107.992212 31.169469 21.217190 
1.047000  4.796000 -107.125488 30.918821 22.281620 
1.396000  4.775000 -106.792281 28.327726 22.960911 
2.094000  4.775000 -105.460984 28.061777 22.727658 
2.443000  4.796000 -104.632528 30.345262 21.836261 
3.142000  4.796000 -104.164457 30.285900 20.522020 
3.491000  4.775000 -104.573806 28.002364 20.261080 
4.189000  4.775000 -105.441342 28.225243 19.208053 
4.538000  4.796000 -105.784753 30.774014 18.536087 
5.236000  4.796000 -107.109180 31.083580 18.769353 
5.585000  4.775000 -107.952266 28.714354 19.648569 
0.000000  4.817000 -107.740596 33.714293 20.084206 
0.349100  4.838000 -107.209769 36.106593 20.341979 
1.047000  4.838000 -106.357019 35.798094 21.406061 
1.396000  4.817000 -106.132582 33.172776 22.085725 
2.094000  4.817000 -104.817275 32.818269 21.852525 
2.443000  4.838000 -103.896408 35.058715 20.964693 
3.142000  4.838000 -103.434031 34.968716 19.659305 
3.491000  4.817000 -103.939387 32.704703 19.398747 
4.189000  4.817000 -104.794831 32.985884 18.344305 
4.538000  4.838000 -105.027782 35.568919 17.672344 
5.236000  4.838000 -106.334446 35.966839 17.906732 
5.585000  4.817000 -107.273094 33.640503 18.783925 
0.000000  4.859000 -106.849186 38.649292 19.211859 
0.349100  4.880000 -106.221007 41.017665 19.466768 
1.047000  4.880000 -105.383791 40.651510 20.530502 
1.396000  4.859000 -105.268787 37.996397 21.210539 
2.094000  4.859000 -103.971869 37.553585 20.977393 
2.443000  4.880000 -102.960027 39.746879 20.093125 
3.142000  4.880000 -102.504174 39.626349 18.796591 
3.491000  4.859000 -103.104837 37.386028 18.536413 
4.189000  4.859000 -103.946623 37.725348 17.480557 
4.538000  4.880000 -104.068445 40.338271 16.808601 
5.236000  4.880000 -105.354955 40.824243 17.044110 
5.585000  4.859000 -106.387719 38.545001 17.919281 
0.000000  4.901000 -105.751836 43.553879 18.339512 
0.349100  4.922000 -105.027202 45.894043 18.591557 
1.047000  4.922000 -104.207071 45.470497 19.654943 
1.396000  4.901000 -104.201978 42.790038 20.335353 
2.094000  4.901000 -102.925833 42.259273 20.102260 
2.443000  4.922000 -101.824621 44.401369 19.221557 
3.142000  4.922000 -101.376119 44.250448 17.933876 
3.491000  4.901000 -102.071215 42.037957 17.674080 
4.189000  4.901000 -102.897786 42.435185 16.616809 
4.538000  4.922000 -102.907994 45.073594 15.944857 
5.236000  4.922000 -104.171972 45.647216 16.181489 
5.585000  4.901000 -105.297233 43.419211 17.054638 
0.000000  4.943000 -104.450004 48.419435 17.467164 
0.349100  4.964000 -103.629991 50.727149 17.716346 
1.047000  4.964000 -102.828484 50.246538 18.779384 
1.396000  4.943000 -102.933592 47.545203 19.460167 
2.094000  4.943000 -101.680589 46.926936 19.227127 
2.443000  4.964000 -100.491780 49.013858 18.349989 
3.142000  4.964000 -100.051450 48.832719 17.071162 
3.491000  4.943000 -100.839931 46.652155 16.811746 
4.189000  4.943000 -101.649742 47.106997 15.753061 
4.538000  4.964000 -101.548034 49.766475 15.081114 
5.236000  4.964000 -102.787123 50.427244 15.318867 
5.585000  4.943000 -104.003089 48.254546 16.189994 
0.000000  4.985000 -102.948541 53.212581 16.467688 
0.349100  5.006000 -102.038948 55.439325 16.469905 
1.047000  5.006000 -101.262312 54.916215 17.532274 
1.396000  4.985000 -101.472065 52.238211 18.458525 
2.094000  4.985000 -100.247503 51.539059 18.225384 
2.443000  5.006000 -98.991808 53.554230 17.101761 
3.142000  5.006000 -98.562395 53.346474 15.821282 
3.491000  4.985000 -99.422949 51.212643 15.817642 
4.189000  4.985000 -100.212493 51.719775 14.758022 
4.538000  5.006000 -100.010638 54.361472 13.831007 
5.236000  5.006000 -101.214069 55.091218 14.068762 
5.585000  4.985000 -102.510792 53.018914 15.194732 
0.000000  5.027000 -101.255334 57.878062 15.101499 
0.349100  5.047000 -100.296131 59.959697 15.137082 
1.047000  5.047000 -99.546704 59.399969 16.198699 
1.396000  5.027000 -99.832057 56.831976 17.092114 
2.094000  5.027000 -98.646778 56.070085 16.858422 
2.443000  5.047000 -97.350030 57.923378 15.765497 
3.142000  5.047000 -96.932654 57.690932 14.480122 
3.491000  5.027000 -97.841607 55.696693 14.443438 
4.189000  5.027000 -98.603677 56.241379 13.384265 
4.538000  5.047000 -98.327788 58.775462 12.489876 
5.236000  5.047000 -99.491548 59.566375 12.727281 
5.585000  5.027000 -100.829475 57.659449 13.822693 
0.000000  5.068000 -99.411479 62.370388 13.767838 
0.349100  5.089000 -98.316743 64.522776 13.771752 
1.047000  5.089000 -97.596656 63.926048 14.832598 
1.396000  5.068000 -98.042847 61.255175 15.758236 
2.094000  5.068000 -96.898126 60.432758 15.524007 
2.443000  5.089000 -95.479842 62.333527 14.396641 
3.142000  5.089000 -95.075577 62.076062 13.106251 
3.491000  5.068000 -96.113321 60.013978 13.101952 
4.189000  5.068000 -96.847127 60.594853 12.043216 
4.538000  5.089000 -96.413548 63.230859 11.116035 
5.236000  5.089000 -97.534420 64.083648 11.353081 
5.585000  5.068000 -98.997995 62.127672 12.483321 
0.000000  5.110000 -97.329850 66.900602 12.401649 
0.349100  5.131000 -96.143971 69.009375 12.406422 
1.047000  5.131000 -95.454689 68.376225 13.466496 
1.396000  5.110000 -96.019934 65.715595 14.391824 
2.094000  5.110000 -94.918994 64.832005 14.157046 
2.443000  5.131000 -93.421947 66.669441 13.027785 
3.142000  5.131000 -93.031574 66.387264 11.732380 
3.491000  5.110000 -94.156509 64.367273 11.727747 
4.189000  5.110000 -94.859904 64.984679 10.669458 
4.538000  5.131000 -94.309631 67.611240 9.742193 
5.236000  5.131000 -95.385372 68.525020 9.978881 
5.585000  5.110000 -96.929817 66.633484 11.111281 
0.000000  5.152000 -95.056287 71.350208 11.035460 
0.349100  5.173000 -93.781198 73.411440 11.041091 
1.047000  5.173000 -93.124157 72.742508 12.100395 
1.396000  5.152000 -93.807814 70.096551 13.025412 
2.094000  5.152000 -92.752878 69.152723 12.790084 
2.443000  5.173000 -91.179628 70.923303 11.658929 
3.142000  5.173000 -90.803914 70.616756 10.358509 
3.491000  5.152000 -92.014164 68.642648 10.353543 
4.189000  5.152000 -92.685698 69.295974 9.295701 
4.538000  5.173000 -92.019352 71.908708 8.368352 
5.236000  5.173000 -93.047761 72.882498 8.604681 
5.585000  5.152000 -94.670479 71.059013 9.739242 
0.000000  5.194000 -92.594345 75.711218 9.669271 
0.349100  5.215000 -91.232141 77.721070 9.675761 
1.047000  5.215000 -90.608750 77.017055 10.734294 
1.396000  5.194000 -91.409990 74.390170 11.659000 
2.094000  5.194000 -90.403239 73.387129 11.423123 
2.443000  5.215000 -88.756494 75.087442 10.290073 
3.142000  5.215000 -88.396188 74.756897 8.984637 
3.491000  5.194000 -89.689723 72.832381 8.979338 
4.189000  5.194000 -90.327970 73.520959 7.921944 
4.538000  5.215000 -89.546359 76.115512 6.994510 
5.236000  5.215000 -90.525275 77.148239 7.230481 
5.585000  5.194000 -92.223518 75.396302 8.367202 
0.000000  5.236000 -89.947930 79.975786 8.303025 
0.349100  5.257000 -88.537586 81.905013 8.209490 
1.047000  5.257000 -87.946409 81.171061 9.268006 
1.396000  5.236000 -88.830311 78.588721 10.292532 
2.094000  5.236000 -87.873879 77.527588 10.056104 
2.443000  5.257000 -86.183578 79.147163 8.821503 
3.142000  5.257000 -85.839193 78.796916 7.513745 
3.491000  5.236000 -87.186956 76.928901 7.605078 
4.189000  5.236000 -87.790523 77.651998 6.548131 
4.538000  5.257000 -86.927641 80.212330 5.522864 
5.236000  5.257000 -87.858992 81.294953 5.759272 
5.585000  5.236000 -89.592828 79.637538 6.995107 
0.000000  5.278000 -87.195557 84.083453 6.735275 
0.349100  5.299000 -85.701858 85.955736 6.642393 
1.047000  5.299000 -85.141428 85.197044 7.701646 
1.396000  5.278000 -86.134943 82.649070 8.726142 
2.094000  5.278000 -85.223536 81.545949 8.488580 
2.443000  5.299000 -83.465090 83.095134 7.253332 
3.142000  5.299000 -83.137119 82.729504 5.945943 
3.491000  5.278000 -84.564840 80.916641 6.037138 
4.189000  5.278000 -85.139024 81.665507 4.978841 
4.538000  5.299000 -84.167443 84.191757 3.953524 
5.236000  5.299000 -85.053203 85.315155 4.191166 
5.585000  5.278000 -86.857032 83.729074 5.427348 
0.000000  5.320000 -84.267432 88.079553 5.167526 
0.349100  5.341000 -82.692939 89.891346 5.075296 
1.047000  5.341000 -82.164566 89.108785 6.135286 
1.396000  5.320000 -83.266318 86.599437 7.159752 
2.094000  5.320000 -82.401973 85.455619 6.921057 
2.443000  5.341000 -80.578494 86.931371 5.685161 
3.142000  5.341000 -80.267635 86.550823 4.378141 
3.491000  5.320000 -81.772832 84.796536 4.469198 
4.189000  5.320000 -82.316304 85.570327 3.409552 
4.538000  5.341000 -81.237372 88.058278 2.384185 
5.236000  5.341000 -82.075533 89.221115 2.623061 
5.585000  5.320000 -83.946191 87.709491 3.859589 
0.000000  5.362000 -81.168394 91.956805 3.599777 
0.349100  5.383000 -79.515815 93.704672 3.508198 
1.047000  5.383000 -79.020771 92.899167 4.568926 
1.396000  5.362000 -80.229208 90.432644 5.593363 
2.094000  5.362000 -79.413903 89.249506 5.353533 
2.443000  5.383000 -77.528630 90.648914 4.116991 
3.142000  5.383000 -77.235563 90.253940 2.810339 
3.491000  5.362000 -78.815611 88.561546 2.901258 
4.189000  5.362000 -79.327079 89.359364 1.840263 
4.538000  5.383000 -78.142319 91.804858 0.814845 
5.236000  5.383000 -78.930930 93.005717 1.054955 
5.585000  5.362000 -80.865124 91.571539 2.291830 
0.000000  5.404000 -77.903583 95.708139 2.032028 
0.349100  5.424000 -76.257144 97.302597 1.978413 
1.047000  5.424000 -75.795826 96.475638 3.039860 
1.396000  5.404000 -77.028680 94.141721 4.026973 
2.094000  5.404000 -76.264335 92.920721 3.786010 
2.443000  5.424000 -74.398805 94.156995 2.586157 
3.142000  5.424000 -74.123738 93.748441 1.279865 
3.491000  5.404000 -75.698146 92.204837 1.333318 
4.189000  5.404000 -76.176356 93.025729 0.270974 
4.538000  5.424000 -74.966777 95.340013 -0.717129 
5.236000  5.424000 -75.705197 96.576546 -0.475815 
5.585000  5.404000 -77.618951 95.308174 0.724071 
0.000000  5.445000 -74.561804 99.242141 0.501606 
0.349100  5.466000 -72.763424 100.854034 0.411316 
1.047000  5.466000 -72.337831 100.006112 1.473500 
1.396000  5.445000 -73.751852 97.636291 2.497878 
2.094000  5.445000 -73.039044 96.379814 2.255808 
2.443000  5.466000 -71.041639 97.620336 1.017987 
3.142000  5.466000 -70.785639 97.198412 -0.287937 
3.491000  5.445000 -72.505364 95.637638 -0.197290 
4.189000  5.445000 -72.949938 96.480088 -1.260951 
4.538000  5.466000 -71.561194 98.829722 -2.286469 
5.236000  5.466000 -72.246395 100.101240 -2.043921 
5.585000  5.445000 -74.295989 98.828344 -0.806361 
0.000000  5.487000 -70.985644 102.724716 -1.066144 
0.349100  5.508000 -69.134620 104.250007 -1.143999 
1.047000  5.508000 -68.743836 103.383639 -0.080890 
1.396000  5.487000 -70.244397 101.080427 0.931489 
2.094000  5.487000 -69.586156 99.789200 0.688285 
2.443000  5.508000 -67.547116 100.939714 -0.538147 
3.142000  5.508000 -67.309755 100.505896 -1.844230 
3.491000  5.487000 -69.086933 99.021133 -1.765230 
4.189000  5.487000 -69.495895 99.884625 -2.830240 
4.538000  5.508000 -68.019065 102.171264 -3.844324 
5.236000  5.508000 -68.651795 103.473542 -3.600613 
5.585000  5.487000 -70.739720 102.297302 -2.374120 
0.000000  5.529000 -67.312743 106.020897 -2.598443 
0.349100  5.550000 -65.411831 107.456470 -2.662642 
1.047000  5.550000 -65.050535 106.577261 -1.598024 
1.396000  5.529000 -66.631247 104.350673 -0.598428 
2.094000  5.529000 -66.021714 103.035928 -0.842294 
2.443000  5.550000 -63.941946 104.096734 -2.056816 
3.142000  5.550000 -63.720577 103.654428 -3.364700 
3.491000  5.529000 -65.553113 102.247597 -3.298376 
4.189000  5.529000 -65.930393 103.125496 -4.364440 
4.538000  5.550000 -64.372141 105.340369 -5.366434 
5.236000  5.550000 -64.958516 106.663664 -5.121782 
5.585000  5.529000 -67.083537 105.584235 -3.906758 
0.000000  5.571000 -63.515292 109.151259 -4.118491 
0.349100  5.592000 -61.549867 110.508411 -4.181285 
1.047000  5.592000 -61.219113 109.617531 -3.115158 
1.396000  5.571000 -62.891746 107.460862 -2.115739 
2.094000  5.571000 -62.329952 106.127655 -2.360104 
2.443000  5.592000 -60.201689 107.103768 -3.575484 
3.142000  5.592000 -59.996873 106.653597 -4.885171 
3.491000  5.571000 -61.891336 105.321772 -4.819498 
4.189000  5.571000 -62.237603 106.211016 -5.886512 
4.538000  5.592000 -60.588711 108.357913 -6.888544 
5.236000  5.592000 -61.127117 109.700433 -6.642950 
5.585000  5.571000 -63.302073 108.707267 -5.427258 
0.000000  5.613000 -59.581802 112.124048 -5.638539 
0.349100  5.634000 -57.555341 113.400123 -5.699929 
1.047000  5.634000 -57.256131 112.498783 -4.632292 
1.396000  5.613000 -59.018138 110.415715 -3.633051 
2.094000  5.613000 -58.505658 109.065871 -3.877914 
2.443000  5.634000 -56.332760 109.955275 -5.094153 
3.142000  5.634000 -56.145031 109.497885 -6.405642 
3.491000  5.613000 -58.098056 108.243627 -6.340620 
4.189000  5.613000 -58.412282 109.143026 -7.408585 
4.538000  5.634000 -56.675257 111.218297 -8.410654 
5.236000  5.634000 -57.164159 112.578185 -8.164119 
5.585000  5.613000 -59.385118 111.673359 -6.947757 
0.000000  5.655000 -55.519008 114.933689 -7.158587 
0.349100  5.676000 -53.435097 116.126180 -7.218572 
1.047000  5.676000 -53.168383 115.215634 -6.149425 
1.396000  5.655000 -55.017064 113.209738 -5.150363 
2.094000  5.655000 -54.555396 111.845147 -5.395724 
2.443000  5.676000 -52.341804 112.645992 -6.612822 
3.142000  5.676000 -52.171668 112.182051 -7.926112 
3.491000  5.655000 -54.179786 111.007777 -7.861742 
4.189000  5.655000 -54.460993 111.916097 -8.930657 
4.538000  5.676000 -52.638495 113.916202 -9.932764 
5.236000  5.676000 -53.076433 115.291537 -9.685287 
5.585000  5.655000 -55.339379 114.476961 -8.468257 
0.000000  5.697000 -51.333876 117.574898 -8.678635 
0.349100  5.718000 -49.196201 118.681451 -8.737215 
1.047000  5.718000 -48.962880 117.762990 -7.666559 
1.396000  5.697000 -50.895388 115.837722 -6.667674 
2.094000  5.697000 -50.485950 114.460334 -6.913534 
2.443000  5.718000 -48.235678 115.170935 -8.131490 
3.142000  5.718000 -48.083615 114.701131 -9.446583 
3.491000  5.697000 -50.143257 113.609111 -9.382864 
4.189000  5.697000 -50.390520 114.525079 -10.452730 
4.538000  5.718000 -48.485354 116.446592 -11.454874 
5.236000  5.718000 -48.870954 117.835395 -11.206456 
5.585000  5.697000 -51.171795 117.112808 -9.988757 
0.000000  5.739000 -47.033586 120.042688 -10.198684 
0.349100  5.760000 -44.847020 121.061676 -10.252207 
1.047000  5.760000 -44.647735 120.136696 -9.180075 
1.396000  5.739000 -46.660190 118.294749 -8.184986 
2.094000  5.739000 -46.304314 116.906572 -8.431344 
2.443000  5.760000 -44.021860 117.526082 -9.646516 
3.142000  5.760000 -43.888285 117.051132 -10.963369 
3.491000  5.739000 -45.995409 116.042809 -10.903985 
4.189000  5.739000 -46.207858 116.965113 -11.974802 
4.538000  5.760000 -44.223782 118.805329 -12.973286 
5.236000  5.760000 -44.556000 120.205509 -12.723939 
5.585000  5.739000 -46.889514 119.575933 -11.509257 
0.000000  5.781000 -42.685340 122.360496 -11.527794 
0.349100  5.801000 -40.608302 123.267704 -11.372165 
1.047000  5.801000 -40.423375 122.344214 -10.301944 
1.396000  5.781000 -42.356959 120.608820 -9.514592 
2.094000  5.781000 -42.042451 119.212837 -9.761330 
2.443000  5.801000 -39.851691 119.721968 -10.767353 
3.142000  5.801000 -39.733302 119.243577 -12.081899 
3.491000  5.781000 -41.766675 118.338417 -12.233626 
4.189000  5.781000 -41.954807 119.263503 -13.305090 
4.538000  5.801000 -40.045042 120.996436 -14.092027 
5.236000  5.801000 -40.348336 122.400376 -13.843018 
5.585000  5.781000 -42.558285 121.889435 -12.838762 
0.000000  5.822000 -38.400056 124.473538 -12.646058 
0.349100  5.843000 -36.170977 125.345452 -12.519440 
1.047000  5.843000 -36.001477 124.424866 -11.451176 
1.396000  5.822000 -38.096712 122.724931 -10.636373 
2.094000  5.822000 -37.811089 121.324230 -10.883370 
2.443000  5.843000 -35.487381 121.794672 -11.915528 
3.142000  5.843000 -35.384932 121.313489 -13.227709 
3.491000  5.822000 -37.567001 120.441241 -13.351896 
4.189000  5.822000 -37.741283 121.365640 -14.423709 
4.538000  5.843000 -35.670981 123.062388 -15.238054 
5.236000  5.843000 -35.943541 124.468068 -14.989393 
5.585000  5.822000 -38.288663 123.998643 -13.957356 
0.000000  5.864000 -33.918778 126.453880 -13.791596 
0.349100  5.885000 -31.645039 127.235066 -13.666715 
1.047000  5.885000 -31.491638 126.318807 -12.600407 
1.396000  5.864000 -33.642380 124.711035 -11.785514 
2.094000  5.864000 -33.387407 123.307634 -12.032777 
2.443000  5.885000 -31.037061 123.684764 -13.063703 
3.142000  5.885000 -30.950908 123.201549 -14.373520 
3.491000  5.864000 -33.176471 122.417262 -14.497440 
4.189000  5.864000 -33.335873 123.339564 -15.569610 
4.538000  5.885000 -31.210006 124.943812 -16.384082 
5.236000  5.885000 -31.450805 126.349051 -16.135767 
5.585000  5.864000 -33.823796 125.975801 -15.103233 
0.000000  5.906000 -29.352770 128.244073 -14.937134 
0.349100  5.927000 -27.038466 128.932992 -14.813990 
1.047000  5.927000 -26.901774 128.022510 -13.749638 
1.396000  5.906000 -29.104522 126.509690 -12.934655 
2.094000  5.906000 -28.881179 125.105792 -13.182184 
2.443000  5.927000 -26.508472 125.388796 -14.211878 
3.142000  5.927000 -26.438942 124.904321 -15.519330 
3.491000  5.906000 -28.704037 124.209473 -15.642985 
4.189000  5.906000 -28.847918 125.128241 -16.715512 
4.538000  5.927000 -26.669941 126.637220 -17.530109 
5.236000  5.927000 -26.878045 128.039796 -17.282141 
5.585000  5.906000 -29.274541 127.763574 -16.249110 
0.000000  5.948000 -24.710091 129.840727 -16.082672 
0.349100  5.969000 -22.359378 130.436013 -15.961264 
1.047000  5.969000 -22.239943 129.532783 -14.898870 
1.396000  5.948000 -24.491082 128.117555 -14.083796 
2.094000  5.948000 -24.300258 126.715400 -14.331592 
2.443000  5.969000 -21.909497 126.903644 -15.360053 
3.142000  5.969000 -21.856882 126.418695 -16.665141 
3.491000  5.948000 -24.157489 125.814600 -16.788530 
4.189000  5.948000 -24.285270 126.728370 -17.861414  
4.538000  5.969000 -22.058751 128.139458 -18.676136 
5.236000  5.969000 -22.233318 129.537112 -18.428516 
5.585000  5.948000 -24.648922 129.358585 -17.394987 
0.000000  5.990000 -19.998934 131.240792 -17.228211 
0.349100  6.011000 -17.616023 131.741257 -17.108539 
1.047000  6.011000 -17.514331 130.846775 -16.048101 
1.396000  5.990000 -19.810137 129.531623 -15.232938 
2.094000  5.990000 -19.652625 128.133489 -15.480999 
2.443000  6.011000 -17.248141 128.226520 -16.508228 
3.142000  6.011000 -17.212699 127.741894 -17.810952 
3.491000  5.990000 -19.544747 127.229695 -17.934075 
4.189000  5.990000 -19.655909 128.136980 -19.007316 
4.538000  6.011000 -17.384524 129.447708 -19.822164 
5.236000  6.011000 -17.524810 130.838146 -19.574890 
5.585000  5.990000 -19.955102 130.757800 -18.540864 
0.000000  6.032000 -15.248081 132.500616 -18.169755 
0.349100  6.053000 -12.875193 133.018139 -17.646644 
1.047000  6.053000 -12.781644 132.121841 -16.585835 
1.396000  6.032000 -15.084054 130.801532 -16.176807 
2.094000  6.032000 -14.955951 129.406534 -16.425168 
2.443000  6.053000 -12.555534 129.498171 -17.045682 
3.142000  6.053000 -12.532677 129.013167 -18.346277 
3.491000  6.032000 -14.880795 128.500937 -18.874752 
4.189000  6.032000 -14.977990 129.403874 -19.948490 
4.538000  6.053000 -12.692183 130.720717 -20.358256 
5.236000  6.053000 -12.811550 132.113474 -20.110324 
5.585000  6.032000 -15.220059 132.017462 -19.481968 
0.000000  6.074000 -10.506007 133.733411 -18.508081 
0.349100  6.095000 -8.106111 134.149035 -17.984622 
1.047000  6.095000 -8.017771 133.248486 -16.922677 
1.396000  6.074000 -10.348867 132.027317 -16.513680 
2.094000  6.074000 -10.237173 130.628349 -16.762439 
2.443000  6.095000 -7.824432 130.620337 -17.382499 
3.142000  6.095000 -7.812770 130.135274 -18.681043 
3.491000  6.074000 -10.187369 129.721544 -19.209628 
4.189000  6.074000 -10.279387 130.629379 -20.284276 
4.538000  6.095000 -7.965367 131.848098 -20.693970 
5.236000  6.095000 -8.067868 133.244723 -20.445049 
5.585000  6.074000 -10.488773 133.250574 -19.817548 
0.000000  6.116000 -5.720703 134.762570 -18.846407 
0.349100  6.137000 -3.298126 135.075645 -18.322599 
1.047000  6.137000 -3.215289 134.172389 -17.259519 
1.396000  6.116000 -5.571063 133.052360 -16.850553 
2.094000  6.116000 -5.476279 131.651779 -17.099711 
2.443000  6.137000 -3.055568 131.544214 -17.719317 
3.142000  6.137000 -3.055258 131.059916 -19.015810 
3.491000  6.116000 -5.452155 130.745307 -19.544503 
4.189000  6.116000 -5.538669 131.656500 -20.620062 
4.538000  6.137000 -3.200392 132.775107 -21.029683 
5.236000  6.137000 -3.285576 134.173232 -20.779774 
5.585000  6.116000 -5.714432 134.280870 -20.153128 
0.000000  6.158000 -0.900758 135.586459 -19.184733 
0.349100  6.178000 1.424669 135.781753 -18.652529 
1.047000  6.178000 1.501913 134.877355 -17.588340 
1.396000  6.158000 -0.759110 133.875048 -17.187426 
2.094000  6.158000 -0.681638 132.475232 -17.436982 
2.443000  6.178000 1.628177 132.253479 -18.048114 
3.142000  6.178000 1.617288 131.770727 -19.342605 
3.491000  6.158000 -0.683454 131.570645 -19.879378 
4.189000  6.158000 -0.764202 132.483644 -20.955848 
4.538000  6.178000 1.479854 133.485407 -21.357404 
5.236000  6.178000 1.411915 134.882695 -21.106530 
5.585000  6.158000 -0.905589 135.106721 -20.488708 
0.000000  6.199000 3.829565 136.191513 -19.515003 
0.349100  6.220000 6.284160 136.300728 -18.990507 
1.047000  6.220000 6.355511 135.396708 -17.925182 
1.396000  6.199000 3.963054 134.481759 -17.516278 
2.094000  6.199000 4.023336 133.084996 -17.766224 
2.443000  6.220000 6.447034 132.781687 -18.384931 
3.142000  6.220000 6.424585 132.301344 -19.677371 
3.491000  6.199000 3.996005 132.183757 -20.206280 
4.189000  6.199000 3.921076 133.097013 -21.283639 
4.538000  6.220000 6.295347 134.012592 -21.693117 
5.236000  6.220000 6.245322 135.406654 -21.441255 
5.585000  6.199000 3.813795 135.714491 -20.816298 
0.000000  6.241000 8.692489 136.606351 -19.853329 
0.349100  6.262000 11.156782 136.612162 -19.328484 
1.047000  6.262000 11.222140 135.710088 -18.262024 
1.396000  6.241000 8.817376 134.901206 -17.853151 
2.094000  6.241000 8.859848 133.509946 -18.103495 
2.443000  6.262000 11.278636 133.108445 -18.721748 
3.142000  6.262000 11.244576 132.631347 -20.012137 
3.491000  6.241000 8.806251 132.613686 -20.541156 
4.189000  6.241000 8.737413 133.525655 -21.619426 
4.538000  6.262000 11.123719 134.336211 -22.028831 
5.236000  6.262000 11.091760 135.724641 -21.775980 
5.585000  6.241000 8.665445 136.132937 -21.151878