    118.4100       0.2717      -0.4039
    118.2600       2.7409       0.2947
    117.3700       2.7237       1.3580
    116.7300       0.2740       1.5947
    115.3600       0.2745       1.3539
    114.8000       2.6711       0.9056
    114.3200       2.6605      -0.4002
    114.4700       0.2729      -1.0984
    115.3600       0.2717      -2.1617
    116.0000       2.6930      -2.3983
    117.3700       2.7209      -2.1570
    117.9300       0.2710      -1.7083
    118.3100       5.2141      -0.3951
    118.0600       7.6750       0.3036
    117.1700       7.6207       1.3668
    116.6300       5.1468       1.6035
    115.2600       5.0905       1.3628
    114.6000       7.4615       0.9144
    114.1300       7.4312      -0.3916
    114.3700       5.0519      -1.0899
    115.2600       5.0878      -2.1531
    115.8000       7.5334      -2.3897
    117.1700       7.6180      -2.1484
    117.8300       5.1937      -1.6996
    118.0000      10.1480      -0.3863
    117.6500      12.5940       0.3124
    116.7600      12.5020       1.3756
    116.3300      10.0110       1.6124
    114.9700       9.8981       1.3716
    114.2000      12.2370       0.9231
    113.7300      12.1870      -0.3830
    114.0800       9.8225      -1.0813
    114.9700       9.8954      -2.1445
    115.4000      12.3590      -2.3811
    116.7600      12.5000      -2.1398
    117.5300      10.1080      -1.6910
    117.4900      15.0680      -0.3775
    117.0300      17.4940       0.3212
    116.1500      17.3660       1.3844
    115.8200      14.8620       1.6212
    114.4700      14.6920       1.3804
    113.6100      16.9950       0.9318
    113.1400      16.9260      -0.3745
    113.5800      14.5800      -1.0727
    114.4700      14.6900      -2.1359
    114.8000      17.1660      -2.3725
    116.1500      17.3640      -2.1312
    117.0200      15.0080      -1.6823
    116.7700      19.9590      -0.3687
    116.2100      22.3650       0.3300
    115.3400      22.2000       1.3933
    115.1100      19.6840       1.6300
    113.7600      19.4590       1.3892
    112.8100      21.7240       0.9406
    112.3400      21.6350      -0.3659
    112.8800      19.3100      -1.0642
    113.7600      19.4560      -2.1273
    113.9900      21.9440      -2.3639
    115.3400      22.1980      -2.1226
    116.3000      19.8800      -1.6737
    115.8500      24.8050      -0.3599
    115.1900      27.1960       0.3389
    114.3200      26.9950       1.4021
    114.2100      24.4610       1.6388
    112.8700      24.1800       1.3980
    111.8200      26.4150       0.9493
    111.3500      26.3070      -0.3573
    111.9900      23.9950      -1.0556
    112.8700      24.1780      -2.1187
    112.9900      26.6840      -2.3553
    114.3200      26.9930      -2.1141
    115.3800      24.7070      -1.6651
    114.7200      29.6190      -0.3511
    113.9600      31.9810       0.3490
    113.1000      31.7440       1.4123
    113.1000      29.2080       1.6476
    111.7700      28.8710       1.4068
    110.6300      31.0600       0.9594
    110.1700      30.9330      -0.3473
    110.9100      28.6500      -1.0471
    111.7700      28.8690      -2.1101
    111.7900      31.3780      -2.3453
    113.1000      31.7420      -2.1040
    114.2600      29.5010      -1.6564
    113.4000      34.3820      -0.3383
    112.5400      36.7110       0.3632
    111.6900      36.4380       1.4265
    111.7900      33.9030       1.6605
    110.4800      33.5120       1.4197
    109.2400      35.6500       0.9738
    108.7900      35.5040      -0.3329
    109.6200      33.2550      -1.0341
    110.4800      33.5100      -2.0972
    110.3900      36.0170      -2.3309
    111.6900      36.4360      -2.0896
    112.9400      34.2460      -1.6435
    111.8700      39.0860      -0.3241
    110.9200      41.3650       0.3774
    110.0800      41.0570       1.4406
    110.2800      38.5400       1.6747
    108.9900      38.0940       1.4340
    107.6700      40.1680       0.9880
    107.2300      40.0030      -0.3185
    108.1500      37.8020      -1.0197
    108.9900      38.0920      -2.0828
    108.8000      40.5830      -2.3165
    110.0800      41.0550      -2.0753
    111.4200      38.9310      -1.6292
    110.1500      43.7210      -0.3099
    109.1000      45.9590       0.3916
    108.2800      45.6160       1.4548
    108.5900      43.1100       1.6889
    107.3100      42.6100       1.4482
    105.9100      44.6270       1.0024
    105.4700      44.4440      -0.3041
    106.4800      42.2830      -1.0053
    107.3100      42.6080      -2.0684
    107.0200      45.0880      -2.3021
    108.2800      45.6150      -2.0609
    109.7100      43.5470      -1.6149
    108.2300      48.2810      -0.2957
    107.1000      50.4720       0.4058
    106.2900      50.0950       1.4691
    106.7000      47.6040       1.7031
    105.4500      47.0510       1.4624
    103.9600      49.0080       1.0167
    103.5300      48.8070      -0.2897
    104.6300      46.6900      -0.9909
    105.4500      47.0500      -2.0540
    105.0500      49.5160      -2.2877
    106.2900      50.0940      -2.0465
    107.8000      48.0890      -1.6006
    106.1300      52.7560      -0.2814
    104.9000      54.8980       0.4200
    104.1100      54.4870       1.4833
    104.6300      52.0150       1.7173
    103.4000      51.4110       1.4767
    101.8300      53.3030       1.0310
    101.4100      53.0840      -0.2753
    102.6000      51.0160      -0.9765
    103.4000      51.4100      -2.0396
    102.9000      53.8560      -2.2733
    104.1100      54.4860      -2.0321
    105.7000      52.5460      -1.5863
    103.8400      57.1390      -0.2672
    102.5200      59.2270       0.4342
    101.7500      58.7830       1.4975
    102.3700      56.3360       1.7315
    101.1700      55.6810       1.4909
     99.5210      57.5060       1.0453
     99.1090      57.2690      -0.2609
    100.3900      55.2520      -0.9621
    101.1700      55.6800      -2.0252
    100.5600      58.1030      -2.2589
    101.7500      58.7830      -2.0178
    103.4200      56.9110      -1.5719
    101.3700      61.4110      -0.2538
     99.9650      63.4530       0.4469
     99.2110      62.9770       1.5102
     99.9380      60.5470       1.7450
     98.7660      59.8430       1.5044
     97.0370      61.6070       1.0580
     96.6350      61.3530      -0.2482
     98.0020      59.3820      -0.9486
     98.7660      59.8420      -2.0117
     98.0540      62.2480      -2.2462
     99.2110      62.9770      -2.0051
    100.9700      61.1670      -1.5585
     98.7260      65.5870      -0.2410
     97.2320      67.5680       0.4596
     96.4980      67.0610       1.5229
     97.3260      64.6640       1.7577
     96.1850      63.9110       1.5171
     94.3840      65.6010       1.0707
     93.9930      65.3300      -0.2355
     95.4400      63.4180      -0.9359
     96.1850      63.9100      -1.9990
     95.3730      66.2840      -2.2335
     96.4980      67.0610      -1.9924
     98.3290      65.3260      -1.5458
     95.9040      69.6480      -0.2283
     94.3280      71.5650       0.4724
     93.6160      71.0270       1.5357
     94.5440      68.6670       1.7704
     93.4360      67.8660       1.5298
     91.5660      69.4800       1.0834
     91.1860      69.1930      -0.2228
     92.7130      67.3440      -0.9232
     93.4360      67.8660      -1.9863
     92.5250      70.2040      -2.2208
     93.6160      71.0270      -1.9797
     95.5190      69.3700      -1.5330
     92.9140      73.5880      -0.2155
     91.2600      75.4360       0.4851
     90.5710      74.8700       1.5484
     91.5970      72.5500       1.7832
     90.5240      71.7040       1.5425
     88.5870      73.2370       1.0960
     88.2200      72.9350      -0.2102
     89.8230      71.1510      -0.9105
     90.5240      71.7040      -1.9736
     89.5160      74.0010      -2.2081
     90.5710      74.8690      -1.9670
     92.5410      73.2940      -1.5203
     89.7630      77.3980      -0.2028
     88.0400      79.1670       0.4978
     87.3760      78.5720       1.5611
     88.4900      76.3060       1.7959
     87.4530      75.4160       1.5552
     85.4620      76.8580       1.1087
     85.1080      76.5410      -0.1975
     86.7760      74.8340      -0.8978
     87.4530      75.4160      -1.9609
     86.3570      77.6600      -2.1954
     87.3760      78.5720      -1.9543
     89.4020      77.0890      -1.5076
     86.4540      81.0740      -0.1900
     84.6590      82.7690       0.5106
     84.0200      82.1460       1.5738
     85.2290      79.9290       1.8086
     84.2300      78.9960       1.5679
     82.1800      80.3530       1.1214
     81.8390      80.0220      -0.1848
     83.5770      78.3860      -0.8851
     84.2300      78.9960      -1.9482
     83.0410      81.1920      -2.1827
     84.0200      82.1460      -1.9416
     86.1070      80.7500      -1.4949
     82.9940      84.6070      -0.1778
     81.1300      86.2260       0.5216
     80.5180      85.5770       1.5849
     81.8180      83.4120       1.8208
     80.8590      82.4380       1.5801
     78.7540      83.7080       1.1324
     78.4280      83.3620      -0.1737
     80.2330      81.8010      -0.8729
     80.8590      82.4380      -1.9360
     79.5790      84.5830      -2.1716
     80.5170      85.5770      -1.9305
     82.6610      84.2690      -1.4827
     79.3890      87.9920      -0.1673
     77.4590      89.5310       0.5321
     76.8740      88.8570       1.5953
     78.2650      86.7490       1.8313
     77.3470      85.7350       1.5906
     75.1910      86.9160       1.1430
     74.8790      86.5570      -0.1632
     76.7480      85.0730      -0.8623
     77.3470      85.7350      -1.9254
     75.9780      87.8250      -2.1610
     76.8740      88.8570      -1.9199
     79.0710      87.6400      -1.4722
     75.6550      91.2160      -0.1568
     73.6520      92.6810       0.5426
     73.0970      91.9830       1.6058
     74.5830      89.9270       1.8417
     73.7090      88.8760       1.6011
     71.4960      89.9730       1.1535
     71.2000      89.6010      -0.1526
     73.1380      88.1890      -0.8518
     73.7090      88.8760      -1.9149
     72.2450      90.9130      -2.1505
     73.0970      91.9820      -1.9093
     75.3510      90.8510      -1.4616
     71.7800      94.2880      -0.1463
     69.7170      95.6670       0.5531
     69.1920      94.9470       1.6163
     70.7630      92.9550       1.8522
     69.9340      91.8680       1.6116
     67.6770      92.8720       1.1641
     67.3970      92.4880      -0.1420
     69.3930      91.1580      -0.8412
     69.9340      91.8680      -1.9043
     68.3860      93.8430      -2.1399
     69.1910      94.9470      -1.8987
     71.4910      93.9110      -1.4511
     67.7790      97.1950      -0.1358
     65.6610      98.4870       0.5636
     65.1660      97.7450       1.6268
     66.8190      95.8210       1.8627
     66.0370      94.7000       1.6221
     63.7400      95.6080       1.1746
     63.4760      95.2130      -0.1315
     65.5250      93.9680      -0.8307
     66.0360      94.7000      -1.8937
     64.4070      96.6080      -2.1293
     65.1660      97.7450      -1.8882
     67.5070      96.8060      -1.4405
     63.6900      99.9130      -0.1254
     61.5200     101.1200       0.5740
     61.0560     100.3500       1.6372
     62.7880      98.5000       1.8731
     62.0530      97.3480       1.6325
     59.7210      98.1590       1.1851
     59.4730      97.7530      -0.1210
     61.5730      96.5950      -0.8202
     62.0530      97.3470      -1.8832
     60.3450      99.1860      -2.1188
     61.0560     100.3500      -1.8777
     63.4350      99.5130      -1.4300
     59.4510     102.4800      -0.1149
     57.2320     103.5900       0.5833
     56.8010     102.8100       1.6465
     58.6090     101.0300       1.8836
     57.9230      99.8500       1.6431
     55.5590     100.5600       1.1944
     55.3290     100.1500      -0.1116
     57.4750      99.0780      -0.8096
     57.9230      99.8500      -1.8726
     56.1400     101.6200      -2.1094
     56.8010     102.8100      -1.8683
     59.2120     102.0700      -1.4194
     55.1070     104.8700      -0.1068
     52.8440     105.8900       0.5914
     52.4460     105.0900       1.6546
     54.3280     103.3900       1.8917
     53.6920     102.1800       1.6512
     51.3000     102.7900       1.2025
     51.0870     102.3700      -0.1036
     53.2770     101.3900      -0.8015
     53.6920     102.1800      -1.8645
     51.8360     103.8700      -2.1014
     52.4460     105.0900      -1.8603
     54.8870     104.4500      -1.4114
     50.6680     107.0800      -0.0987
     48.3640     108.0000       0.5996
     48.0000     107.1800       1.6627
     49.9510     105.5600       1.8999
     49.3670     104.3300       1.6593
     46.9510     104.8400       1.2106
     46.7570     104.4000      -0.0955
     48.9850     103.5200      -0.7935
     49.3670     104.3300      -1.8565
     47.4420     105.9300      -2.0933
     48.0000     107.1800      -1.8522
     50.4650     106.6500      -1.4033
     46.1390     109.0900      -0.0906
     43.7990     109.9200       0.6077
     43.4690     109.0900       1.6709
     45.4870     107.5500       1.9080
     44.9550     106.2900       1.6674
     42.5200     106.7000       1.2187
     42.3440     106.2600      -0.0874
     44.6080     105.4700      -0.7854
     44.9550     106.2900      -1.8484
     42.9650     107.8200      -2.0853
     43.4700     109.0900      -1.8442
     45.9550     108.6600      -1.3952
     41.5310     110.9200      -0.0825
     39.1580     111.6400       0.6158
     38.8630     110.8000       1.6790
     40.9430     109.3500       1.9161
     40.4650     108.0700       1.6755
     38.0150     108.3700       1.2268
     37.8580     107.9300      -0.0793
     40.1530     107.2300      -0.7773
     40.4660     108.0700      -1.8404
     38.4120     109.5100      -2.0772
     38.8640     110.8000      -1.8361
     41.3640     110.4700      -1.3871
     36.8490     112.5500      -0.0744
     34.4480     113.1700       0.6239
     34.1890     112.3200       1.6871
     36.3280     110.9500       1.9242
     35.9040     109.6500       1.6836
     33.4430     109.8600       1.2349
     33.3060     109.4000      -0.0712
     35.6280     108.8100      -0.7693
     35.9050     109.6500      -1.8323
     33.7930     111.0100      -2.0692
     34.1900     112.3200      -1.8280
     36.7020     112.1000      -1.3791
     32.1030     113.9800      -0.0662
     29.7920     114.4700       0.6315
     29.5690     113.6100       1.6947
     31.6500     112.3700       1.9323
     31.2810     111.0500       1.6917
     28.9250     111.1200       1.2425
     28.8060     110.6600      -0.0637
     31.0410     110.1900      -0.7612
     31.2820     111.0500      -1.8243
     29.2270     112.2800      -2.0616
     29.5690     113.6100      -1.8205
     31.9750     113.5200      -1.3710
     27.4170     115.1800      -0.0593
     24.9720     115.6100       0.6383
     24.7850     114.7300       1.7015
     27.0300     113.5500       1.9393
     26.7150     112.2200       1.6987
     24.2460     112.2200       1.2493
     24.1460     111.7600      -0.0569
     26.5100     111.3500      -0.7543
     26.7160     112.2200      -1.8173
     24.4990     113.4000      -2.0548
     24.7850     114.7300      -1.8137
     27.3070     114.7200      -1.3640
     22.5680     116.2200      -0.0525
     20.1080     116.5400       0.6451
     19.9580     115.6600       1.7083
     22.2510     114.5700       1.9461
     21.9920     113.2300       1.7055
     19.5250     113.1300       1.2560
     19.4450     112.6600      -0.0501
     21.8240     112.3500      -0.7475
     21.9930     113.2300      -1.8106
     19.7280     114.3100      -2.0480
     19.9590     115.6600      -1.8069
     22.4790     115.7500      -1.3572
     17.6810     117.0500      -0.0458
     15.2100     117.2600       0.6519
     15.0970     116.3800       1.7151
     17.4330     115.3900       1.9529
     17.2310     114.0400       1.7122
     14.7710     113.8300       1.2628
     14.7110     113.3600      -0.0433
     17.1000     113.1500      -0.7407
     17.2320     114.0400      -1.8038
     14.9240     115.0200      -2.0413
     15.0970     116.3800      -1.8001
     17.6110     116.5800      -1.3504
     12.7640     117.6700      -0.0390
     10.2860     117.7800       0.6587
     10.2100     116.8900       1.7219
     12.5860     116.0000       1.9597
     12.4410     114.6400       1.7190
      9.9911     114.3300       1.2696
      9.9507     113.8600      -0.0365
     12.3470     113.7600      -0.7339
     12.4410     114.6400      -1.7970
     10.0940     115.5300      -2.0345
     10.2100     116.8900      -1.7932
     12.7130     117.2000      -1.3436
      7.8242     118.0900      -0.0322
      5.3436     118.0900       0.6654
      5.3051     117.2000       1.7287
      7.7164     116.4100       1.9665
      7.6288     115.0500       1.7258
      5.1944     114.6400       1.2764
      5.1740     114.1600      -0.0297
      7.5720     114.1600      -0.7271
      7.6293     115.0500      -1.7902
      5.2467     115.8400      -2.0277
      5.3056     117.2000      -1.7864
      7.7939     117.6100      -1.3368
      2.8718     118.2900      -0.0254
      0.3931     118.2000       0.6722
      0.3920     117.3100       1.7355
      2.8344     116.6200       1.9733
      2.8042     115.2500       1.7326
      0.3894     114.7400       1.2832
      0.3889     114.2600      -0.0229
      2.7849     114.3600      -0.7203
      2.8047     115.2500      -1.7834
      0.3910     115.9400      -2.0209
      0.3925     117.3100      -1.7796
      2.8614     117.8200      -1.3300
     -2.0851     118.2900      -0.0197
     -4.5574     118.0900       0.6769
     -4.5208     117.2000       1.7402
     -2.0518     116.6200       1.9790
     -2.0245     115.2500       1.7383
     -4.4154     114.6300       1.2879
     -4.3960     114.1600      -0.0183
     -2.0064     114.3600      -0.7146
     -2.0242     115.2500      -1.7776
     -4.4647     115.8400      -2.0162
     -4.5207     117.2000      -1.7750
     -2.0755     117.8200      -1.3243
     -7.0375     118.0800      -0.0149
     -9.4992     117.7800       0.6817
     -9.4250     116.8900       1.7449
     -6.9335     116.4100       1.9837
     -6.8487     115.0500       1.7430
     -9.2117     114.3300       1.2925
     -9.1724     113.8600      -0.0136
     -6.7934     114.1500      -0.7099
     -6.8488     115.0500      -1.7729
     -9.3118     115.5300      -2.0115
     -9.4252     116.8900      -1.7703
     -7.0081     117.6100      -1.3196
    -11.9770     117.6700      -0.0102
    -14.3060     117.2700       0.6863
    -14.1960     116.3900       1.7495
    -11.8020     116.0000       1.9884
    -11.6600     114.6400       1.7477
    -13.8780     113.8400       1.2971
    -13.8190     113.3700      -0.0091
    -11.5680     113.7500      -0.7052
    -11.6610     114.6400      -1.7682
    -14.0270     115.0300      -2.0069
    -14.1960     116.3900      -1.7657
    -11.9280     117.1900      -1.3149
    -16.7770     117.0600      -0.0055
    -19.2050     116.5500       0.6910
    -19.0570     115.6700       1.7542
    -16.5340     115.4000       1.9930
    -16.3370     114.0500       1.7523
    -18.6320     113.1400       1.3018
    -18.5540     112.6700      -0.0044
    -16.2080     113.1600      -0.7007
    -16.3370     114.0500      -1.7636
    -18.8320     114.3200      -2.0022
    -19.0580     115.6700      -1.7610
    -16.7090     116.5900      -1.3103
    -21.6650     116.2300      -0.0008
    -24.0690     115.6200       0.6958
    -23.8840     114.7500       1.7588
    -21.3520     114.5900       1.9977
    -21.0980     113.2400       1.7570
    -23.3530     112.2400       1.3065
    -23.2550     111.7700       0.0002
    -20.9320     112.3700      -0.6960
    -21.0990     113.2400      -1.7589
    -23.6030     113.4100      -1.9975
    -23.8860     114.7500      -1.7564
    -21.5770     115.7700      -1.3056
    -26.5140     115.2000       0.0040
    -28.8900     114.4900       0.7005
    -28.6690     113.6300       1.7635
    -26.1320     113.5700       2.0023
    -25.8210     112.2400       1.7617
    -28.0320     111.1400       1.3112
    -27.9150     110.6800       0.0049
    -25.6190     111.3700      -0.6913
    -25.8230     112.2400      -1.7542
    -28.3320     112.3000      -1.9928
    -28.6700     113.6300      -1.7517
    -26.4060     114.7400      -1.3009
    -31.3150     113.9700       0.0081
    -33.6590     113.1600       0.7033
    -33.4010     112.3100       1.7663
    -30.8640     112.3600       2.0064
    -30.4980     111.0400       1.7658
    -32.6600     109.8500       1.3140
    -32.5240     109.3900       0.0078
    -30.2600     110.1800      -0.6873
    -30.4990     111.0400      -1.7502
    -33.0090     111.0000      -1.9899
    -33.4030     112.3000      -1.7488
    -31.1880     113.5100      -1.2968
    -36.0590     112.5300       0.0102
    -38.3660     111.6300       0.7054
    -38.0730     110.7800       1.7685
    -35.5400     110.9400       2.0086
    -35.1190     109.6400       1.7679
    -37.2290     108.3600       1.3162
    -37.0740     107.9100       0.0100
    -34.8450     108.7900      -0.6850
    -35.1210     109.6400      -1.7479
    -37.6260     109.4900      -1.9877
    -38.0750     110.7800      -1.7466
    -35.9130     112.0800      -1.2946
    -40.7380     110.9000       0.0123
    -43.0060     109.8900       0.7075
    -42.6770     109.0700       1.7706
    -40.1530     109.3300       2.0107
    -39.6770     108.0500       1.7701
    -41.7320     106.6800       1.3184
    -41.5580     106.2300       0.0123
    -39.3680     107.2100      -0.6827
    -39.6800     108.0500      -1.7457
    -42.1770     107.7900      -1.9855
    -42.6790     109.0600      -1.7443
    -40.5740     110.4500      -1.2924
    -45.3450     109.0700       0.0144
    -47.5680     107.9700       0.7096
    -47.2050     107.1600       1.7728
    -44.6940     107.5200       2.0129
    -44.1650     106.2600       1.7723
    -46.1600     104.8100       1.3206
    -45.9680     104.3700       0.0145
    -43.8210     105.4400      -0.6805
    -44.1680     106.2600      -1.7435
    -46.6520     105.9100      -1.9832
    -47.2080     107.1500      -1.7421
    -45.1620     108.6300      -1.2902
    -49.8710     107.0500       0.0165
    -52.0460     105.8600       0.7118
    -51.6490     105.0600       1.7750
    -49.1560     105.5300       2.0151
    -48.5740     104.2900       1.7745
    -50.5070     102.7600       1.3228
    -50.2960     102.3300       0.0168
    -48.1960     103.4900      -0.6782
    -48.5770     104.2900      -1.7412
    -51.0440     103.8300      -1.9810
    -51.6520     105.0600      -1.7399
    -49.6700     106.6200      -1.2880
    -54.3090     104.8400       0.0186
    -56.3290     103.6100       0.7138
    -55.8980     102.8300       1.7771
    -53.5300     103.3500       2.0172
    -52.8960     102.1400       1.7766
    -54.6630     100.5800       1.3249
    -54.4350     100.1600       0.0190
    -52.4850     101.3500      -0.6760
    -52.9000     102.1400      -1.7390
    -55.2450     101.6300      -1.9788
    -55.9020     102.8300      -1.7377
    -54.0900     104.4200      -1.2858
    -58.5480     102.5000       0.0207
    -60.6150     101.1300       0.7153
    -60.1530     100.3700       1.7785
    -57.7080     101.0500       2.0193
    -57.0250      99.8670       1.7788
    -58.8230      98.1740       1.3264
    -58.5790      97.7660       0.0205
    -56.5820      99.0920      -0.6738
    -57.0290      99.8640      -1.7368
    -59.4490      99.2000      -1.9773
    -60.1560     100.3700      -1.7362
    -58.3120     102.0900      -1.2837
    -62.7840      99.9310       0.0215
    -64.7930      98.4780       0.7161
    -64.2990      97.7350       1.7793
    -61.8850      98.5160       2.0201
    -61.1530      97.3620       1.7795
    -62.8790      95.5940       1.3272
    -62.6170      95.1970       0.0213
    -60.6780      96.6060      -0.6730
    -61.1570      97.3590      -1.7360
    -63.5470      96.5940      -1.9765
    -64.3020      97.7330      -1.7354
    -62.5320      99.5290      -1.2829
    -66.9100      97.1840       0.0222
    -68.8560      95.6470       0.7168
    -68.3310      94.9260       1.7800
    -65.9520      95.8080       2.0208
    -65.1720      94.6850       1.7803
    -66.8220      92.8470       1.3280
    -66.5440      92.4610       0.0220
    -64.6650      93.9500      -0.6722
    -65.1760      94.6830      -1.7352
    -67.5310      93.8170      -1.9758
    -68.3340      94.9230      -1.7347
    -66.6400      96.7930      -1.2821
    -70.9170      94.2660       0.0230
    -72.7970      92.6490       0.7176
    -72.2420      91.9500       1.7808
    -69.9010      92.9320       2.0216
    -69.0750      91.8420       1.7810
    -70.6470      89.9360       1.3288
    -70.3530      89.5630       0.0228
    -68.5380      91.1290      -0.6715
    -69.0790      91.8390      -1.7345
    -71.3960      90.8760      -1.9750
    -72.2450      91.9470      -1.7339
    -70.6310      93.8860      -1.2814
    -74.7980      91.1820       0.0238
    -76.6080      89.4870       0.7184
    -76.0240      88.8130       1.7815
    -73.7270      89.8910       2.0223
    -72.8560      88.8380       1.7818
    -74.3460      86.8680       1.3295
    -74.0370      86.5070       0.0236
    -72.2900      88.1480      -0.6707
    -72.8600      88.8350      -1.7337
    -75.1350      87.7750      -1.9742
    -76.0270      88.8090      -1.7331
    -74.4960      90.8150      -1.2806
    -78.5460      87.9370       0.0246
    -80.2830      86.1680       0.7191
    -79.6720      85.5190       1.7823
    -77.4220      86.6930       2.0231
    -76.5080      85.6770       1.7826
    -77.9140      83.6460       1.3303
    -77.5900      83.2980       0.0244
    -75.9130      85.0120      -0.6700
    -76.5110      85.6740      -1.7329
    -78.7400      84.5190      -1.9734
    -79.6750      85.5150      -1.7323
    -78.2290      87.5830      -1.2798
    -82.1540      84.5380       0.0253
    -83.8160      82.6980       0.7202
    -83.1780      82.0750       1.7833
    -80.9800      83.3420       2.0238
    -80.0230      82.3660       1.7833
    -81.3430      80.2780       1.3314
    -81.0050      79.9440       0.0254
    -79.4010      81.7260      -0.6692
    -80.0260      82.3620      -1.7321
    -82.2050      81.1150      -1.9724
    -83.1810      82.0710      -1.7313
    -81.8230      84.1980      -1.2791
    -85.6170      80.9920       0.0270
    -87.2010      79.0840       0.7221
    -86.5370      78.4880       1.7852
    -84.3940      79.8460       2.0254
    -83.3970      78.9110       1.7849
    -84.6280      76.7690       1.3332
    -84.2760      76.4500       0.0273
    -82.7480      78.2970      -0.6676
    -83.4000      78.9070      -1.7305
    -85.5240      77.5700      -1.9705
    -86.5400      78.4850      -1.7294
    -85.2720      80.6660      -1.2775
    -88.8520      77.3930       0.0289
    -90.3550      75.4220       0.7239
    -89.6680      74.8540       1.7870
    -87.5820      76.2980       2.0272
    -86.5480      75.4040       1.7868
    -87.6900      73.2140       1.3350
    -87.3250      72.9100       0.0291
    -85.8750      74.8180      -0.6658
    -86.5510      75.4010      -1.7287
    -88.6180      73.9780      -1.9687
    -89.6700      74.8500      -1.7276
    -88.4930      77.0810      -1.2756
    -92.0090      73.5720       0.0308
    -93.4290      71.5390       0.7258
    -92.7180      71.0000       1.7889
    -90.6950      72.5310       2.0291
    -89.6240      71.6810       1.7886
    -90.6730      69.4450       1.3369
    -90.2960      69.1560       0.0310
    -88.9270      71.1240      -0.6639
    -89.6260      71.6780      -1.7268
    -91.6320      70.1700      -1.9668
    -92.7200      70.9970      -1.7258
    -91.6380      73.2760      -1.2738
    -95.0030      69.6220       0.0327
    -96.3360      67.5310       0.7278
    -95.6040      67.0220       1.7908
    -93.6460      68.6370       2.0310
    -92.5410      67.8320       1.7905
    -93.4960      65.5540       1.3388
    -93.1060      65.2810       0.0328
    -91.8210      67.3050      -0.6620
    -92.5430      67.8290      -1.7250
    -94.4840      66.2380      -1.9649
    -95.6060      67.0190      -1.7239
    -94.6200      69.3410      -1.2719
    -97.8290      65.5490       0.0346
    -99.0730      63.4040       0.7297
    -98.3200      62.9260       1.7927
    -96.4320      64.6220       2.0329
    -95.2950      63.8640       1.7924
    -96.1530      61.5480       1.3406
    -95.7520      61.2910       0.0347
    -94.5530      63.3680      -0.6602
    -95.2960      63.8610      -1.7231
    -97.1680      62.1900      -1.9631
    -98.3220      62.9230      -1.7220
    -97.4340      65.2850      -1.2700
   -100.4800      61.3610       0.0365
   -101.6300      59.1650       0.7316
   -100.8600      58.7200       1.7945
    -99.0470      60.4930       2.0348
    -97.8790      59.7840       1.7942
    -98.6390      57.4330       1.3425
    -98.2280      57.1940       0.0366
    -97.1170      59.3190      -0.6583
    -97.8800      59.7810      -1.7212
    -99.6800      58.0320      -1.9612
   -100.8600      58.7170      -1.7202
   -100.0800      61.1140      -1.2681
   -102.9600      57.0660       0.0403
   -104.0200      54.8250       0.7371
   -103.2300      54.4120       1.8002
   -101.4900      56.2590       2.0385
   -100.2900      55.5990       1.7980
   -100.9500      53.2200       1.3481
   -100.5300      52.9980       0.0423
    -99.5090      55.1670      -0.6545
   -100.2900      55.5960      -1.7175
   -102.0200      53.7750      -1.9555
   -103.2300      54.4090      -1.7145
   -102.5400      56.8360      -1.2644
   -105.2500      52.6720       0.0459
   -106.2200      50.3880       0.7427
   -105.4100      50.0080       1.8058
   -103.7500      51.9270       2.0441
   -102.5200      51.3180       1.8036
   -103.0900      48.9130       1.3538
   -102.6600      48.7090       0.0479
   -101.7300      50.9190      -0.6488
   -102.5300      51.3150      -1.7118
   -104.1700      49.4230      -1.9498
   -105.4100      50.0060      -1.7087
   -104.8300      52.4600      -1.2587
   -107.3600      48.1860       0.0514
   -108.2300      45.8630       0.7483
   -107.4000      45.5170       1.8114
   -105.8300      47.5040       2.0497
   -104.5800      46.9470       1.8093
   -105.0400      44.5200       1.3595
   -104.6000      44.3340       0.0536
   -103.7600      46.5810      -0.6431
   -104.5800      46.9440      -1.7061
   -106.1500      44.9840      -1.9441
   -107.4100      45.5150      -1.7030
   -106.9200      47.9910      -1.2530
   -109.2700      43.6150       0.0570
   -110.0500      41.2570       0.7539
   -109.2100      40.9460       1.8170
   -107.7200      42.9970       2.0554
   -106.4500      42.4930       1.8149
   -106.8000      40.0490       1.3651
   -106.3600      39.8820       0.0593
   -105.6200      42.1620      -0.6374
   -106.4500      42.4910      -1.7003
   -107.9300      40.4670      -1.9384
   -109.2100      40.9440      -1.6973
   -108.8300      43.4390      -1.2474
   -110.9600      39.0780       0.0624
   -111.6300      36.6910       0.7593
   -110.7900      36.4150       1.8225
   -109.3800      38.5250       2.0608
   -108.0900      38.0730       1.8204
   -108.3400      35.6160       1.3706
   -107.8900      35.4680       0.0649
   -107.2400      37.7770      -0.6319
   -108.0900      38.0710      -1.6948
   -109.4900      35.9880      -1.9328
   -110.7900      36.4130      -1.6918
   -110.5100      38.9210      -1.2418
   -112.4900      34.3640       0.0680
   -113.0600      31.9510       0.7649
   -112.2100      31.7090       1.8281
   -110.8900      33.8770       2.0664
   -109.5800      33.4790       1.8260
   -109.7300      31.0140       1.3763
   -109.2800      30.8850       0.0706
   -108.7200      33.2190      -0.6262
   -109.5800      33.4780      -1.6891
   -110.8900      31.3380      -1.9271
   -112.2100      31.7080      -1.6861
   -112.0400      34.2250      -1.2362
   -113.8200      29.5890       0.0745
   -114.3000      27.1540       0.7733
   -113.4300      26.9490       1.8364
   -112.2000      29.1700       2.0730
   -110.8800      28.8270       1.8325
   -110.9300      26.3580       1.3847
   -110.4700      26.2480       0.0790
   -110.0100      28.6030      -0.6196
   -110.8800      28.8260      -1.6825
   -112.1000      26.6340      -1.9187
   -113.4300      26.9490      -1.6777
   -113.3600      29.4700      -1.2296
   -114.9600      24.7640       0.0839
   -115.3300      22.3110       0.7827
   -114.4500      22.1420       1.8458
   -113.3200      24.4120       2.0823
   -111.9800      24.1260       1.8419
   -111.9300      21.6560       1.3940
   -111.4600      21.5660       0.0883
   -111.1100      23.9380      -0.6102
   -111.9800      24.1250      -1.6731
   -113.1100      21.8830      -1.9094
   -114.4500      22.1420      -1.6683
   -114.4900      24.6640      -1.2203
   -115.8900      19.8950       0.0933
   -116.1500      17.4280       0.7920
   -115.2700      17.2970       1.8551
   -114.2300      19.6120       2.0916
   -112.8900      19.3820       1.8512
   -112.7300      16.9170       1.4034
   -112.2600      16.8460       0.0977
   -112.0100      19.2310      -0.6009
   -112.8900      19.3810      -1.6638
   -113.9200      17.0940      -1.9000
   -115.2700      17.2970      -1.6590
   -115.4200      19.8150      -1.2109
   -116.6100      14.9910       0.1027
   -116.7700      12.5160       0.8014
   -115.8900      12.4210       1.8644
   -114.9500      14.7780       2.1009
   -113.5900      14.6040       1.8606
   -113.3300      12.1470       1.4127
   -112.8600      12.0970       0.1071
   -112.7100      14.4900      -0.5915
   -113.5900      14.6040      -1.6544
   -114.5300      12.2760      -1.8907
   -115.8900      12.4210      -1.6497
   -116.1400      14.9310      -1.2016
   -117.1300      10.0610       0.1120
   -117.1900       7.5812       0.8107
   -116.3000       7.5233       1.8737
   -115.4600       9.9174       2.1103
   -114.1000       9.8005       1.8699
   -113.7300       7.3572       1.4221
   -113.2600       7.3267       0.1164
   -113.2100       9.7247      -0.5822
   -114.1000       9.8012      -1.6451
   -114.9300       7.4358      -1.8813
   -116.3000       7.5242      -1.6403
   -116.6600      10.0210      -1.1922
   -117.4400       5.1142       0.1214
   -117.3900       2.6336       0.8201
   -116.5000       2.6130       1.8831
   -115.7600       5.0401       2.1196
   -114.4000       4.9803       1.8792
   -113.9300       2.5544       1.4314
   -113.4600       2.5439       0.1258
   -113.5100       4.9421      -0.5728
   -114.4000       4.9814      -1.6357
   -115.1400       2.5831      -1.8719
   -116.5000       2.6143      -1.6310
   -116.9700       5.0937      -1.1829
   -117.5400       0.1584       0.1308
   -117.3900      -2.3185       0.8303
   -116.5000      -2.3019       1.8933
   -115.8700       0.1543       2.1290
   -114.5000       0.1517       1.8886
   -113.9300      -2.2526       1.4417
   -113.4600      -2.2431       0.1360
   -113.6100       0.1512      -0.5634
   -114.5000       0.1532      -1.6263
   -115.1400      -2.2741      -1.8617
   -116.5000      -2.3002      -1.6208
   -117.0700       0.1579      -1.1735
   -117.4400      -4.6801       0.1417
   -117.2000      -7.1489       0.8412
   -116.3100      -7.0958       1.9042
   -115.7700      -4.6157       2.1398
   -114.4000      -4.5622       1.8995
   -113.7400      -6.9412       1.4525
   -113.2700      -6.9121       0.1468
   -113.5100      -4.5260      -0.5526
   -114.4000      -4.5604      -1.6155
   -114.9400      -7.0117      -1.8509
   -116.3100      -7.0939      -1.6099
   -116.9700      -4.6610      -1.1627
   -117.1400      -9.6281       0.1528
   -116.7900     -12.0840       0.8523
   -115.9000     -11.9940       1.9153
   -115.4700      -9.4934       2.1510
   -114.1100      -9.3827       1.9106
   -113.3400     -11.7320       1.4636
   -112.8700     -11.6830       0.1578
   -113.2200      -9.3088      -0.5416
   -114.1100      -9.3806      -1.6044
   -114.5400     -11.8520      -1.8398
   -115.9000     -11.9920      -1.5988
   -116.6700      -9.5890      -1.1516
   -116.6300     -14.5590       0.1638
   -116.1700     -16.9980       0.8635
   -115.2900     -16.8700       1.9265
   -114.9600     -14.3540       2.1621
   -113.6100     -14.1860       1.9217
   -112.7500     -16.5010       1.4747
   -112.2800     -16.4320       0.1689
   -112.7200     -14.0750      -0.5305
   -113.6100     -14.1840      -1.5933
   -113.9400     -16.6720      -1.8287
   -115.2900     -16.8680      -1.5877
   -116.1600     -14.5000      -1.1405
   -115.9100     -19.4630       0.1749
   -115.3500     -21.8810       0.8746
   -114.4700     -21.7170       1.9376
   -114.2500     -19.1890       2.1732
   -112.9100     -18.9640       1.9329
   -111.9500     -21.2410       1.4859
   -111.4800     -21.1520       0.1799
   -112.0300     -18.8160      -0.5195
   -112.9100     -18.9620      -1.5823
   -113.1300     -21.4610      -1.8176
   -114.4700     -21.7140      -1.5767
   -115.4400     -19.3840      -1.1294
   -114.9800     -24.3330       0.1860
   -114.3200     -26.7250       0.8857
   -113.4600     -26.5240       1.9488
   -113.3400     -23.9900       2.1844
   -112.0000     -23.7090       1.9440
   -110.9500     -25.9430       1.4970
   -110.4900     -25.8350       0.1910
   -111.1300     -23.5230      -0.5084
   -112.0000     -23.7060      -1.5712
   -112.1200     -26.2120      -1.8065
   -113.4600     -26.5220      -1.5656
   -114.5200     -24.2350      -1.1183
   -113.8500     -29.1600       0.1971
   -113.1000     -31.5220       0.8966
   -112.2400     -31.2850       1.9596
   -112.2300     -28.7480       2.1955
   -110.9000     -28.4110       1.9551
   -109.7600     -30.5990       1.5078
   -109.3000     -30.4720       0.2017
   -110.0400     -28.1890      -0.4973
   -110.9000     -28.4080      -1.5601
   -110.9200     -30.9170      -1.7957
   -112.2400     -31.2820      -1.5548
   -113.3900     -29.0420      -1.1072
   -112.5200     -33.9350       0.2074
   -111.6700     -36.2640       0.9065
   -110.8200     -35.9910       1.9696
   -110.9200     -33.4560       2.2058
   -109.6100     -33.0630       1.9654
   -108.3700     -35.2020       1.5177
   -107.9200     -35.0550       0.2117
   -108.7500     -32.8050      -0.4871
   -109.6100     -33.0600      -1.5499
   -109.5200     -35.5680      -1.7858
   -110.8200     -35.9880      -1.5448
   -112.0700     -33.7980      -1.0970
   -110.9900     -38.6510       0.2174
   -110.0400     -40.9420       0.9165
   -109.2000     -40.6330       1.9795
   -109.4100     -38.1040       2.2157
   -108.1200     -37.6570       1.9753
   -106.8000     -39.7420       1.5276
   -106.3500     -39.5760       0.2216
   -107.2800     -37.3630      -0.4772
   -108.1200     -37.6540      -1.5400
   -107.9200     -40.1560      -1.7759
   -109.2000     -40.6300      -1.5349
   -110.5500     -38.4950      -1.0870
   -109.2700     -43.2980       0.2274
   -108.2200     -45.5470       0.9264
   -107.4000     -45.2030       1.9895
   -107.7100     -42.6850       2.2256
   -106.4400     -42.1840       1.9852
   -105.0300     -44.2120       1.5375
   -104.5900     -44.0270       0.2316
   -105.6100     -41.8550      -0.4672
   -106.4400     -42.1820      -1.5300
   -106.1400     -44.6730      -1.7660
   -107.4000     -45.2000      -1.5249
   -108.8300     -43.1230      -1.0770
   -107.4000     -47.7600       0.2371
   -106.2600     -49.9640       0.9361
   -105.4500     -49.5870       1.9992
   -105.8600     -47.0840       2.2354
   -104.6100     -46.5320       1.9949
   -103.1200     -48.4990       1.5471
   -102.6900     -48.2970       0.2413
   -103.8000     -46.1690      -0.4575
   -104.6100     -46.5290      -1.5204
   -104.2100     -49.0060      -1.7563
   -105.4500     -49.5840      -1.5152
   -106.9600     -47.5680      -1.0673
   -105.2900     -52.2480       0.2471
   -104.0600     -54.4020       0.9461
   -103.2700     -53.9910       2.0091
   -103.7900     -51.5080       2.2453
   -102.5600     -50.9030       2.0048
   -100.9900     -52.8070       1.5570
   -100.5700     -52.5870       0.2512
   -101.7600     -50.5070      -0.4476
   -102.5600     -50.9010      -1.5104
   -102.0600     -53.3590      -1.7464
   -103.2700     -53.9890      -1.5053
   -104.8700     -52.0370      -1.0574
   -103.0000     -56.6430       0.2571
   -101.6800     -58.7430       0.9561
   -100.9100     -58.3000       2.0190
   -101.5300     -55.8410       2.2552
   -100.3300     -55.1850       2.0147
    -98.6780     -57.0210       1.5670
    -98.2670     -56.7830       0.2612
    -99.5470     -54.7550      -0.4377
   -100.3300     -55.1830      -1.5005
    -99.7220     -57.6170      -1.7365
   -100.9100     -58.2970      -1.4954
   -102.5800     -56.4150      -1.0474
   -100.5300     -60.9380       0.2679
    -99.1180     -62.9810       0.9677
    -98.3640     -62.5050       2.0307
    -99.0900     -60.0750       2.2660
    -97.9190     -59.3690       2.0255
    -96.1910     -61.1340       1.5787
    -95.7900     -60.8790       0.2729
    -97.1550     -58.9070      -0.4268
    -97.9200     -59.3670      -1.4897
    -97.2090     -61.7740      -1.7247
    -98.3640     -62.5030      -1.4836
   -100.1200     -60.6930      -1.0366
    -97.8730     -65.1250       0.2795
    -96.3800     -67.1070       0.9794
    -95.6460     -66.6000       2.0424
    -96.4740     -64.2020       2.2777
    -95.3340     -63.4480       2.0372
    -93.5340     -65.1390       1.5904
    -93.1430     -64.8680       0.2846
    -94.5900     -62.9550      -0.4151
    -95.3350     -63.4460      -1.4780
    -94.5230     -65.8210      -1.7130
    -95.6470     -66.5980      -1.4719
    -97.4770     -64.8630      -1.0249
    -95.0470     -69.1980       0.2912
    -93.4720     -71.1150       0.9910
    -92.7600     -70.5780       2.0540
    -93.6870     -68.2160       2.2894
    -92.5800     -67.4160       2.0489
    -90.7100     -69.0290       1.6022
    -90.3310     -68.7420       0.2964
    -91.8570     -66.8910      -0.4034
    -92.5810     -67.4140      -1.4662
    -91.6700     -69.7520      -1.7013
    -92.7610     -70.5760      -1.4602
    -94.6620     -68.9190      -1.0132
    -92.0510     -73.1470       0.3028
    -90.3980     -74.9970       1.0027
    -89.7090     -74.4300       2.0657
    -90.7350     -72.1100       2.3011
    -89.6620     -71.2630       2.0606
    -87.7260     -72.7970       1.6139
    -87.3600     -72.4940       0.3081
    -88.9620     -70.7090      -0.3916
    -89.6630     -71.2610      -1.4545
    -88.6550     -73.5590      -1.6895
    -89.7100     -74.4280      -1.4485
    -91.6790     -72.8530      -1.0015
    -88.8930     -76.9680       0.3144
    -87.1630     -78.7460       1.0143
    -86.4990     -78.1510       2.0774
    -87.6210     -75.8760       2.3127
    -86.5850     -74.9850       2.0723
    -84.5860     -76.4360       1.6256
    -84.2330     -76.1180       0.3199
    -85.9090     -74.4020      -0.3799
    -86.5860     -74.9830      -1.4428
    -85.4820     -77.2370      -1.6778
    -86.5000     -78.1490      -1.4367
    -88.5340     -76.6580      -0.9898
    -85.5780     -80.6520       0.3261
    -83.7750     -82.3560       1.0260
    -83.1360     -81.7340       2.0890
    -84.3520     -79.5080       2.3244
    -83.3540     -78.5740       2.0840
    -81.2970     -79.9400       1.6374
    -80.9570     -79.6080       0.3316
    -82.7030     -77.9640      -0.3682
    -83.3550     -78.5730      -1.4310
    -82.1580     -80.7780      -1.6660
    -83.1370     -81.7320      -1.4250
    -85.2310     -80.3270      -0.9781
    -82.1940     -84.1110       0.3374
    -80.3220     -85.7400       1.0373
    -79.7100     -85.0920       2.1004
    -81.0170     -82.9180       2.3358
    -80.0580     -81.9440       2.0954
    -77.9460     -83.2240       1.6487
    -77.6200     -82.8790       0.3429
    -79.4320     -81.3080      -0.3568
    -80.0590     -81.9430      -1.4196
    -78.7720     -84.0970      -1.6547
    -79.7110     -85.0900      -1.4137
    -81.8610     -83.7730      -0.9667
    -78.5840     -87.5080       0.3491
    -76.6450     -89.0560       1.0490
    -76.0600     -88.3830       2.1120
    -77.4580     -86.2660       2.3474
    -76.5400     -85.2530       2.1070
    -74.3760     -86.4430       1.6603
    -74.0650     -86.0840       0.3545
    -75.9420     -84.5910      -0.3452
    -76.5410     -85.2520      -1.4080
    -75.1650     -87.3500      -1.6431
    -76.0610     -88.3820      -1.4021
    -78.2650     -87.1560      -0.9551
    -74.8330     -90.7500       0.3607
    -72.8320     -92.2160       1.0606
    -72.2760     -91.5180       2.1237
    -73.7610     -89.4620       2.3590
    -72.8870     -88.4110       2.1186
    -70.6750     -89.5090       1.6719
    -70.3790     -89.1370       0.3661
    -72.3170     -87.7240      -0.3336
    -72.8880     -88.4100      -1.3964
    -71.4250     -90.4480      -1.6315
    -72.2760     -91.5170      -1.3905
    -74.5300     -90.3840      -0.9435
    -70.9510     -93.8310       0.3723
    -68.8890     -95.2120       1.0722
    -68.3630     -94.4920       2.1353
    -69.9330     -92.4990       2.3707
    -69.1040     -91.4130       2.1302
    -66.8480     -92.4170       1.6835
    -66.5680     -92.0330       0.3777
    -68.5630     -90.7020      -0.3220
    -69.1050     -91.4120      -1.3848
    -67.5580     -93.3870      -1.6199
    -68.3640     -94.4910      -1.3789
    -70.6630     -93.4540      -0.9319
    -66.9420     -96.7470       0.3839
    -64.8240     -98.0400       1.0838
    -64.3290     -97.2980       2.1469
    -65.9810     -95.3730       2.3823
    -65.1990     -94.2530       2.1419
    -62.9030     -95.1620       1.6951
    -62.6390     -94.7660       0.3892
    -64.6880     -93.5210      -0.3104
    -65.2000     -94.2520      -1.3732
    -63.5710     -96.1610      -1.6083
    -64.3300     -97.2970      -1.3673
    -66.6700     -96.3580      -0.9203
    -62.8140     -99.4920       0.3955
    -60.6440    -100.6900       1.0954
    -60.1810     -99.9330       2.1586
    -61.9120     -98.0790       2.3939
    -61.1780     -96.9270       2.1535
    -58.8450     -97.7380       1.7066
    -58.5990     -97.3320       0.4008
    -60.6980     -96.1740      -0.2988
    -61.1780     -96.9260      -1.3617
    -59.4710     -98.7640      -1.5968
    -60.1810     -99.9320      -1.3558
    -62.5590     -99.0920      -0.9087
    -58.5750    -102.0600       0.4071
    -56.3560    -103.1700       1.1051
    -55.9250    -102.3900       2.1682
    -57.7340    -100.6100       2.4055
    -57.0480     -99.4290       2.1651
    -54.6830    -100.1400       1.7163
    -54.4540     -99.7250       0.4105
    -56.6010     -98.6570      -0.2872
    -57.0490     -99.4280      -1.3501
    -55.2650    -101.1900      -1.5871
    -55.9260    -102.3900      -1.3461
    -58.3370    -101.6500      -0.8972
    -54.2310    -104.4500       0.4149
    -51.9670    -105.4600       1.1129
    -51.5690    -104.6700       2.1759
    -53.4510    -102.9600       2.4133
    -52.8160    -101.7500       2.1728
    -50.4240    -102.3700       1.7241
    -50.2120    -101.9400       0.4183
    -52.4020    -100.9600      -0.2794
    -52.8170    -101.7500      -1.3423
    -50.9600    -103.4400      -1.5792
    -51.5700    -104.6700      -1.3382
    -54.0100    -104.0300      -0.8893
    -49.7900    -106.6500       0.4227
    -47.4860    -107.5700       1.1206
    -47.1220    -106.7600       2.1837
    -49.0740    -105.1400       2.4210
    -48.4900    -103.9000       2.1805
    -46.0740    -104.4100       1.7318
    -45.8810    -103.9800       0.4261
    -48.1090    -103.0900      -0.2716
    -48.4900    -103.9000      -1.3344
    -46.5650    -105.5100      -1.5714
    -47.1220    -106.7600      -1.3304
    -49.5870    -106.2200      -0.8815
    -45.3690    -108.6200       0.4303
    -43.0290    -109.4500       1.1281
    -42.7000    -108.6200       2.1912
    -44.7160    -107.0800       2.4285
    -44.1840    -105.8200       2.1881
    -41.7490    -106.2300       1.7394
    -41.5740    -105.7900       0.4338
    -43.8370    -105.0000      -0.2640
    -44.1840    -105.8200      -1.3268
    -42.1940    -107.3500      -1.5638
    -42.6990    -108.6200      -1.3227
    -45.1840    -108.1800      -0.8739
    -40.7610    -110.4500       0.4381
    -38.3890    -111.1700       1.1359
    -38.0940    -110.3300       2.1989
    -40.1740    -108.8800       2.4363
    -39.6950    -107.6000       2.1958
    -37.2460    -107.9100       1.7472
    -37.0880    -107.4600       0.4416
    -39.3830    -106.7600      -0.2561
    -39.6950    -107.6000      -1.3190
    -37.6420    -109.0400      -1.5560
    -38.0940    -110.3300      -1.3149
    -40.5950    -110.0000      -0.8661
    -36.0800    -112.0800       0.4458
    -33.6800    -112.7100       1.1436
    -33.4210    -111.8500       2.2067
    -35.5600    -110.4900       2.4440
    -35.1360    -109.1900       2.2035
    -32.6750    -109.3900       1.7549
    -32.5370    -108.9400       0.4494
    -34.8590    -108.3400      -0.2483
    -35.1350    -109.1900      -1.3112
    -33.0240    -110.5400      -1.5481
    -33.4200    -111.8500      -1.3071
    -35.9330    -111.6300      -0.8582
    -31.3350    -113.5100       0.4536
    -28.9100    -114.0400       1.1491
    -28.6880    -113.1700       2.2121
    -30.8830    -111.9000       2.4517
    -30.5140    -110.5800       2.2112
    -28.0470    -110.6900       1.7603
    -27.9280    -110.2300       0.4548
    -30.2720    -109.7200      -0.2405
    -30.5130    -110.5800      -1.3033
    -28.3460    -111.8500      -1.5427
    -28.6870    -113.1700      -1.3016
    -31.2060    -113.0600      -0.8504
    -26.5330    -114.7500       0.4543
    -24.0880    -115.1700       1.1475
    -23.9030    -114.2900       2.2105
    -26.1500    -113.1100       2.4525
    -25.8370    -111.7800       2.2120
    -23.3680    -111.7800       1.7587
    -23.2680    -111.3200       0.4530
    -25.6320    -110.9100      -0.2399
    -25.8360    -111.7800      -1.3027
    -23.6170    -112.9600      -1.5445
    -23.9010    -114.2900      -1.3035
    -26.4240    -114.2800      -0.8498
    -21.6830    -115.7700       0.4527
    -19.2230    -116.0900       1.1459
    -19.0750    -115.2100       2.2090
    -21.3700    -114.1300       2.4509
    -21.1140    -112.7800       2.2105
    -18.6470    -112.6800       1.7571
    -18.5670    -112.2100       0.4512
    -20.9450    -111.9100      -0.2417
    -21.1120    -112.7800      -1.3045
    -18.8460    -113.8600      -1.5463
    -19.0730    -115.2100      -1.3053
    -21.5930    -115.3100      -0.8516
    -16.7940    -116.6000       0.4510
    -14.3230    -116.8100       1.1443
    -14.2130    -115.9200       2.2074
    -16.5510    -114.9400       2.4494
    -16.3520    -113.5900       2.2089
    -13.8930    -113.3800       1.7554
    -13.8330    -112.9000       0.4494
    -16.2210    -112.7000      -0.2436
    -16.3500    -113.5900      -1.3064
    -14.0400    -114.5700      -1.5482
    -14.2100    -115.9200      -1.3071
    -16.7240    -116.1300      -0.8534
    -11.8750    -117.2100       0.4493
     -9.3970    -117.3200       1.1427
     -9.3244    -116.4300       2.2058
    -11.7030    -115.5500       2.4478
    -11.5620    -114.1900       2.2073
     -9.1130    -113.8700       1.7538
     -9.0731    -113.4000       0.4476
    -11.4680    -113.3000      -0.2454
    -11.5590    -114.1900      -1.3082
     -9.2096    -115.0700      -1.5500
     -9.3220    -116.4300      -1.3090
    -11.8250    -116.7400      -0.8552
     -6.9339    -117.6200       0.4476
     -4.4538    -117.6300       1.1411
     -4.4191    -116.7400       2.2042
     -6.8332    -115.9500       2.4462
     -6.7497    -114.5900       2.2058
     -4.3165    -114.1700       1.7522
     -4.2967    -113.7000       0.4458
     -6.6934    -113.7000      -0.2472
     -6.7471    -114.5900      -1.3100
     -4.3618    -115.3700      -1.5518
     -4.4163    -116.7400      -1.3108
     -6.9041    -117.1500      -0.8571
     -2.0981    -117.8200       0.4460
      0.3801    -117.7300       1.1395
      0.3777    -116.8400       2.2027
     -2.0669    -116.1500       2.4447
     -2.0401    -114.7800       2.2042
      0.3739    -114.2700       1.7506
      0.3741    -113.7900       0.4440
     -2.0205    -113.8900      -0.2490
     -2.0371    -114.7800      -1.3118
      0.3787    -115.4700      -1.5536
      0.3809    -116.8400      -1.3126
     -2.0878    -117.3500      -0.8588
      2.8596    -117.8200       0.4366
      5.3310    -117.6200       1.1221
      5.2908    -116.7300       2.1853
      2.8194    -116.1500       2.4353
      2.7883    -114.7800       2.1948
      5.1779    -114.1600       1.7333
      5.1580    -113.6900       0.4269
      2.7701    -113.8900      -0.2584
      2.7914    -114.7800      -1.3212
      5.2339    -115.3600      -1.5707
      5.2940    -116.7300      -1.3297
      2.8498    -117.3500      -0.8682
      7.8126    -117.6100       0.4191
     10.2730    -117.3100       1.1046
     10.1950    -116.4200       2.1678
      7.7012    -115.9400       2.4178
      7.6120    -114.5700       2.1773
      9.9735    -113.8600       1.7158
      9.9335    -113.3800       0.4096
      7.5561    -113.6800      -0.2756
      7.6153    -114.5700      -1.3384
     10.0800    -115.0500      -1.5880
     10.1990    -116.4200      -1.3470
      7.7826    -117.1400      -0.8855
     12.7520    -117.1900       0.4017
     15.1980    -116.7800       1.0871
     15.0830    -115.9000       2.1503
     12.5700    -115.5300       2.4003
     12.4230    -114.1700       2.1598
     14.7520    -113.3500       1.6984
     14.6920    -112.8800       0.3924
     12.3290    -113.2800      -0.2929
     12.4260    -114.1700      -1.3557
     14.9100    -114.5400      -1.6052
     15.0860    -115.9000      -1.3642
     12.7020    -116.7200      -0.9028
     17.6710    -116.5600       0.3842
     20.0970    -116.0500       1.0696
     19.9440    -115.1800       2.1328
     17.4180    -114.9100       2.3828
     17.2130    -113.5600       2.1423
     19.5060    -112.6400       1.6810
     19.4260    -112.1800       0.3751
     17.0820    -112.6700      -0.3101
     17.2160    -113.5600      -1.3730
     19.7140    -113.8300      -1.6225
     19.9470    -115.1700      -1.3815
     17.6010    -116.1000      -0.9201
     22.5580    -115.7300       0.3668
     24.9610    -115.1200       1.0521
     24.7710    -114.2500       2.1153
     22.2350    -114.0900       2.3653
     21.9730    -112.7500       2.1248
     24.2260    -111.7400       1.6635
     24.1260    -111.2700       0.3579
     21.8050    -111.8700      -0.3274
     21.9770    -112.7500      -1.3903
     24.4840    -112.9100      -1.6398
     24.7740    -114.2500      -1.3988
     22.4680    -115.2700      -0.9374
     27.4070    -114.7000       0.3493
     29.7820    -113.9800       1.0346
     29.5550    -113.1200       2.0978
     27.0140    -113.0700       2.3477
     26.6960    -111.7400       2.1073
     28.9030    -110.6400       1.6461
     28.7840    -110.1800       0.3406
     26.4900    -110.8700      -0.3446
     26.6990    -111.7400      -1.4075
     29.2120    -111.8000      -1.6571
     29.5580    -113.1200      -1.4160
     27.2970    -114.2300      -0.9547
     32.2080    -113.4600       0.3294
     34.5500    -112.6400       1.0097
     34.2860    -111.7900       2.0728
     31.7460    -111.8400       2.3277
     31.3710    -110.5300       2.0873
     33.5310    -109.3400       1.6211
     33.3920    -108.8800       0.3156
     31.1290    -109.6700      -0.3645
     31.3750    -110.5300      -1.4274
     33.8880    -110.4800      -1.6821
     34.2900    -111.7900      -1.4410
     32.0790    -113.0000      -0.9746
     36.9510    -112.0200       0.3020
     39.1460    -111.1500       0.9830
     38.8470    -110.3100       2.0462
     36.4220    -110.4300       2.3004
     35.9920    -109.1300       2.0600
     37.9910    -107.8800       1.5944
     37.8330    -107.4400       0.2888
     35.7140    -108.2800      -0.3920
     35.9950    -109.1300      -1.4549
     38.3950    -109.0200      -1.7089
     38.8510    -110.3000      -1.4678
     36.8030    -111.5700      -1.0020
     41.5190    -110.4200       0.2754
     43.7860    -109.4200       0.9557
     43.4530    -108.5900       2.0189
     40.9250    -108.8500       2.2737
     40.4420    -107.5700       2.0333
     42.4950    -106.2100       1.5670
     42.3180    -105.7600       0.2613
     40.1290    -106.7400      -0.4188
     40.4450    -107.5700      -1.4817
     42.9460    -107.3200      -1.7364
     43.4560    -108.5900      -1.4953
     41.3520    -109.9800      -1.0288
     46.1270    -108.5900       0.2480
     48.3500    -107.4900       0.9284
     47.9820    -106.6800       1.9915
     45.4670    -107.0500       2.2464
     44.9310    -105.7900       2.0059
     46.9240    -104.3400       1.5397
     46.7290    -103.9100       0.2338
     44.5830    -104.9700      -0.4463
     44.9340    -105.7900      -1.5092
     47.4220    -105.4400      -1.7638
     47.9850    -106.6800      -1.5228
     45.9410    -108.1500      -1.0563
     50.6540    -106.5700       0.2207
     52.8290    -105.3800       0.9011
     52.4270    -104.5900       1.9642
     49.9300    -105.0600       2.2191
     49.3410    -103.8300       1.9786
     51.2720    -102.2900       1.5123
     51.0590    -101.8700       0.2064
     48.9580    -103.0200      -0.4738
     49.3440    -103.8300      -1.5367
     51.8150    -103.3600      -1.7913
     52.4300    -104.5800      -1.5503
     50.4500    -106.1400      -1.0837
     55.0930    -104.3600       0.1934
     57.2160    -103.0800       0.8738
     56.7810    -102.3000       1.9369
     54.3050    -102.8800       2.1917
     53.6650    -101.6800       1.9513
     55.5300    -100.0600       1.4849
     55.2980     -99.6460       0.1789
     53.2480    -100.8900      -0.5013
     53.6670    -101.6700      -1.5642
     56.1170    -101.1100      -1.8188
     56.7830    -102.3000      -1.5778
     54.8710    -103.9400      -1.1111
     59.4350    -101.9700       0.1661
     61.5020    -100.6000       0.8445
     61.0350     -99.8440       1.9076
     58.5860    -100.5300       2.1644
     57.8950     -99.3460       1.9239
     59.6900     -97.6550       1.4555
     59.4410     -97.2490       0.1495
     57.4450     -98.5750      -0.5288
     57.8970     -99.3440      -1.5916
     60.3210     -98.6770      -1.8482
     61.0370     -99.8420      -1.6072
     59.1960    -101.5600      -1.1386
     63.6720     -99.3990       0.1347
     65.6800     -97.9460       0.8131
     65.1810     -97.2060       1.8762
     62.7630     -97.9900       2.1331
     62.0230     -96.8410       1.8926
     63.7460     -95.0760       1.4242
     63.4800     -94.6820       0.1181
     61.5420     -96.0890      -0.5601
     62.0250     -96.8390      -1.6230
     64.4190     -96.0710      -1.8796
     65.1830     -97.2040      -1.6386
     63.4160     -98.9990      -1.1699
     67.7980     -96.6510       0.1034
     69.7430     -95.1150       0.7818
     69.2130     -94.3970       1.8449
     66.8300     -95.2820       2.1017
     66.0430     -94.1650       1.8612
     67.6890     -92.3290       1.3928
     67.4080     -91.9460       0.0868
     65.5300     -93.4340      -0.5915
     66.0450     -94.1630      -1.6544
     68.4050     -93.2950      -1.9110
     69.2160     -94.3950      -1.6699
     67.5250     -96.2630      -1.2013
     71.8050     -93.7330       0.0720
     73.6840     -92.1160       0.7505
     73.1240     -91.4210       1.8136
     70.7800     -92.4060       2.0704
     69.9460     -91.3230       1.8299
     71.5150     -89.4190       1.3615
     71.2170     -89.0480       0.0554
     69.4030     -90.6140      -0.6228
     69.9480     -91.3210      -1.6858
     72.2700     -90.3540      -1.9424
     73.1260     -91.4190      -1.7013
     71.5150     -93.3560      -1.2327
     75.6850     -90.6480       0.0406
     77.4060     -89.0320       0.7199
     76.8180     -88.3600       1.7830
     74.6060     -89.3660       2.0391
     73.7270     -88.3180       1.7985
     75.1280     -86.4260       1.3308
     74.8150     -86.0670       0.0248
     73.1550     -87.6330      -0.6542
     73.7290     -88.3160      -1.7172
     75.9210     -87.3290      -1.9730
     76.8200     -88.3580      -1.7319
     75.3810     -90.2840      -1.2640
     79.3460     -87.4830       0.0100
     81.0840     -85.7160       0.6885
     80.4690     -85.0700       1.7517
     78.2150     -86.2450       2.0085
     77.2940     -85.2350       1.7679
     78.6990     -83.2080       1.2995
     78.3720     -82.8630      -0.0066
     76.6940     -84.5740      -0.6848
     77.2950     -85.2330      -1.7478
     79.5290     -84.0780      -2.0044
     80.4710     -85.0680      -1.7633
     79.0260     -87.1320      -1.2946
     82.9580     -84.0870      -0.0213
     84.6210     -82.2490       0.6574
     83.9790     -81.6300       1.7206
     81.7760     -82.8980       1.9772
     80.8130     -81.9280       1.7366
     82.1320     -79.8440       1.2683
     81.7900     -79.5130      -0.0377
     80.1860     -81.2930      -0.7162
     80.8150     -81.9260      -1.7792
     82.9980     -80.6780      -2.0356
     83.9800     -81.6280      -1.7944
     82.6240     -83.7500      -1.3260
     86.4230     -80.5440      -0.0520
     88.0070     -78.6380       0.6270
     87.3400     -78.0460       1.6902
     85.1920     -79.4060       1.9466
     84.1900     -78.4760       1.7059
     85.4200     -76.3390       1.2380
     85.0650     -76.0230      -0.0681
     83.5360     -77.8680      -0.7468
     84.1910     -78.4740      -1.8099
     86.3200     -77.1360      -2.0660
     87.3420     -78.0440      -1.8248
     86.0750     -80.2210      -1.3566
     89.7370     -76.8590      -0.0824
     91.2400     -74.8880       0.5967
     90.5480     -74.3240       1.6599
     88.4590     -75.7730       1.9162
     87.4190     -74.8860       1.6756
     88.5580     -72.6990       1.2076
     88.1900     -72.3980      -0.0985
     86.7400     -74.3050      -0.7773
     87.4200     -74.8840      -1.8403
     89.4910     -73.4570      -2.0965
     90.5500     -74.3220      -1.8552
     89.3760     -76.5500      -1.3870
     92.8930     -73.0370      -0.1128
     94.3120     -71.0050       0.5663
     93.5970     -70.4700       1.6296
     91.5710     -72.0050       1.8859
     90.4940     -71.1630       1.6452
     91.5410     -68.9300       1.1772
     91.1610     -68.6440      -0.1289
     89.7920     -70.6110      -0.8077
     90.4960     -71.1610      -1.8708
     92.5040     -69.6490      -2.1269
     93.5990     -70.4680      -1.8857
     92.5190     -72.7440      -1.4174
     95.8860     -69.0860      -0.1432
     97.2180     -66.9960       0.5359
     96.4820     -66.4920       1.5992
     94.5220     -68.1110       1.8555
     93.4110     -67.3140       1.6149
     94.3630     -65.0390       1.1469
     93.9710     -64.7700      -0.1593
     92.6860     -66.7930      -0.8381
     93.4120     -67.3120      -1.9012
     95.3550     -65.7170      -2.1573
     96.4830     -66.4900      -1.9161
     95.5000     -68.8090      -1.4479
     98.7100     -65.0130      -0.1736
     99.9530     -62.8690       0.5056
     99.1970     -62.3960       1.5689
     97.3070     -64.0960       1.8252
     96.1630     -63.3460       1.5845
     97.0190     -61.0330       1.1165
     96.6160     -60.7800      -0.1897
     95.4170     -62.8550      -0.8685
     96.1640     -63.3440      -1.9317
     98.0390     -61.6690      -2.1878
     99.1980     -62.3940      -1.9465
     98.3130     -64.7530      -1.4783
    101.3600     -60.8250      -0.2040
    102.5100     -58.6300       0.4753
    101.7400     -58.1890       1.5386
     99.9210     -59.9670       1.7948
     98.7470     -59.2660       1.5542
     99.5050     -56.9190       1.0862
     99.0910     -56.6830      -0.2201
     97.9810     -58.8070      -0.8990
     98.7480     -59.2640      -1.9621
    100.5500     -57.5110      -2.2182
    101.7400     -58.1870      -1.9769
    100.9500     -60.5810      -1.5087
    103.8300     -56.5300      -0.2306
    104.8400     -54.3940       0.4529
    104.0500     -53.9850       1.5162
    102.3600     -55.7330       1.7683
    101.1600     -55.0810       1.5276
    101.7600     -52.8060       1.0638
    101.3400     -52.5880      -0.2425
    100.3700     -54.6550      -0.9255
    101.1600     -55.0800      -1.9887
    102.8300     -53.3560      -2.2405
    104.0500     -53.9830      -1.9992
    103.4200     -56.3030      -1.5353
    106.0700     -52.2420      -0.2529
    107.0400     -49.9600       0.4299
    106.2300     -49.5840       1.4932
    104.5700     -51.5050       1.7458
    103.3400     -50.9030       1.5051
    103.9000     -48.5010       1.0408
    103.4700     -48.3000      -0.2654
    102.5400     -50.5080      -0.9479
    103.3400     -50.9010      -2.0111
    104.9900     -49.0060      -2.2634
    106.2300     -49.5820      -2.0222
    105.6500     -52.0320      -1.5576
    108.1800     -47.7570      -0.2758
    109.0500     -45.4370       0.4070
    108.2300     -45.0950       1.4702
    106.6500     -47.0830       1.7228
    105.4000     -46.5330       1.4821
    105.8600     -44.1090       1.0178
    105.4200     -43.9270      -0.2883
    104.5800     -46.1730      -0.9708
    105.4000     -46.5320      -2.0340
    106.9700     -44.5690      -2.2864
    108.2300     -45.0940      -2.0451
    107.7500     -47.5660      -1.5806
    110.1000     -43.1880      -0.2987
    110.8700     -40.8330       0.3840
    110.0400     -40.5250       1.4472
    108.5400     -42.5780       1.6999
    107.2700     -42.0810       1.4591
    107.6300     -39.6400       0.9949
    107.1800     -39.4760      -0.3112
    106.4400     -41.7550      -0.9937
    107.2700     -42.0800      -2.0569
    108.7500     -40.0530      -2.3093
    110.0400     -40.5250      -2.0680
    109.6600     -43.0160      -1.6035
    111.8300     -38.5430      -0.3217
    112.5000     -36.1570       0.3611
    111.6500     -35.8840       1.4242
    110.2400     -37.9980       1.6769
    108.9500     -37.5530       1.4362
    109.2000     -35.0990       0.9719
    108.7500     -34.9540      -0.3341
    108.1100     -37.2630      -1.0166
    108.9500     -37.5530      -2.0798
    110.3500     -35.4660      -2.3322
    111.6500     -35.8840      -2.0910
    111.3800     -38.3880      -1.6264
    113.3600     -33.8290      -0.3446
    113.9300     -31.4160       0.3381
    113.0700     -31.1790       1.4012
    111.7500     -33.3500       1.6539
    110.4400     -32.9600       1.4132
    110.5900     -30.4970       0.9490
    110.1300     -30.3710      -0.3570
    109.5800     -32.7050      -1.0395
    110.4400     -32.9600      -2.1028
    111.7500     -30.8160      -2.3551
    113.0700     -31.1790      -2.1139
    112.9000     -33.6930      -1.6493
    114.6900     -29.0550      -0.3634
    115.1600     -26.6210       0.3274
    114.2900     -26.4200       1.3905
    113.0600     -28.6430       1.6350
    111.7400     -28.3080       1.3943
    111.7900     -25.8410       0.9382
    111.3300     -25.7340      -0.3677
    110.8700     -28.0890      -1.0584
    111.7400     -28.3080      -2.1216
    112.9600     -26.1120      -2.3659
    114.2900     -26.4200      -2.1246
    114.2300     -28.9380      -1.6681
    115.8200     -24.2300      -0.3702
    116.1900     -21.7790       0.3206
    115.3200     -21.6130       1.3837
    114.1800     -23.8860       1.6283
    112.8400     -23.6060       1.3875
    112.7900     -21.1380       0.9315
    112.3200     -21.0510      -0.3744
    111.9700     -23.4230      -1.0651
    112.8400     -23.6060      -2.1283
    113.9700     -21.3620      -2.3726
    115.3100     -21.6140      -2.1313
    115.3600     -24.1330      -1.6748
    116.7500     -19.3630      -0.3769
    117.0200     -16.8970       0.3138
    116.1400     -16.7680       1.3770
    115.1000     -19.0860       1.6215
    113.7500     -18.8610       1.3808
    113.5900     -16.3980       0.9247
    113.1200     -16.3310      -0.3811
    112.8700     -18.7150      -1.0718
    113.7500     -18.8630      -2.1350
    114.7800     -16.5730      -2.3793
    116.1300     -16.7700      -2.1380
    116.2800     -19.2850      -1.6816
    117.4800     -14.4600      -0.3837
    117.6300     -12.1030       0.3072
    116.7400     -12.0100       1.3704
    115.8100     -14.2520       1.6148
    114.4500     -14.0830       1.3740
    114.1800     -11.7430       0.9182
    113.7100     -11.6940      -0.3877
    113.5700     -13.9740      -1.0785
    114.4500     -14.0850      -2.1417
    115.3800     -11.8700      -2.3858
    116.7400     -12.0120      -2.1445
    117.0000     -14.4020      -1.6883
    117.9800      -9.6495      -0.3903
    118.0400      -7.1705       0.3005
    117.1500      -7.1138       1.3637
    116.3100      -9.5087       1.6082
    114.9500      -9.3949       1.3675
    114.5900      -6.9530       0.9114
    114.1100      -6.9241      -0.3944
    114.0600      -9.3218      -1.0850
    114.9500      -9.3969      -2.1483
    115.7900      -7.0304      -2.3925
    117.1500      -7.1160      -2.1512
    117.5100      -9.6107      -1.6948
    118.3000      -4.7042      -0.3971
    118.2600      -2.2246       0.2937
    117.3600      -2.2048       1.3570
    116.6200      -4.6324       1.6015
    115.2600      -4.5751       1.3607
    114.7900      -2.1503       0.9047
    114.3200      -2.1411      -0.4011
    114.3600      -4.5393      -1.0917
    115.2600      -4.5775      -2.1550
    116.0000      -2.1784      -2.3993
    117.3600      -2.2074      -2.1579
    117.8200      -4.6851      -1.7015
