   0.1184D+03   0.2717D+00   -.4039D+00
   0.1183D+03   0.2741D+01   0.2947D+00
   0.1174D+03   0.2724D+01   0.1358D+01
   0.1167D+03   0.2740D+00   0.1595D+01
   0.1154D+03   0.2745D+00   0.1354D+01
   0.1148D+03   0.2671D+01   0.9056D+00
   0.1143D+03   0.2660D+01   -.4002D+00
   0.1145D+03   0.2729D+00   -.1098D+01
   0.1154D+03   0.2717D+00   -.2162D+01
   0.1160D+03   0.2693D+01   -.2398D+01
   0.1174D+03   0.2721D+01   -.2157D+01
   0.1179D+03   0.2710D+00   -.1708D+01
   0.1183D+03   0.5214D+01   -.3951D+00
   0.1181D+03   0.7675D+01   0.3036D+00
   0.1172D+03   0.7621D+01   0.1367D+01
   0.1166D+03   0.5147D+01   0.1603D+01
   0.1153D+03   0.5090D+01   0.1363D+01
   0.1146D+03   0.7462D+01   0.9144D+00
   0.1141D+03   0.7431D+01   -.3916D+00
   0.1144D+03   0.5052D+01   -.1090D+01
   0.1153D+03   0.5088D+01   -.2153D+01
   0.1158D+03   0.7533D+01   -.2390D+01
   0.1172D+03   0.7618D+01   -.2148D+01
   0.1178D+03   0.5194D+01   -.1700D+01
   0.1180D+03   0.1015D+02   -.3863D+00
   0.1177D+03   0.1259D+02   0.3124D+00
   0.1168D+03   0.1250D+02   0.1376D+01
   0.1163D+03   0.1001D+02   0.1612D+01
   0.1150D+03   0.9898D+01   0.1372D+01
   0.1142D+03   0.1224D+02   0.9231D+00
   0.1137D+03   0.1219D+02   -.3830D+00
   0.1141D+03   0.9822D+01   -.1081D+01
   0.1150D+03   0.9895D+01   -.2144D+01
   0.1154D+03   0.1236D+02   -.2381D+01
   0.1168D+03   0.1250D+02   -.2140D+01
   0.1175D+03   0.1011D+02   -.1691D+01
   0.1175D+03   0.1507D+02   -.3775D+00
   0.1170D+03   0.1749D+02   0.3212D+00
   0.1162D+03   0.1737D+02   0.1384D+01
   0.1158D+03   0.1486D+02   0.1621D+01
   0.1145D+03   0.1469D+02   0.1380D+01
   0.1136D+03   0.1700D+02   0.9318D+00
   0.1131D+03   0.1693D+02   -.3745D+00
   0.1136D+03   0.1458D+02   -.1073D+01
   0.1145D+03   0.1469D+02   -.2136D+01
   0.1148D+03   0.1717D+02   -.2373D+01
   0.1162D+03   0.1736D+02   -.2131D+01
   0.1170D+03   0.1501D+02   -.1682D+01
   0.1168D+03   0.1996D+02   -.3687D+00
   0.1162D+03   0.2236D+02   0.3300D+00
   0.1153D+03   0.2220D+02   0.1393D+01
   0.1151D+03   0.1968D+02   0.1630D+01
   0.1138D+03   0.1946D+02   0.1389D+01
   0.1128D+03   0.2172D+02   0.9406D+00
   0.1123D+03   0.2164D+02   -.3659D+00
   0.1129D+03   0.1931D+02   -.1064D+01
   0.1138D+03   0.1946D+02   -.2127D+01
   0.1140D+03   0.2194D+02   -.2364D+01
   0.1153D+03   0.2220D+02   -.2123D+01
   0.1163D+03   0.1988D+02   -.1674D+01
   0.1158D+03   0.2480D+02   -.3599D+00
   0.1152D+03   0.2720D+02   0.3389D+00
   0.1143D+03   0.2700D+02   0.1402D+01
   0.1142D+03   0.2446D+02   0.1639D+01
   0.1129D+03   0.2418D+02   0.1398D+01
   0.1118D+03   0.2641D+02   0.9493D+00
   0.1113D+03   0.2631D+02   -.3573D+00
   0.1120D+03   0.2400D+02   -.1056D+01
   0.1129D+03   0.2418D+02   -.2119D+01
   0.1130D+03   0.2668D+02   -.2355D+01
   0.1143D+03   0.2699D+02   -.2114D+01
   0.1154D+03   0.2471D+02   -.1665D+01
   0.1147D+03   0.2962D+02   -.3511D+00
   0.1140D+03   0.3198D+02   0.3490D+00
   0.1131D+03   0.3174D+02   0.1412D+01
   0.1131D+03   0.2921D+02   0.1648D+01
   0.1118D+03   0.2887D+02   0.1407D+01
   0.1106D+03   0.3106D+02   0.9594D+00
   0.1102D+03   0.3093D+02   -.3473D+00
   0.1109D+03   0.2865D+02   -.1047D+01
   0.1118D+03   0.2887D+02   -.2110D+01
   0.1118D+03   0.3138D+02   -.2345D+01
   0.1131D+03   0.3174D+02   -.2104D+01
   0.1143D+03   0.2950D+02   -.1656D+01
   0.1134D+03   0.3438D+02   -.3383D+00
   0.1125D+03   0.3671D+02   0.3632D+00
   0.1117D+03   0.3644D+02   0.1427D+01
   0.1118D+03   0.3390D+02   0.1661D+01
   0.1105D+03   0.3351D+02   0.1420D+01
   0.1092D+03   0.3565D+02   0.9738D+00
   0.1088D+03   0.3550D+02   -.3329D+00
   0.1096D+03   0.3326D+02   -.1034D+01
   0.1105D+03   0.3351D+02   -.2097D+01
   0.1104D+03   0.3602D+02   -.2331D+01
   0.1117D+03   0.3644D+02   -.2090D+01
   0.1129D+03   0.3425D+02   -.1643D+01
   0.1119D+03   0.3909D+02   -.3241D+00
   0.1109D+03   0.4137D+02   0.3774D+00
   0.1101D+03   0.4106D+02   0.1441D+01
   0.1103D+03   0.3854D+02   0.1675D+01
   0.1090D+03   0.3809D+02   0.1434D+01
   0.1077D+03   0.4017D+02   0.9880D+00
   0.1072D+03   0.4000D+02   -.3185D+00
   0.1082D+03   0.3780D+02   -.1020D+01
   0.1090D+03   0.3809D+02   -.2083D+01
   0.1088D+03   0.4058D+02   -.2317D+01
   0.1101D+03   0.4105D+02   -.2075D+01
   0.1114D+03   0.3893D+02   -.1629D+01
   0.1102D+03   0.4372D+02   -.3099D+00
   0.1091D+03   0.4596D+02   0.3916D+00
   0.1083D+03   0.4562D+02   0.1455D+01
   0.1086D+03   0.4311D+02   0.1689D+01
   0.1073D+03   0.4261D+02   0.1448D+01
   0.1059D+03   0.4463D+02   0.1002D+01
   0.1055D+03   0.4444D+02   -.3041D+00
   0.1065D+03   0.4228D+02   -.1005D+01
   0.1073D+03   0.4261D+02   -.2068D+01
   0.1070D+03   0.4509D+02   -.2302D+01
   0.1083D+03   0.4562D+02   -.2061D+01
   0.1097D+03   0.4355D+02   -.1615D+01
   0.1082D+03   0.4828D+02   -.2957D+00
   0.1071D+03   0.5047D+02   0.4058D+00
   0.1063D+03   0.5009D+02   0.1469D+01
   0.1067D+03   0.4760D+02   0.1703D+01
   0.1055D+03   0.4705D+02   0.1462D+01
   0.1040D+03   0.4901D+02   0.1017D+01
   0.1035D+03   0.4881D+02   -.2897D+00
   0.1046D+03   0.4669D+02   -.9909D+00
   0.1055D+03   0.4705D+02   -.2054D+01
   0.1050D+03   0.4952D+02   -.2288D+01
   0.1063D+03   0.5009D+02   -.2046D+01
   0.1078D+03   0.4809D+02   -.1601D+01
   0.1061D+03   0.5276D+02   -.2814D+00
   0.1049D+03   0.5490D+02   0.4200D+00
   0.1041D+03   0.5449D+02   0.1483D+01
   0.1046D+03   0.5202D+02   0.1717D+01
   0.1034D+03   0.5141D+02   0.1477D+01
   0.1018D+03   0.5330D+02   0.1031D+01
   0.1014D+03   0.5308D+02   -.2753D+00
   0.1026D+03   0.5102D+02   -.9765D+00
   0.1034D+03   0.5141D+02   -.2040D+01
   0.1029D+03   0.5386D+02   -.2273D+01
   0.1041D+03   0.5449D+02   -.2032D+01
   0.1057D+03   0.5255D+02   -.1586D+01
   0.1038D+03   0.5714D+02   -.2672D+00
   0.1025D+03   0.5923D+02   0.4342D+00
   0.1018D+03   0.5878D+02   0.1498D+01
   0.1024D+03   0.5634D+02   0.1732D+01
   0.1012D+03   0.5568D+02   0.1491D+01
   0.9952D+02   0.5751D+02   0.1045D+01
   0.9911D+02   0.5727D+02   -.2609D+00
   0.1004D+03   0.5525D+02   -.9621D+00
   0.1012D+03   0.5568D+02   -.2025D+01
   0.1006D+03   0.5810D+02   -.2259D+01
   0.1018D+03   0.5878D+02   -.2018D+01
   0.1034D+03   0.5691D+02   -.1572D+01
   0.1014D+03   0.6141D+02   -.2538D+00
   0.9997D+02   0.6345D+02   0.4469D+00
   0.9921D+02   0.6298D+02   0.1510D+01
   0.9994D+02   0.6055D+02   0.1745D+01
   0.9877D+02   0.5984D+02   0.1504D+01
   0.9704D+02   0.6161D+02   0.1058D+01
   0.9664D+02   0.6135D+02   -.2482D+00
   0.9800D+02   0.5938D+02   -.9486D+00
   0.9877D+02   0.5984D+02   -.2012D+01
   0.9805D+02   0.6225D+02   -.2246D+01
   0.9921D+02   0.6298D+02   -.2005D+01
   0.1010D+03   0.6117D+02   -.1558D+01
   0.9873D+02   0.6559D+02   -.2410D+00
   0.9723D+02   0.6757D+02   0.4596D+00
   0.9650D+02   0.6706D+02   0.1523D+01
   0.9733D+02   0.6466D+02   0.1758D+01
   0.9619D+02   0.6391D+02   0.1517D+01
   0.9438D+02   0.6560D+02   0.1071D+01
   0.9399D+02   0.6533D+02   -.2355D+00
   0.9544D+02   0.6342D+02   -.9359D+00
   0.9619D+02   0.6391D+02   -.1999D+01
   0.9537D+02   0.6628D+02   -.2233D+01
   0.9650D+02   0.6706D+02   -.1992D+01
   0.9833D+02   0.6533D+02   -.1546D+01
   0.9590D+02   0.6965D+02   -.2283D+00
   0.9433D+02   0.7156D+02   0.4724D+00
   0.9362D+02   0.7103D+02   0.1536D+01
   0.9454D+02   0.6867D+02   0.1770D+01
   0.9344D+02   0.6787D+02   0.1530D+01
   0.9157D+02   0.6948D+02   0.1083D+01
   0.9119D+02   0.6919D+02   -.2228D+00
   0.9271D+02   0.6734D+02   -.9232D+00
   0.9344D+02   0.6787D+02   -.1986D+01
   0.9253D+02   0.7020D+02   -.2221D+01
   0.9362D+02   0.7103D+02   -.1980D+01
   0.9552D+02   0.6937D+02   -.1533D+01
   0.9291D+02   0.7359D+02   -.2155D+00
   0.9126D+02   0.7544D+02   0.4851D+00
   0.9057D+02   0.7487D+02   0.1548D+01
   0.9160D+02   0.7255D+02   0.1783D+01
   0.9052D+02   0.7170D+02   0.1542D+01
   0.8859D+02   0.7324D+02   0.1096D+01
   0.8822D+02   0.7294D+02   -.2102D+00
   0.8982D+02   0.7115D+02   -.9105D+00
   0.9052D+02   0.7170D+02   -.1974D+01
   0.8952D+02   0.7400D+02   -.2208D+01
   0.9057D+02   0.7487D+02   -.1967D+01
   0.9254D+02   0.7329D+02   -.1520D+01
   0.8976D+02   0.7740D+02   -.2028D+00
   0.8804D+02   0.7917D+02   0.4978D+00
   0.8738D+02   0.7857D+02   0.1561D+01
   0.8849D+02   0.7631D+02   0.1796D+01
   0.8745D+02   0.7542D+02   0.1555D+01
   0.8546D+02   0.7686D+02   0.1109D+01
   0.8511D+02   0.7654D+02   -.1975D+00
   0.8678D+02   0.7483D+02   -.8978D+00
   0.8745D+02   0.7542D+02   -.1961D+01
   0.8636D+02   0.7766D+02   -.2195D+01
   0.8738D+02   0.7857D+02   -.1954D+01
   0.8940D+02   0.7709D+02   -.1508D+01
   0.8645D+02   0.8107D+02   -.1900D+00
   0.8466D+02   0.8277D+02   0.5106D+00
   0.8402D+02   0.8215D+02   0.1574D+01
   0.8523D+02   0.7993D+02   0.1809D+01
   0.8423D+02   0.7900D+02   0.1568D+01
   0.8218D+02   0.8035D+02   0.1121D+01
   0.8184D+02   0.8002D+02   -.1848D+00
   0.8358D+02   0.7839D+02   -.8851D+00
   0.8423D+02   0.7900D+02   -.1948D+01
   0.8304D+02   0.8119D+02   -.2183D+01
   0.8402D+02   0.8215D+02   -.1942D+01
   0.8611D+02   0.8075D+02   -.1495D+01
   0.8299D+02   0.8461D+02   -.1778D+00
   0.8113D+02   0.8623D+02   0.5216D+00
   0.8052D+02   0.8558D+02   0.1585D+01
   0.8182D+02   0.8341D+02   0.1821D+01
   0.8086D+02   0.8244D+02   0.1580D+01
   0.7875D+02   0.8371D+02   0.1132D+01
   0.7843D+02   0.8336D+02   -.1737D+00
   0.8023D+02   0.8180D+02   -.8729D+00
   0.8086D+02   0.8244D+02   -.1936D+01
   0.7958D+02   0.8458D+02   -.2172D+01
   0.8052D+02   0.8558D+02   -.1931D+01
   0.8266D+02   0.8427D+02   -.1483D+01
   0.7939D+02   0.8799D+02   -.1673D+00
   0.7746D+02   0.8953D+02   0.5321D+00
   0.7687D+02   0.8886D+02   0.1595D+01
   0.7827D+02   0.8675D+02   0.1831D+01
   0.7735D+02   0.8573D+02   0.1591D+01
   0.7519D+02   0.8692D+02   0.1143D+01
   0.7488D+02   0.8656D+02   -.1632D+00
   0.7675D+02   0.8507D+02   -.8623D+00
   0.7735D+02   0.8573D+02   -.1925D+01
   0.7598D+02   0.8783D+02   -.2161D+01
   0.7687D+02   0.8886D+02   -.1920D+01
   0.7907D+02   0.8764D+02   -.1472D+01
   0.7566D+02   0.9122D+02   -.1568D+00
   0.7365D+02   0.9268D+02   0.5426D+00
   0.7310D+02   0.9198D+02   0.1606D+01
   0.7458D+02   0.8993D+02   0.1842D+01
   0.7371D+02   0.8888D+02   0.1601D+01
   0.7150D+02   0.8997D+02   0.1153D+01
   0.7120D+02   0.8960D+02   -.1526D+00
   0.7314D+02   0.8819D+02   -.8518D+00
   0.7371D+02   0.8888D+02   -.1915D+01
   0.7225D+02   0.9091D+02   -.2151D+01
   0.7310D+02   0.9198D+02   -.1909D+01
   0.7535D+02   0.9085D+02   -.1462D+01
   0.7178D+02   0.9429D+02   -.1463D+00
   0.6972D+02   0.9567D+02   0.5531D+00
   0.6919D+02   0.9495D+02   0.1616D+01
   0.7076D+02   0.9295D+02   0.1852D+01
   0.6993D+02   0.9187D+02   0.1612D+01
   0.6768D+02   0.9287D+02   0.1164D+01
   0.6740D+02   0.9249D+02   -.1420D+00
   0.6939D+02   0.9116D+02   -.8412D+00
   0.6993D+02   0.9187D+02   -.1904D+01
   0.6839D+02   0.9384D+02   -.2140D+01
   0.6919D+02   0.9495D+02   -.1899D+01
   0.7149D+02   0.9391D+02   -.1451D+01
   0.6778D+02   0.9719D+02   -.1358D+00
   0.6566D+02   0.9849D+02   0.5636D+00
   0.6517D+02   0.9775D+02   0.1627D+01
   0.6682D+02   0.9582D+02   0.1863D+01
   0.6604D+02   0.9470D+02   0.1622D+01
   0.6374D+02   0.9561D+02   0.1175D+01
   0.6348D+02   0.9521D+02   -.1315D+00
   0.6553D+02   0.9397D+02   -.8307D+00
   0.6604D+02   0.9470D+02   -.1894D+01
   0.6441D+02   0.9661D+02   -.2129D+01
   0.6517D+02   0.9775D+02   -.1888D+01
   0.6751D+02   0.9681D+02   -.1440D+01
   0.6369D+02   0.9991D+02   -.1254D+00
   0.6152D+02   0.1011D+03   0.5740D+00
   0.6106D+02   0.1003D+03   0.1637D+01
   0.6279D+02   0.9850D+02   0.1873D+01
   0.6205D+02   0.9735D+02   0.1633D+01
   0.5972D+02   0.9816D+02   0.1185D+01
   0.5947D+02   0.9775D+02   -.1210D+00
   0.6157D+02   0.9659D+02   -.8202D+00
   0.6205D+02   0.9735D+02   -.1883D+01
   0.6034D+02   0.9919D+02   -.2119D+01
   0.6106D+02   0.1003D+03   -.1878D+01
   0.6344D+02   0.9951D+02   -.1430D+01
   0.5945D+02   0.1025D+03   -.1149D+00
   0.5723D+02   0.1036D+03   0.5833D+00
   0.5680D+02   0.1028D+03   0.1647D+01
   0.5861D+02   0.1010D+03   0.1884D+01
   0.5792D+02   0.9985D+02   0.1643D+01
   0.5556D+02   0.1006D+03   0.1194D+01
   0.5533D+02   0.1002D+03   -.1116D+00
   0.5748D+02   0.9908D+02   -.8096D+00
   0.5792D+02   0.9985D+02   -.1873D+01
   0.5614D+02   0.1016D+03   -.2109D+01
   0.5680D+02   0.1028D+03   -.1868D+01
   0.5921D+02   0.1021D+03   -.1419D+01
   0.5511D+02   0.1049D+03   -.1068D+00
   0.5284D+02   0.1059D+03   0.5914D+00
   0.5245D+02   0.1051D+03   0.1655D+01
   0.5433D+02   0.1034D+03   0.1892D+01
   0.5369D+02   0.1022D+03   0.1651D+01
   0.5130D+02   0.1028D+03   0.1202D+01
   0.5109D+02   0.1024D+03   -.1036D+00
   0.5328D+02   0.1014D+03   -.8015D+00
   0.5369D+02   0.1022D+03   -.1865D+01
   0.5184D+02   0.1039D+03   -.2101D+01
   0.5245D+02   0.1051D+03   -.1860D+01
   0.5489D+02   0.1045D+03   -.1411D+01
   0.5067D+02   0.1071D+03   -.9870D-01
   0.4836D+02   0.1080D+03   0.5996D+00
   0.4800D+02   0.1072D+03   0.1663D+01
   0.4995D+02   0.1056D+03   0.1900D+01
   0.4937D+02   0.1043D+03   0.1659D+01
   0.4695D+02   0.1048D+03   0.1211D+01
   0.4676D+02   0.1044D+03   -.9550D-01
   0.4898D+02   0.1035D+03   -.7935D+00
   0.4937D+02   0.1043D+03   -.1857D+01
   0.4744D+02   0.1059D+03   -.2093D+01
   0.4800D+02   0.1072D+03   -.1852D+01
   0.5047D+02   0.1067D+03   -.1403D+01
   0.4614D+02   0.1091D+03   -.9060D-01
   0.4380D+02   0.1099D+03   0.6077D+00
   0.4347D+02   0.1091D+03   0.1671D+01
   0.4549D+02   0.1075D+03   0.1908D+01
   0.4495D+02   0.1063D+03   0.1667D+01
   0.4252D+02   0.1067D+03   0.1219D+01
   0.4234D+02   0.1063D+03   -.8740D-01
   0.4461D+02   0.1055D+03   -.7854D+00
   0.4495D+02   0.1063D+03   -.1848D+01
   0.4297D+02   0.1078D+03   -.2085D+01
   0.4347D+02   0.1091D+03   -.1844D+01
   0.4595D+02   0.1087D+03   -.1395D+01
   0.4153D+02   0.1109D+03   -.8250D-01
   0.3916D+02   0.1116D+03   0.6158D+00
   0.3886D+02   0.1108D+03   0.1679D+01
   0.4094D+02   0.1093D+03   0.1916D+01
   0.4047D+02   0.1081D+03   0.1675D+01
   0.3802D+02   0.1084D+03   0.1227D+01
   0.3786D+02   0.1079D+03   -.7930D-01
   0.4015D+02   0.1072D+03   -.7773D+00
   0.4047D+02   0.1081D+03   -.1840D+01
   0.3841D+02   0.1095D+03   -.2077D+01
   0.3886D+02   0.1108D+03   -.1836D+01
   0.4136D+02   0.1105D+03   -.1387D+01
   0.3685D+02   0.1125D+03   -.7440D-01
   0.3445D+02   0.1132D+03   0.6239D+00
   0.3419D+02   0.1123D+03   0.1687D+01
   0.3633D+02   0.1110D+03   0.1924D+01
   0.3590D+02   0.1097D+03   0.1684D+01
   0.3344D+02   0.1099D+03   0.1235D+01
   0.3331D+02   0.1094D+03   -.7120D-01
   0.3563D+02   0.1088D+03   -.7693D+00
   0.3591D+02   0.1097D+03   -.1832D+01
   0.3379D+02   0.1110D+03   -.2069D+01
   0.3419D+02   0.1123D+03   -.1828D+01
   0.3670D+02   0.1121D+03   -.1379D+01
   0.3210D+02   0.1140D+03   -.6620D-01
   0.2979D+02   0.1145D+03   0.6315D+00
   0.2957D+02   0.1136D+03   0.1695D+01
   0.3165D+02   0.1124D+03   0.1932D+01
   0.3128D+02   0.1110D+03   0.1692D+01
   0.2893D+02   0.1111D+03   0.1242D+01
   0.2881D+02   0.1107D+03   -.6370D-01
   0.3104D+02   0.1102D+03   -.7612D+00
   0.3128D+02   0.1110D+03   -.1824D+01
   0.2923D+02   0.1123D+03   -.2062D+01
   0.2957D+02   0.1136D+03   -.1821D+01
   0.3198D+02   0.1135D+03   -.1371D+01
   0.2742D+02   0.1152D+03   -.5930D-01
   0.2497D+02   0.1156D+03   0.6383D+00
   0.2479D+02   0.1147D+03   0.1702D+01
   0.2703D+02   0.1135D+03   0.1939D+01
   0.2671D+02   0.1122D+03   0.1699D+01
   0.2425D+02   0.1122D+03   0.1249D+01
   0.2415D+02   0.1118D+03   -.5690D-01
   0.2651D+02   0.1113D+03   -.7543D+00
   0.2672D+02   0.1122D+03   -.1817D+01
   0.2450D+02   0.1134D+03   -.2055D+01
   0.2479D+02   0.1147D+03   -.1814D+01
   0.2731D+02   0.1147D+03   -.1364D+01
   0.2257D+02   0.1162D+03   -.5250D-01
   0.2011D+02   0.1165D+03   0.6451D+00
   0.1996D+02   0.1157D+03   0.1708D+01
   0.2225D+02   0.1146D+03   0.1946D+01
   0.2199D+02   0.1132D+03   0.1706D+01
   0.1952D+02   0.1131D+03   0.1256D+01
   0.1945D+02   0.1127D+03   -.5010D-01
   0.2182D+02   0.1123D+03   -.7475D+00
   0.2199D+02   0.1132D+03   -.1811D+01
   0.1973D+02   0.1143D+03   -.2048D+01
   0.1996D+02   0.1157D+03   -.1807D+01
   0.2248D+02   0.1158D+03   -.1357D+01
   0.1768D+02   0.1170D+03   -.4580D-01
   0.1521D+02   0.1173D+03   0.6519D+00
   0.1510D+02   0.1164D+03   0.1715D+01
   0.1743D+02   0.1154D+03   0.1953D+01
   0.1723D+02   0.1140D+03   0.1712D+01
   0.1477D+02   0.1138D+03   0.1263D+01
   0.1471D+02   0.1134D+03   -.4330D-01
   0.1710D+02   0.1132D+03   -.7407D+00
   0.1723D+02   0.1140D+03   -.1804D+01
   0.1492D+02   0.1150D+03   -.2041D+01
   0.1510D+02   0.1164D+03   -.1800D+01
   0.1761D+02   0.1166D+03   -.1350D+01
   0.1276D+02   0.1177D+03   -.3900D-01
   0.1029D+02   0.1178D+03   0.6587D+00
   0.1021D+02   0.1169D+03   0.1722D+01
   0.1259D+02   0.1160D+03   0.1960D+01
   0.1244D+02   0.1146D+03   0.1719D+01
   0.9991D+01   0.1143D+03   0.1270D+01
   0.9951D+01   0.1139D+03   -.3650D-01
   0.1235D+02   0.1138D+03   -.7339D+00
   0.1244D+02   0.1146D+03   -.1797D+01
   0.1009D+02   0.1155D+03   -.2034D+01
   0.1021D+02   0.1169D+03   -.1793D+01
   0.1271D+02   0.1172D+03   -.1344D+01
   0.7824D+01   0.1181D+03   -.3220D-01
   0.5344D+01   0.1181D+03   0.6654D+00
   0.5305D+01   0.1172D+03   0.1729D+01
   0.7716D+01   0.1164D+03   0.1966D+01
   0.7629D+01   0.1150D+03   0.1726D+01
   0.5194D+01   0.1146D+03   0.1276D+01
   0.5174D+01   0.1142D+03   -.2970D-01
   0.7572D+01   0.1142D+03   -.7271D+00
   0.7629D+01   0.1150D+03   -.1790D+01
   0.5247D+01   0.1158D+03   -.2028D+01
   0.5306D+01   0.1172D+03   -.1786D+01
   0.7794D+01   0.1176D+03   -.1337D+01
   0.2872D+01   0.1183D+03   -.2540D-01
   0.3931D+00   0.1182D+03   0.6722D+00
   0.3920D+00   0.1173D+03   0.1736D+01
   0.2834D+01   0.1166D+03   0.1973D+01
   0.2804D+01   0.1152D+03   0.1733D+01
   0.3894D+00   0.1147D+03   0.1283D+01
   0.3889D+00   0.1143D+03   -.2290D-01
   0.2785D+01   0.1144D+03   -.7203D+00
   0.2805D+01   0.1152D+03   -.1783D+01
   0.3910D+00   0.1159D+03   -.2021D+01
   0.3925D+00   0.1173D+03   -.1780D+01
   0.2861D+01   0.1178D+03   -.1330D+01
   -.2085D+01   0.1183D+03   -.1970D-01
   -.4557D+01   0.1181D+03   0.6769D+00
   -.4521D+01   0.1172D+03   0.1740D+01
   -.2052D+01   0.1166D+03   0.1979D+01
   -.2025D+01   0.1152D+03   0.1738D+01
   -.4415D+01   0.1146D+03   0.1288D+01
   -.4396D+01   0.1142D+03   -.1830D-01
   -.2006D+01   0.1144D+03   -.7146D+00
   -.2024D+01   0.1152D+03   -.1778D+01
   -.4465D+01   0.1158D+03   -.2016D+01
   -.4521D+01   0.1172D+03   -.1775D+01
   -.2075D+01   0.1178D+03   -.1324D+01
   -.7037D+01   0.1181D+03   -.1490D-01
   -.9499D+01   0.1178D+03   0.6817D+00
   -.9425D+01   0.1169D+03   0.1745D+01
   -.6934D+01   0.1164D+03   0.1984D+01
   -.6849D+01   0.1150D+03   0.1743D+01
   -.9212D+01   0.1143D+03   0.1292D+01
   -.9172D+01   0.1139D+03   -.1360D-01
   -.6793D+01   0.1142D+03   -.7099D+00
   -.6849D+01   0.1150D+03   -.1773D+01
   -.9312D+01   0.1155D+03   -.2011D+01
   -.9425D+01   0.1169D+03   -.1770D+01
   -.7008D+01   0.1176D+03   -.1320D+01
   -.1198D+02   0.1177D+03   -.1020D-01
   -.1431D+02   0.1173D+03   0.6863D+00
   -.1420D+02   0.1164D+03   0.1750D+01
   -.1180D+02   0.1160D+03   0.1988D+01
   -.1166D+02   0.1146D+03   0.1748D+01
   -.1388D+02   0.1138D+03   0.1297D+01
   -.1382D+02   0.1134D+03   -.9100D-02
   -.1157D+02   0.1138D+03   -.7052D+00
   -.1166D+02   0.1146D+03   -.1768D+01
   -.1403D+02   0.1150D+03   -.2007D+01
   -.1420D+02   0.1164D+03   -.1766D+01
   -.1193D+02   0.1172D+03   -.1315D+01
   -.1678D+02   0.1171D+03   -.5500D-02
   -.1920D+02   0.1165D+03   0.6910D+00
   -.1906D+02   0.1157D+03   0.1754D+01
   -.1653D+02   0.1154D+03   0.1993D+01
   -.1634D+02   0.1140D+03   0.1752D+01
   -.1863D+02   0.1131D+03   0.1302D+01
   -.1855D+02   0.1127D+03   -.4400D-02
   -.1621D+02   0.1132D+03   -.7007D+00
   -.1634D+02   0.1140D+03   -.1764D+01
   -.1883D+02   0.1143D+03   -.2002D+01
   -.1906D+02   0.1157D+03   -.1761D+01
   -.1671D+02   0.1166D+03   -.1310D+01
   -.2166D+02   0.1162D+03   -.8000D-03
   -.2407D+02   0.1156D+03   0.6958D+00
   -.2388D+02   0.1148D+03   0.1759D+01
   -.2135D+02   0.1146D+03   0.1998D+01
   -.2110D+02   0.1132D+03   0.1757D+01
   -.2335D+02   0.1122D+03   0.1306D+01
   -.2325D+02   0.1118D+03   0.2000D-03
   -.2093D+02   0.1124D+03   -.6960D+00
   -.2110D+02   0.1132D+03   -.1759D+01
   -.2360D+02   0.1134D+03   -.1998D+01
   -.2389D+02   0.1148D+03   -.1756D+01
   -.2158D+02   0.1158D+03   -.1306D+01
   -.2651D+02   0.1152D+03   0.4000D-02
   -.2889D+02   0.1145D+03   0.7005D+00
   -.2867D+02   0.1136D+03   0.1764D+01
   -.2613D+02   0.1136D+03   0.2002D+01
   -.2582D+02   0.1122D+03   0.1762D+01
   -.2803D+02   0.1111D+03   0.1311D+01
   -.2791D+02   0.1107D+03   0.4900D-02
   -.2562D+02   0.1114D+03   -.6913D+00
   -.2582D+02   0.1122D+03   -.1754D+01
   -.2833D+02   0.1123D+03   -.1993D+01
   -.2867D+02   0.1136D+03   -.1752D+01
   -.2641D+02   0.1147D+03   -.1301D+01
   -.3132D+02   0.1140D+03   0.8100D-02
   -.3366D+02   0.1132D+03   0.7033D+00
   -.3340D+02   0.1123D+03   0.1766D+01
   -.3086D+02   0.1124D+03   0.2006D+01
   -.3050D+02   0.1110D+03   0.1766D+01
   -.3266D+02   0.1098D+03   0.1314D+01
   -.3252D+02   0.1094D+03   0.7800D-02
   -.3026D+02   0.1102D+03   -.6873D+00
   -.3050D+02   0.1110D+03   -.1750D+01
   -.3301D+02   0.1110D+03   -.1990D+01
   -.3340D+02   0.1123D+03   -.1749D+01
   -.3119D+02   0.1135D+03   -.1297D+01
   -.3606D+02   0.1125D+03   0.1020D-01
   -.3837D+02   0.1116D+03   0.7054D+00
   -.3807D+02   0.1108D+03   0.1768D+01
   -.3554D+02   0.1109D+03   0.2009D+01
   -.3512D+02   0.1096D+03   0.1768D+01
   -.3723D+02   0.1084D+03   0.1316D+01
   -.3707D+02   0.1079D+03   0.1000D-01
   -.3484D+02   0.1088D+03   -.6850D+00
   -.3512D+02   0.1096D+03   -.1748D+01
   -.3763D+02   0.1095D+03   -.1988D+01
   -.3808D+02   0.1108D+03   -.1747D+01
   -.3591D+02   0.1121D+03   -.1295D+01
   -.4074D+02   0.1109D+03   0.1230D-01
   -.4301D+02   0.1099D+03   0.7075D+00
   -.4268D+02   0.1091D+03   0.1771D+01
   -.4015D+02   0.1093D+03   0.2011D+01
   -.3968D+02   0.1080D+03   0.1770D+01
   -.4173D+02   0.1067D+03   0.1318D+01
   -.4156D+02   0.1062D+03   0.1230D-01
   -.3937D+02   0.1072D+03   -.6827D+00
   -.3968D+02   0.1080D+03   -.1746D+01
   -.4218D+02   0.1078D+03   -.1986D+01
   -.4268D+02   0.1091D+03   -.1744D+01
   -.4057D+02   0.1105D+03   -.1292D+01
   -.4534D+02   0.1091D+03   0.1440D-01
   -.4757D+02   0.1080D+03   0.7096D+00
   -.4720D+02   0.1072D+03   0.1773D+01
   -.4469D+02   0.1075D+03   0.2013D+01
   -.4416D+02   0.1063D+03   0.1772D+01
   -.4616D+02   0.1048D+03   0.1321D+01
   -.4597D+02   0.1044D+03   0.1450D-01
   -.4382D+02   0.1054D+03   -.6805D+00
   -.4417D+02   0.1063D+03   -.1744D+01
   -.4665D+02   0.1059D+03   -.1983D+01
   -.4721D+02   0.1072D+03   -.1742D+01
   -.4516D+02   0.1086D+03   -.1290D+01
   -.4987D+02   0.1070D+03   0.1650D-01
   -.5205D+02   0.1059D+03   0.7118D+00
   -.5165D+02   0.1051D+03   0.1775D+01
   -.4916D+02   0.1055D+03   0.2015D+01
   -.4857D+02   0.1043D+03   0.1774D+01
   -.5051D+02   0.1028D+03   0.1323D+01
   -.5030D+02   0.1023D+03   0.1680D-01
   -.4820D+02   0.1035D+03   -.6782D+00
   -.4858D+02   0.1043D+03   -.1741D+01
   -.5104D+02   0.1038D+03   -.1981D+01
   -.5165D+02   0.1051D+03   -.1740D+01
   -.4967D+02   0.1066D+03   -.1288D+01
   -.5431D+02   0.1048D+03   0.1860D-01
   -.5633D+02   0.1036D+03   0.7138D+00
   -.5590D+02   0.1028D+03   0.1777D+01
   -.5353D+02   0.1033D+03   0.2017D+01
   -.5290D+02   0.1021D+03   0.1777D+01
   -.5466D+02   0.1006D+03   0.1325D+01
   -.5444D+02   0.1002D+03   0.1900D-01
   -.5248D+02   0.1013D+03   -.6760D+00
   -.5290D+02   0.1021D+03   -.1739D+01
   -.5524D+02   0.1016D+03   -.1979D+01
   -.5590D+02   0.1028D+03   -.1738D+01
   -.5409D+02   0.1044D+03   -.1286D+01
   -.5855D+02   0.1025D+03   0.2070D-01
   -.6062D+02   0.1011D+03   0.7153D+00
   -.6015D+02   0.1004D+03   0.1778D+01
   -.5771D+02   0.1010D+03   0.2019D+01
   -.5702D+02   0.9987D+02   0.1779D+01
   -.5882D+02   0.9817D+02   0.1326D+01
   -.5858D+02   0.9777D+02   0.2050D-01
   -.5658D+02   0.9909D+02   -.6738D+00
   -.5703D+02   0.9986D+02   -.1737D+01
   -.5945D+02   0.9920D+02   -.1977D+01
   -.6016D+02   0.1004D+03   -.1736D+01
   -.5831D+02   0.1021D+03   -.1284D+01
   -.6278D+02   0.9993D+02   0.2150D-01
   -.6479D+02   0.9848D+02   0.7161D+00
   -.6430D+02   0.9773D+02   0.1779D+01
   -.6188D+02   0.9852D+02   0.2020D+01
   -.6115D+02   0.9736D+02   0.1780D+01
   -.6288D+02   0.9559D+02   0.1327D+01
   -.6262D+02   0.9520D+02   0.2130D-01
   -.6068D+02   0.9661D+02   -.6730D+00
   -.6116D+02   0.9736D+02   -.1736D+01
   -.6355D+02   0.9659D+02   -.1976D+01
   -.6430D+02   0.9773D+02   -.1735D+01
   -.6253D+02   0.9953D+02   -.1283D+01
   -.6691D+02   0.9718D+02   0.2220D-01
   -.6886D+02   0.9565D+02   0.7168D+00
   -.6833D+02   0.9493D+02   0.1780D+01
   -.6595D+02   0.9581D+02   0.2021D+01
   -.6517D+02   0.9469D+02   0.1780D+01
   -.6682D+02   0.9285D+02   0.1328D+01
   -.6654D+02   0.9246D+02   0.2200D-01
   -.6467D+02   0.9395D+02   -.6722D+00
   -.6518D+02   0.9468D+02   -.1735D+01
   -.6753D+02   0.9382D+02   -.1976D+01
   -.6833D+02   0.9492D+02   -.1735D+01
   -.6664D+02   0.9679D+02   -.1282D+01
   -.7092D+02   0.9427D+02   0.2300D-01
   -.7280D+02   0.9265D+02   0.7176D+00
   -.7224D+02   0.9195D+02   0.1781D+01
   -.6990D+02   0.9293D+02   0.2022D+01
   -.6908D+02   0.9184D+02   0.1781D+01
   -.7065D+02   0.8994D+02   0.1329D+01
   -.7035D+02   0.8956D+02   0.2280D-01
   -.6854D+02   0.9113D+02   -.6715D+00
   -.6908D+02   0.9184D+02   -.1734D+01
   -.7140D+02   0.9088D+02   -.1975D+01
   -.7225D+02   0.9195D+02   -.1734D+01
   -.7063D+02   0.9389D+02   -.1281D+01
   -.7480D+02   0.9118D+02   0.2380D-01
   -.7661D+02   0.8949D+02   0.7184D+00
   -.7602D+02   0.8881D+02   0.1782D+01
   -.7373D+02   0.8989D+02   0.2022D+01
   -.7286D+02   0.8884D+02   0.1782D+01
   -.7435D+02   0.8687D+02   0.1329D+01
   -.7404D+02   0.8651D+02   0.2360D-01
   -.7229D+02   0.8815D+02   -.6707D+00
   -.7286D+02   0.8883D+02   -.1734D+01
   -.7514D+02   0.8778D+02   -.1974D+01
   -.7603D+02   0.8881D+02   -.1733D+01
   -.7450D+02   0.9081D+02   -.1281D+01
   -.7855D+02   0.8794D+02   0.2460D-01
   -.8028D+02   0.8617D+02   0.7191D+00
   -.7967D+02   0.8552D+02   0.1782D+01
   -.7742D+02   0.8669D+02   0.2023D+01
   -.7651D+02   0.8568D+02   0.1783D+01
   -.7791D+02   0.8365D+02   0.1330D+01
   -.7759D+02   0.8330D+02   0.2440D-01
   -.7591D+02   0.8501D+02   -.6700D+00
   -.7651D+02   0.8567D+02   -.1733D+01
   -.7874D+02   0.8452D+02   -.1973D+01
   -.7967D+02   0.8552D+02   -.1732D+01
   -.7823D+02   0.8758D+02   -.1280D+01
   -.8215D+02   0.8454D+02   0.2530D-01
   -.8382D+02   0.8270D+02   0.7202D+00
   -.8318D+02   0.8208D+02   0.1783D+01
   -.8098D+02   0.8334D+02   0.2024D+01
   -.8002D+02   0.8237D+02   0.1783D+01
   -.8134D+02   0.8028D+02   0.1331D+01
   -.8100D+02   0.7994D+02   0.2540D-01
   -.7940D+02   0.8173D+02   -.6692D+00
   -.8003D+02   0.8236D+02   -.1732D+01
   -.8220D+02   0.8111D+02   -.1972D+01
   -.8318D+02   0.8207D+02   -.1731D+01
   -.8182D+02   0.8420D+02   -.1279D+01
   -.8562D+02   0.8099D+02   0.2700D-01
   -.8720D+02   0.7908D+02   0.7221D+00
   -.8654D+02   0.7849D+02   0.1785D+01
   -.8439D+02   0.7985D+02   0.2025D+01
   -.8340D+02   0.7891D+02   0.1785D+01
   -.8463D+02   0.7677D+02   0.1333D+01
   -.8428D+02   0.7645D+02   0.2730D-01
   -.8275D+02   0.7830D+02   -.6676D+00
   -.8340D+02   0.7891D+02   -.1730D+01
   -.8552D+02   0.7757D+02   -.1970D+01
   -.8654D+02   0.7848D+02   -.1729D+01
   -.8527D+02   0.8067D+02   -.1278D+01
   -.8885D+02   0.7739D+02   0.2890D-01
   -.9036D+02   0.7542D+02   0.7239D+00
   -.8967D+02   0.7485D+02   0.1787D+01
   -.8758D+02   0.7630D+02   0.2027D+01
   -.8655D+02   0.7540D+02   0.1787D+01
   -.8769D+02   0.7321D+02   0.1335D+01
   -.8733D+02   0.7291D+02   0.2910D-01
   -.8588D+02   0.7482D+02   -.6658D+00
   -.8655D+02   0.7540D+02   -.1729D+01
   -.8862D+02   0.7398D+02   -.1969D+01
   -.8967D+02   0.7485D+02   -.1728D+01
   -.8849D+02   0.7708D+02   -.1276D+01
   -.9201D+02   0.7357D+02   0.3080D-01
   -.9343D+02   0.7154D+02   0.7258D+00
   -.9272D+02   0.7100D+02   0.1789D+01
   -.9069D+02   0.7253D+02   0.2029D+01
   -.8962D+02   0.7168D+02   0.1789D+01
   -.9067D+02   0.6944D+02   0.1337D+01
   -.9030D+02   0.6916D+02   0.3100D-01
   -.8893D+02   0.7112D+02   -.6639D+00
   -.8963D+02   0.7168D+02   -.1727D+01
   -.9163D+02   0.7017D+02   -.1967D+01
   -.9272D+02   0.7100D+02   -.1726D+01
   -.9164D+02   0.7328D+02   -.1274D+01
   -.9500D+02   0.6962D+02   0.3270D-01
   -.9634D+02   0.6753D+02   0.7278D+00
   -.9560D+02   0.6702D+02   0.1791D+01
   -.9365D+02   0.6864D+02   0.2031D+01
   -.9254D+02   0.6783D+02   0.1790D+01
   -.9350D+02   0.6555D+02   0.1339D+01
   -.9311D+02   0.6528D+02   0.3280D-01
   -.9182D+02   0.6731D+02   -.6620D+00
   -.9254D+02   0.6783D+02   -.1725D+01
   -.9448D+02   0.6624D+02   -.1965D+01
   -.9561D+02   0.6702D+02   -.1724D+01
   -.9462D+02   0.6934D+02   -.1272D+01
   -.9783D+02   0.6555D+02   0.3460D-01
   -.9907D+02   0.6340D+02   0.7297D+00
   -.9832D+02   0.6293D+02   0.1793D+01
   -.9643D+02   0.6462D+02   0.2033D+01
   -.9530D+02   0.6386D+02   0.1792D+01
   -.9615D+02   0.6155D+02   0.1341D+01
   -.9575D+02   0.6129D+02   0.3470D-01
   -.9455D+02   0.6337D+02   -.6602D+00
   -.9530D+02   0.6386D+02   -.1723D+01
   -.9717D+02   0.6219D+02   -.1963D+01
   -.9832D+02   0.6292D+02   -.1722D+01
   -.9743D+02   0.6528D+02   -.1270D+01
   -.1005D+03   0.6136D+02   0.3650D-01
   -.1016D+03   0.5916D+02   0.7316D+00
   -.1009D+03   0.5872D+02   0.1794D+01
   -.9905D+02   0.6049D+02   0.2035D+01
   -.9788D+02   0.5978D+02   0.1794D+01
   -.9864D+02   0.5743D+02   0.1343D+01
   -.9823D+02   0.5719D+02   0.3660D-01
   -.9712D+02   0.5932D+02   -.6583D+00
   -.9788D+02   0.5978D+02   -.1721D+01
   -.9968D+02   0.5803D+02   -.1961D+01
   -.1009D+03   0.5872D+02   -.1720D+01
   -.1001D+03   0.6111D+02   -.1268D+01
   -.1030D+03   0.5707D+02   0.4030D-01
   -.1040D+03   0.5483D+02   0.7371D+00
   -.1032D+03   0.5441D+02   0.1800D+01
   -.1015D+03   0.5626D+02   0.2038D+01
   -.1003D+03   0.5560D+02   0.1798D+01
   -.1010D+03   0.5322D+02   0.1348D+01
   -.1005D+03   0.5300D+02   0.4230D-01
   -.9951D+02   0.5517D+02   -.6545D+00
   -.1003D+03   0.5560D+02   -.1718D+01
   -.1020D+03   0.5377D+02   -.1956D+01
   -.1032D+03   0.5441D+02   -.1714D+01
   -.1025D+03   0.5684D+02   -.1264D+01
   -.1052D+03   0.5267D+02   0.4590D-01
   -.1062D+03   0.5039D+02   0.7427D+00
   -.1054D+03   0.5001D+02   0.1806D+01
   -.1038D+03   0.5193D+02   0.2044D+01
   -.1025D+03   0.5132D+02   0.1804D+01
   -.1031D+03   0.4891D+02   0.1354D+01
   -.1027D+03   0.4871D+02   0.4790D-01
   -.1017D+03   0.5092D+02   -.6488D+00
   -.1025D+03   0.5131D+02   -.1712D+01
   -.1042D+03   0.4942D+02   -.1950D+01
   -.1054D+03   0.5001D+02   -.1709D+01
   -.1048D+03   0.5246D+02   -.1259D+01
   -.1074D+03   0.4819D+02   0.5140D-01
   -.1082D+03   0.4586D+02   0.7483D+00
   -.1074D+03   0.4552D+02   0.1811D+01
   -.1058D+03   0.4750D+02   0.2050D+01
   -.1046D+03   0.4695D+02   0.1809D+01
   -.1050D+03   0.4452D+02   0.1359D+01
   -.1046D+03   0.4433D+02   0.5360D-01
   -.1038D+03   0.4658D+02   -.6431D+00
   -.1046D+03   0.4694D+02   -.1706D+01
   -.1062D+03   0.4498D+02   -.1944D+01
   -.1074D+03   0.4552D+02   -.1703D+01
   -.1069D+03   0.4799D+02   -.1253D+01
   -.1093D+03   0.4362D+02   0.5700D-01
   -.1100D+03   0.4126D+02   0.7539D+00
   -.1092D+03   0.4095D+02   0.1817D+01
   -.1077D+03   0.4300D+02   0.2055D+01
   -.1065D+03   0.4249D+02   0.1815D+01
   -.1068D+03   0.4005D+02   0.1365D+01
   -.1064D+03   0.3988D+02   0.5930D-01
   -.1056D+03   0.4216D+02   -.6374D+00
   -.1065D+03   0.4249D+02   -.1700D+01
   -.1079D+03   0.4047D+02   -.1938D+01
   -.1092D+03   0.4094D+02   -.1697D+01
   -.1088D+03   0.4344D+02   -.1247D+01
   -.1110D+03   0.3908D+02   0.6240D-01
   -.1116D+03   0.3669D+02   0.7593D+00
   -.1108D+03   0.3641D+02   0.1823D+01
   -.1094D+03   0.3852D+02   0.2061D+01
   -.1081D+03   0.3807D+02   0.1820D+01
   -.1083D+03   0.3562D+02   0.1371D+01
   -.1079D+03   0.3547D+02   0.6490D-01
   -.1072D+03   0.3778D+02   -.6319D+00
   -.1081D+03   0.3807D+02   -.1695D+01
   -.1095D+03   0.3599D+02   -.1933D+01
   -.1108D+03   0.3641D+02   -.1692D+01
   -.1105D+03   0.3892D+02   -.1242D+01
   -.1125D+03   0.3436D+02   0.6800D-01
   -.1131D+03   0.3195D+02   0.7649D+00
   -.1122D+03   0.3171D+02   0.1828D+01
   -.1109D+03   0.3388D+02   0.2066D+01
   -.1096D+03   0.3348D+02   0.1826D+01
   -.1097D+03   0.3101D+02   0.1376D+01
   -.1093D+03   0.3089D+02   0.7060D-01
   -.1087D+03   0.3322D+02   -.6262D+00
   -.1096D+03   0.3348D+02   -.1689D+01
   -.1109D+03   0.3134D+02   -.1927D+01
   -.1122D+03   0.3171D+02   -.1686D+01
   -.1120D+03   0.3423D+02   -.1236D+01
   -.1138D+03   0.2959D+02   0.7450D-01
   -.1143D+03   0.2715D+02   0.7733D+00
   -.1134D+03   0.2695D+02   0.1836D+01
   -.1122D+03   0.2917D+02   0.2073D+01
   -.1109D+03   0.2883D+02   0.1833D+01
   -.1109D+03   0.2636D+02   0.1385D+01
   -.1105D+03   0.2625D+02   0.7900D-01
   -.1100D+03   0.2860D+02   -.6196D+00
   -.1109D+03   0.2883D+02   -.1683D+01
   -.1121D+03   0.2663D+02   -.1919D+01
   -.1134D+03   0.2695D+02   -.1678D+01
   -.1134D+03   0.2947D+02   -.1230D+01
   -.1150D+03   0.2476D+02   0.8390D-01
   -.1153D+03   0.2231D+02   0.7827D+00
   -.1145D+03   0.2214D+02   0.1846D+01
   -.1133D+03   0.2441D+02   0.2082D+01
   -.1120D+03   0.2413D+02   0.1842D+01
   -.1119D+03   0.2166D+02   0.1394D+01
   -.1115D+03   0.2157D+02   0.8830D-01
   -.1111D+03   0.2394D+02   -.6102D+00
   -.1120D+03   0.2412D+02   -.1673D+01
   -.1131D+03   0.2188D+02   -.1909D+01
   -.1145D+03   0.2214D+02   -.1668D+01
   -.1145D+03   0.2466D+02   -.1220D+01
   -.1159D+03   0.1989D+02   0.9330D-01
   -.1162D+03   0.1743D+02   0.7920D+00
   -.1153D+03   0.1730D+02   0.1855D+01
   -.1142D+03   0.1961D+02   0.2092D+01
   -.1129D+03   0.1938D+02   0.1851D+01
   -.1127D+03   0.1692D+02   0.1403D+01
   -.1123D+03   0.1685D+02   0.9770D-01
   -.1120D+03   0.1923D+02   -.6009D+00
   -.1129D+03   0.1938D+02   -.1664D+01
   -.1139D+03   0.1709D+02   -.1900D+01
   -.1153D+03   0.1730D+02   -.1659D+01
   -.1154D+03   0.1982D+02   -.1211D+01
   -.1166D+03   0.1499D+02   0.1027D+00
   -.1168D+03   0.1252D+02   0.8014D+00
   -.1159D+03   0.1242D+02   0.1864D+01
   -.1150D+03   0.1478D+02   0.2101D+01
   -.1136D+03   0.1460D+02   0.1861D+01
   -.1133D+03   0.1215D+02   0.1413D+01
   -.1129D+03   0.1210D+02   0.1071D+00
   -.1127D+03   0.1449D+02   -.5915D+00
   -.1136D+03   0.1460D+02   -.1654D+01
   -.1145D+03   0.1228D+02   -.1891D+01
   -.1159D+03   0.1242D+02   -.1650D+01
   -.1161D+03   0.1493D+02   -.1202D+01
   -.1171D+03   0.1006D+02   0.1120D+00
   -.1172D+03   0.7581D+01   0.8107D+00
   -.1163D+03   0.7523D+01   0.1874D+01
   -.1155D+03   0.9917D+01   0.2110D+01
   -.1141D+03   0.9800D+01   0.1870D+01
   -.1137D+03   0.7357D+01   0.1422D+01
   -.1133D+03   0.7327D+01   0.1164D+00
   -.1132D+03   0.9725D+01   -.5822D+00
   -.1141D+03   0.9801D+01   -.1645D+01
   -.1149D+03   0.7436D+01   -.1881D+01
   -.1163D+03   0.7524D+01   -.1640D+01
   -.1167D+03   0.1002D+02   -.1192D+01
   -.1174D+03   0.5114D+01   0.1214D+00
   -.1174D+03   0.2634D+01   0.8201D+00
   -.1165D+03   0.2613D+01   0.1883D+01
   -.1158D+03   0.5040D+01   0.2120D+01
   -.1144D+03   0.4980D+01   0.1879D+01
   -.1139D+03   0.2554D+01   0.1431D+01
   -.1135D+03   0.2544D+01   0.1258D+00
   -.1135D+03   0.4942D+01   -.5728D+00
   -.1144D+03   0.4981D+01   -.1636D+01
   -.1151D+03   0.2583D+01   -.1872D+01
   -.1165D+03   0.2614D+01   -.1631D+01
   -.1170D+03   0.5094D+01   -.1183D+01
   -.1175D+03   0.1584D+00   0.1308D+00
   -.1174D+03   -.2318D+01   0.8303D+00
   -.1165D+03   -.2302D+01   0.1893D+01
   -.1159D+03   0.1543D+00   0.2129D+01
   -.1145D+03   0.1517D+00   0.1889D+01
   -.1139D+03   -.2253D+01   0.1442D+01
   -.1135D+03   -.2243D+01   0.1360D+00
   -.1136D+03   0.1512D+00   -.5634D+00
   -.1145D+03   0.1532D+00   -.1626D+01
   -.1151D+03   -.2274D+01   -.1862D+01
   -.1165D+03   -.2300D+01   -.1621D+01
   -.1171D+03   0.1579D+00   -.1173D+01
   -.1174D+03   -.4680D+01   0.1417D+00
   -.1172D+03   -.7149D+01   0.8412D+00
   -.1163D+03   -.7096D+01   0.1904D+01
   -.1158D+03   -.4616D+01   0.2140D+01
   -.1144D+03   -.4562D+01   0.1899D+01
   -.1137D+03   -.6941D+01   0.1452D+01
   -.1133D+03   -.6912D+01   0.1468D+00
   -.1135D+03   -.4526D+01   -.5526D+00
   -.1144D+03   -.4560D+01   -.1615D+01
   -.1149D+03   -.7012D+01   -.1851D+01
   -.1163D+03   -.7094D+01   -.1610D+01
   -.1170D+03   -.4661D+01   -.1163D+01
   -.1171D+03   -.9628D+01   0.1528D+00
   -.1168D+03   -.1208D+02   0.8523D+00
   -.1159D+03   -.1199D+02   0.1915D+01
   -.1155D+03   -.9493D+01   0.2151D+01
   -.1141D+03   -.9383D+01   0.1911D+01
   -.1133D+03   -.1173D+02   0.1464D+01
   -.1129D+03   -.1168D+02   0.1578D+00
   -.1132D+03   -.9309D+01   -.5416D+00
   -.1141D+03   -.9381D+01   -.1604D+01
   -.1145D+03   -.1185D+02   -.1840D+01
   -.1159D+03   -.1199D+02   -.1599D+01
   -.1167D+03   -.9589D+01   -.1152D+01
   -.1166D+03   -.1456D+02   0.1638D+00
   -.1162D+03   -.1700D+02   0.8635D+00
   -.1153D+03   -.1687D+02   0.1927D+01
   -.1150D+03   -.1435D+02   0.2162D+01
   -.1136D+03   -.1419D+02   0.1922D+01
   -.1128D+03   -.1650D+02   0.1475D+01
   -.1123D+03   -.1643D+02   0.1689D+00
   -.1127D+03   -.1407D+02   -.5305D+00
   -.1136D+03   -.1418D+02   -.1593D+01
   -.1139D+03   -.1667D+02   -.1829D+01
   -.1153D+03   -.1687D+02   -.1588D+01
   -.1162D+03   -.1450D+02   -.1141D+01
   -.1159D+03   -.1946D+02   0.1749D+00
   -.1153D+03   -.2188D+02   0.8746D+00
   -.1145D+03   -.2172D+02   0.1938D+01
   -.1142D+03   -.1919D+02   0.2173D+01
   -.1129D+03   -.1896D+02   0.1933D+01
   -.1120D+03   -.2124D+02   0.1486D+01
   -.1115D+03   -.2115D+02   0.1799D+00
   -.1120D+03   -.1882D+02   -.5195D+00
   -.1129D+03   -.1896D+02   -.1582D+01
   -.1131D+03   -.2146D+02   -.1818D+01
   -.1145D+03   -.2171D+02   -.1577D+01
   -.1154D+03   -.1938D+02   -.1129D+01
   -.1150D+03   -.2433D+02   0.1860D+00
   -.1143D+03   -.2673D+02   0.8857D+00
   -.1135D+03   -.2652D+02   0.1949D+01
   -.1133D+03   -.2399D+02   0.2184D+01
   -.1120D+03   -.2371D+02   0.1944D+01
   -.1110D+03   -.2594D+02   0.1497D+01
   -.1105D+03   -.2584D+02   0.1910D+00
   -.1111D+03   -.2352D+02   -.5084D+00
   -.1120D+03   -.2371D+02   -.1571D+01
   -.1121D+03   -.2621D+02   -.1806D+01
   -.1135D+03   -.2652D+02   -.1566D+01
   -.1145D+03   -.2423D+02   -.1118D+01
   -.1138D+03   -.2916D+02   0.1971D+00
   -.1131D+03   -.3152D+02   0.8966D+00
   -.1122D+03   -.3129D+02   0.1960D+01
   -.1122D+03   -.2875D+02   0.2196D+01
   -.1109D+03   -.2841D+02   0.1955D+01
   -.1098D+03   -.3060D+02   0.1508D+01
   -.1093D+03   -.3047D+02   0.2017D+00
   -.1100D+03   -.2819D+02   -.4973D+00
   -.1109D+03   -.2841D+02   -.1560D+01
   -.1109D+03   -.3092D+02   -.1796D+01
   -.1122D+03   -.3128D+02   -.1555D+01
   -.1134D+03   -.2904D+02   -.1107D+01
   -.1125D+03   -.3394D+02   0.2074D+00
   -.1117D+03   -.3626D+02   0.9065D+00
   -.1108D+03   -.3599D+02   0.1970D+01
   -.1109D+03   -.3346D+02   0.2206D+01
   -.1096D+03   -.3306D+02   0.1965D+01
   -.1084D+03   -.3520D+02   0.1518D+01
   -.1079D+03   -.3505D+02   0.2117D+00
   -.1088D+03   -.3280D+02   -.4871D+00
   -.1096D+03   -.3306D+02   -.1550D+01
   -.1095D+03   -.3557D+02   -.1786D+01
   -.1108D+03   -.3599D+02   -.1545D+01
   -.1121D+03   -.3380D+02   -.1097D+01
   -.1110D+03   -.3865D+02   0.2174D+00
   -.1100D+03   -.4094D+02   0.9165D+00
   -.1092D+03   -.4063D+02   0.1980D+01
   -.1094D+03   -.3810D+02   0.2216D+01
   -.1081D+03   -.3766D+02   0.1975D+01
   -.1068D+03   -.3974D+02   0.1528D+01
   -.1063D+03   -.3958D+02   0.2216D+00
   -.1073D+03   -.3736D+02   -.4772D+00
   -.1081D+03   -.3765D+02   -.1540D+01
   -.1079D+03   -.4016D+02   -.1776D+01
   -.1092D+03   -.4063D+02   -.1535D+01
   -.1105D+03   -.3849D+02   -.1087D+01
   -.1093D+03   -.4330D+02   0.2274D+00
   -.1082D+03   -.4555D+02   0.9264D+00
   -.1074D+03   -.4520D+02   0.1990D+01
   -.1077D+03   -.4269D+02   0.2226D+01
   -.1064D+03   -.4218D+02   0.1985D+01
   -.1050D+03   -.4421D+02   0.1538D+01
   -.1046D+03   -.4403D+02   0.2316D+00
   -.1056D+03   -.4185D+02   -.4672D+00
   -.1064D+03   -.4218D+02   -.1530D+01
   -.1061D+03   -.4467D+02   -.1766D+01
   -.1074D+03   -.4520D+02   -.1525D+01
   -.1088D+03   -.4312D+02   -.1077D+01
   -.1074D+03   -.4776D+02   0.2371D+00
   -.1063D+03   -.4996D+02   0.9361D+00
   -.1055D+03   -.4959D+02   0.1999D+01
   -.1059D+03   -.4708D+02   0.2235D+01
   -.1046D+03   -.4653D+02   0.1995D+01
   -.1031D+03   -.4850D+02   0.1547D+01
   -.1027D+03   -.4830D+02   0.2413D+00
   -.1038D+03   -.4617D+02   -.4575D+00
   -.1046D+03   -.4653D+02   -.1520D+01
   -.1042D+03   -.4901D+02   -.1756D+01
   -.1055D+03   -.4958D+02   -.1515D+01
   -.1070D+03   -.4757D+02   -.1067D+01
   -.1053D+03   -.5225D+02   0.2471D+00
   -.1041D+03   -.5440D+02   0.9461D+00
   -.1033D+03   -.5399D+02   0.2009D+01
   -.1038D+03   -.5151D+02   0.2245D+01
   -.1026D+03   -.5090D+02   0.2005D+01
   -.1010D+03   -.5281D+02   0.1557D+01
   -.1006D+03   -.5259D+02   0.2512D+00
   -.1018D+03   -.5051D+02   -.4476D+00
   -.1026D+03   -.5090D+02   -.1510D+01
   -.1021D+03   -.5336D+02   -.1746D+01
   -.1033D+03   -.5399D+02   -.1505D+01
   -.1049D+03   -.5204D+02   -.1057D+01
   -.1030D+03   -.5664D+02   0.2571D+00
   -.1017D+03   -.5874D+02   0.9561D+00
   -.1009D+03   -.5830D+02   0.2019D+01
   -.1015D+03   -.5584D+02   0.2255D+01
   -.1003D+03   -.5519D+02   0.2015D+01
   -.9868D+02   -.5702D+02   0.1567D+01
   -.9827D+02   -.5678D+02   0.2612D+00
   -.9955D+02   -.5476D+02   -.4377D+00
   -.1003D+03   -.5518D+02   -.1500D+01
   -.9972D+02   -.5762D+02   -.1736D+01
   -.1009D+03   -.5830D+02   -.1495D+01
   -.1026D+03   -.5641D+02   -.1047D+01
   -.1005D+03   -.6094D+02   0.2679D+00
   -.9912D+02   -.6298D+02   0.9677D+00
   -.9836D+02   -.6251D+02   0.2031D+01
   -.9909D+02   -.6008D+02   0.2266D+01
   -.9792D+02   -.5937D+02   0.2026D+01
   -.9619D+02   -.6113D+02   0.1579D+01
   -.9579D+02   -.6088D+02   0.2729D+00
   -.9716D+02   -.5891D+02   -.4268D+00
   -.9792D+02   -.5937D+02   -.1490D+01
   -.9721D+02   -.6177D+02   -.1725D+01
   -.9836D+02   -.6250D+02   -.1484D+01
   -.1001D+03   -.6069D+02   -.1037D+01
   -.9787D+02   -.6512D+02   0.2795D+00
   -.9638D+02   -.6711D+02   0.9794D+00
   -.9565D+02   -.6660D+02   0.2042D+01
   -.9647D+02   -.6420D+02   0.2278D+01
   -.9533D+02   -.6345D+02   0.2037D+01
   -.9353D+02   -.6514D+02   0.1590D+01
   -.9314D+02   -.6487D+02   0.2846D+00
   -.9459D+02   -.6295D+02   -.4151D+00
   -.9533D+02   -.6345D+02   -.1478D+01
   -.9452D+02   -.6582D+02   -.1713D+01
   -.9565D+02   -.6660D+02   -.1472D+01
   -.9748D+02   -.6486D+02   -.1025D+01
   -.9505D+02   -.6920D+02   0.2912D+00
   -.9347D+02   -.7111D+02   0.9910D+00
   -.9276D+02   -.7058D+02   0.2054D+01
   -.9369D+02   -.6822D+02   0.2289D+01
   -.9258D+02   -.6742D+02   0.2049D+01
   -.9071D+02   -.6903D+02   0.1602D+01
   -.9033D+02   -.6874D+02   0.2964D+00
   -.9186D+02   -.6689D+02   -.4034D+00
   -.9258D+02   -.6741D+02   -.1466D+01
   -.9167D+02   -.6975D+02   -.1701D+01
   -.9276D+02   -.7058D+02   -.1460D+01
   -.9466D+02   -.6892D+02   -.1013D+01
   -.9205D+02   -.7315D+02   0.3028D+00
   -.9040D+02   -.7500D+02   0.1003D+01
   -.8971D+02   -.7443D+02   0.2066D+01
   -.9073D+02   -.7211D+02   0.2301D+01
   -.8966D+02   -.7126D+02   0.2061D+01
   -.8773D+02   -.7280D+02   0.1614D+01
   -.8736D+02   -.7249D+02   0.3081D+00
   -.8896D+02   -.7071D+02   -.3916D+00
   -.8966D+02   -.7126D+02   -.1454D+01
   -.8866D+02   -.7356D+02   -.1690D+01
   -.8971D+02   -.7443D+02   -.1448D+01
   -.9168D+02   -.7285D+02   -.1002D+01
   -.8889D+02   -.7697D+02   0.3144D+00
   -.8716D+02   -.7875D+02   0.1014D+01
   -.8650D+02   -.7815D+02   0.2077D+01
   -.8762D+02   -.7588D+02   0.2313D+01
   -.8658D+02   -.7498D+02   0.2072D+01
   -.8459D+02   -.7644D+02   0.1626D+01
   -.8423D+02   -.7612D+02   0.3199D+00
   -.8591D+02   -.7440D+02   -.3799D+00
   -.8659D+02   -.7498D+02   -.1443D+01
   -.8548D+02   -.7724D+02   -.1678D+01
   -.8650D+02   -.7815D+02   -.1437D+01
   -.8853D+02   -.7666D+02   -.9898D+00
   -.8558D+02   -.8065D+02   0.3261D+00
   -.8378D+02   -.8236D+02   0.1026D+01
   -.8314D+02   -.8173D+02   0.2089D+01
   -.8435D+02   -.7951D+02   0.2324D+01
   -.8335D+02   -.7857D+02   0.2084D+01
   -.8130D+02   -.7994D+02   0.1637D+01
   -.8096D+02   -.7961D+02   0.3316D+00
   -.8270D+02   -.7796D+02   -.3682D+00
   -.8336D+02   -.7857D+02   -.1431D+01
   -.8216D+02   -.8078D+02   -.1666D+01
   -.8314D+02   -.8173D+02   -.1425D+01
   -.8523D+02   -.8033D+02   -.9781D+00
   -.8219D+02   -.8411D+02   0.3374D+00
   -.8032D+02   -.8574D+02   0.1037D+01
   -.7971D+02   -.8509D+02   0.2100D+01
   -.8102D+02   -.8292D+02   0.2336D+01
   -.8006D+02   -.8194D+02   0.2095D+01
   -.7795D+02   -.8322D+02   0.1649D+01
   -.7762D+02   -.8288D+02   0.3429D+00
   -.7943D+02   -.8131D+02   -.3568D+00
   -.8006D+02   -.8194D+02   -.1420D+01
   -.7877D+02   -.8410D+02   -.1655D+01
   -.7971D+02   -.8509D+02   -.1414D+01
   -.8186D+02   -.8377D+02   -.9667D+00
   -.7858D+02   -.8751D+02   0.3491D+00
   -.7664D+02   -.8906D+02   0.1049D+01
   -.7606D+02   -.8838D+02   0.2112D+01
   -.7746D+02   -.8627D+02   0.2347D+01
   -.7654D+02   -.8525D+02   0.2107D+01
   -.7438D+02   -.8644D+02   0.1660D+01
   -.7406D+02   -.8608D+02   0.3545D+00
   -.7594D+02   -.8459D+02   -.3452D+00
   -.7654D+02   -.8525D+02   -.1408D+01
   -.7517D+02   -.8735D+02   -.1643D+01
   -.7606D+02   -.8838D+02   -.1402D+01
   -.7827D+02   -.8716D+02   -.9551D+00
   -.7483D+02   -.9075D+02   0.3607D+00
   -.7283D+02   -.9222D+02   0.1061D+01
   -.7228D+02   -.9152D+02   0.2124D+01
   -.7376D+02   -.8946D+02   0.2359D+01
   -.7289D+02   -.8841D+02   0.2119D+01
   -.7067D+02   -.8951D+02   0.1672D+01
   -.7038D+02   -.8914D+02   0.3661D+00
   -.7232D+02   -.8772D+02   -.3336D+00
   -.7289D+02   -.8841D+02   -.1396D+01
   -.7142D+02   -.9045D+02   -.1631D+01
   -.7228D+02   -.9152D+02   -.1391D+01
   -.7453D+02   -.9038D+02   -.9435D+00
   -.7095D+02   -.9383D+02   0.3723D+00
   -.6889D+02   -.9521D+02   0.1072D+01
   -.6836D+02   -.9449D+02   0.2135D+01
   -.6993D+02   -.9250D+02   0.2371D+01
   -.6910D+02   -.9141D+02   0.2130D+01
   -.6685D+02   -.9242D+02   0.1683D+01
   -.6657D+02   -.9203D+02   0.3777D+00
   -.6856D+02   -.9070D+02   -.3220D+00
   -.6911D+02   -.9141D+02   -.1385D+01
   -.6756D+02   -.9339D+02   -.1620D+01
   -.6836D+02   -.9449D+02   -.1379D+01
   -.7066D+02   -.9345D+02   -.9319D+00
   -.6694D+02   -.9675D+02   0.3839D+00
   -.6482D+02   -.9804D+02   0.1084D+01
   -.6433D+02   -.9730D+02   0.2147D+01
   -.6598D+02   -.9537D+02   0.2382D+01
   -.6520D+02   -.9425D+02   0.2142D+01
   -.6290D+02   -.9516D+02   0.1695D+01
   -.6264D+02   -.9477D+02   0.3892D+00
   -.6469D+02   -.9352D+02   -.3104D+00
   -.6520D+02   -.9425D+02   -.1373D+01
   -.6357D+02   -.9616D+02   -.1608D+01
   -.6433D+02   -.9730D+02   -.1367D+01
   -.6667D+02   -.9636D+02   -.9203D+00
   -.6281D+02   -.9949D+02   0.3955D+00
   -.6064D+02   -.1007D+03   0.1095D+01
   -.6018D+02   -.9993D+02   0.2159D+01
   -.6191D+02   -.9808D+02   0.2394D+01
   -.6118D+02   -.9693D+02   0.2154D+01
   -.5884D+02   -.9774D+02   0.1707D+01
   -.5860D+02   -.9733D+02   0.4008D+00
   -.6070D+02   -.9617D+02   -.2988D+00
   -.6118D+02   -.9693D+02   -.1362D+01
   -.5947D+02   -.9876D+02   -.1597D+01
   -.6018D+02   -.9993D+02   -.1356D+01
   -.6256D+02   -.9909D+02   -.9087D+00
   -.5858D+02   -.1021D+03   0.4071D+00
   -.5636D+02   -.1032D+03   0.1105D+01
   -.5592D+02   -.1024D+03   0.2168D+01
   -.5773D+02   -.1006D+03   0.2405D+01
   -.5705D+02   -.9943D+02   0.2165D+01
   -.5468D+02   -.1001D+03   0.1716D+01
   -.5445D+02   -.9972D+02   0.4105D+00
   -.5660D+02   -.9866D+02   -.2872D+00
   -.5705D+02   -.9943D+02   -.1350D+01
   -.5527D+02   -.1012D+03   -.1587D+01
   -.5593D+02   -.1024D+03   -.1346D+01
   -.5834D+02   -.1017D+03   -.8972D+00
   -.5423D+02   -.1045D+03   0.4149D+00
   -.5197D+02   -.1055D+03   0.1113D+01
   -.5157D+02   -.1047D+03   0.2176D+01
   -.5345D+02   -.1030D+03   0.2413D+01
   -.5282D+02   -.1018D+03   0.2173D+01
   -.5042D+02   -.1024D+03   0.1724D+01
   -.5021D+02   -.1019D+03   0.4183D+00
   -.5240D+02   -.1010D+03   -.2794D+00
   -.5282D+02   -.1018D+03   -.1342D+01
   -.5096D+02   -.1034D+03   -.1579D+01
   -.5157D+02   -.1047D+03   -.1338D+01
   -.5401D+02   -.1040D+03   -.8893D+00
   -.4979D+02   -.1067D+03   0.4227D+00
   -.4749D+02   -.1076D+03   0.1121D+01
   -.4712D+02   -.1068D+03   0.2184D+01
   -.4907D+02   -.1051D+03   0.2421D+01
   -.4849D+02   -.1039D+03   0.2180D+01
   -.4607D+02   -.1044D+03   0.1732D+01
   -.4588D+02   -.1040D+03   0.4261D+00
   -.4811D+02   -.1031D+03   -.2716D+00
   -.4849D+02   -.1039D+03   -.1334D+01
   -.4656D+02   -.1055D+03   -.1571D+01
   -.4712D+02   -.1068D+03   -.1330D+01
   -.4959D+02   -.1062D+03   -.8815D+00
   -.4537D+02   -.1086D+03   0.4303D+00
   -.4303D+02   -.1095D+03   0.1128D+01
   -.4270D+02   -.1086D+03   0.2191D+01
   -.4472D+02   -.1071D+03   0.2429D+01
   -.4418D+02   -.1058D+03   0.2188D+01
   -.4175D+02   -.1062D+03   0.1739D+01
   -.4157D+02   -.1058D+03   0.4338D+00
   -.4384D+02   -.1050D+03   -.2640D+00
   -.4418D+02   -.1058D+03   -.1327D+01
   -.4219D+02   -.1073D+03   -.1564D+01
   -.4270D+02   -.1086D+03   -.1323D+01
   -.4518D+02   -.1082D+03   -.8739D+00
   -.4076D+02   -.1105D+03   0.4381D+00
   -.3839D+02   -.1112D+03   0.1136D+01
   -.3809D+02   -.1103D+03   0.2199D+01
   -.4017D+02   -.1089D+03   0.2436D+01
   -.3970D+02   -.1076D+03   0.2196D+01
   -.3725D+02   -.1079D+03   0.1747D+01
   -.3709D+02   -.1075D+03   0.4416D+00
   -.3938D+02   -.1068D+03   -.2561D+00
   -.3970D+02   -.1076D+03   -.1319D+01
   -.3764D+02   -.1090D+03   -.1556D+01
   -.3809D+02   -.1103D+03   -.1315D+01
   -.4059D+02   -.1100D+03   -.8661D+00
   -.3608D+02   -.1121D+03   0.4458D+00
   -.3368D+02   -.1127D+03   0.1144D+01
   -.3342D+02   -.1118D+03   0.2207D+01
   -.3556D+02   -.1105D+03   0.2444D+01
   -.3514D+02   -.1092D+03   0.2204D+01
   -.3267D+02   -.1094D+03   0.1755D+01
   -.3254D+02   -.1089D+03   0.4494D+00
   -.3486D+02   -.1083D+03   -.2483D+00
   -.3513D+02   -.1092D+03   -.1311D+01
   -.3302D+02   -.1105D+03   -.1548D+01
   -.3342D+02   -.1118D+03   -.1307D+01
   -.3593D+02   -.1116D+03   -.8582D+00
   -.3134D+02   -.1135D+03   0.4536D+00
   -.2891D+02   -.1140D+03   0.1149D+01
   -.2869D+02   -.1132D+03   0.2212D+01
   -.3088D+02   -.1119D+03   0.2452D+01
   -.3051D+02   -.1106D+03   0.2211D+01
   -.2805D+02   -.1107D+03   0.1760D+01
   -.2793D+02   -.1102D+03   0.4548D+00
   -.3027D+02   -.1097D+03   -.2405D+00
   -.3051D+02   -.1106D+03   -.1303D+01
   -.2835D+02   -.1118D+03   -.1543D+01
   -.2869D+02   -.1132D+03   -.1302D+01
   -.3121D+02   -.1131D+03   -.8504D+00
   -.2653D+02   -.1148D+03   0.4543D+00
   -.2409D+02   -.1152D+03   0.1147D+01
   -.2390D+02   -.1143D+03   0.2211D+01
   -.2615D+02   -.1131D+03   0.2453D+01
   -.2584D+02   -.1118D+03   0.2212D+01
   -.2337D+02   -.1118D+03   0.1759D+01
   -.2327D+02   -.1113D+03   0.4530D+00
   -.2563D+02   -.1109D+03   -.2399D+00
   -.2584D+02   -.1118D+03   -.1303D+01
   -.2362D+02   -.1130D+03   -.1544D+01
   -.2390D+02   -.1143D+03   -.1304D+01
   -.2642D+02   -.1143D+03   -.8498D+00
   -.2168D+02   -.1158D+03   0.4527D+00
   -.1922D+02   -.1161D+03   0.1146D+01
   -.1907D+02   -.1152D+03   0.2209D+01
   -.2137D+02   -.1141D+03   0.2451D+01
   -.2111D+02   -.1128D+03   0.2211D+01
   -.1865D+02   -.1127D+03   0.1757D+01
   -.1857D+02   -.1122D+03   0.4512D+00
   -.2095D+02   -.1119D+03   -.2417D+00
   -.2111D+02   -.1128D+03   -.1304D+01
   -.1885D+02   -.1139D+03   -.1546D+01
   -.1907D+02   -.1152D+03   -.1305D+01
   -.2159D+02   -.1153D+03   -.8516D+00
   -.1679D+02   -.1166D+03   0.4510D+00
   -.1432D+02   -.1168D+03   0.1144D+01
   -.1421D+02   -.1159D+03   0.2207D+01
   -.1655D+02   -.1149D+03   0.2449D+01
   -.1635D+02   -.1136D+03   0.2209D+01
   -.1389D+02   -.1134D+03   0.1755D+01
   -.1383D+02   -.1129D+03   0.4494D+00
   -.1622D+02   -.1127D+03   -.2436D+00
   -.1635D+02   -.1136D+03   -.1306D+01
   -.1404D+02   -.1146D+03   -.1548D+01
   -.1421D+02   -.1159D+03   -.1307D+01
   -.1672D+02   -.1161D+03   -.8534D+00
   -.1188D+02   -.1172D+03   0.4493D+00
   -.9397D+01   -.1173D+03   0.1143D+01
   -.9324D+01   -.1164D+03   0.2206D+01
   -.1170D+02   -.1155D+03   0.2448D+01
   -.1156D+02   -.1142D+03   0.2207D+01
   -.9113D+01   -.1139D+03   0.1754D+01
   -.9073D+01   -.1134D+03   0.4476D+00
   -.1147D+02   -.1133D+03   -.2454D+00
   -.1156D+02   -.1142D+03   -.1308D+01
   -.9210D+01   -.1151D+03   -.1550D+01
   -.9322D+01   -.1164D+03   -.1309D+01
   -.1182D+02   -.1167D+03   -.8552D+00
   -.6934D+01   -.1176D+03   0.4476D+00
   -.4454D+01   -.1176D+03   0.1141D+01
   -.4419D+01   -.1167D+03   0.2204D+01
   -.6833D+01   -.1160D+03   0.2446D+01
   -.6750D+01   -.1146D+03   0.2206D+01
   -.4316D+01   -.1142D+03   0.1752D+01
   -.4297D+01   -.1137D+03   0.4458D+00
   -.6693D+01   -.1137D+03   -.2472D+00
   -.6747D+01   -.1146D+03   -.1310D+01
   -.4362D+01   -.1154D+03   -.1552D+01
   -.4416D+01   -.1167D+03   -.1311D+01
   -.6904D+01   -.1172D+03   -.8571D+00
   -.2098D+01   -.1178D+03   0.4460D+00
   0.3801D+00   -.1177D+03   0.1139D+01
   0.3777D+00   -.1168D+03   0.2203D+01
   -.2067D+01   -.1162D+03   0.2445D+01
   -.2040D+01   -.1148D+03   0.2204D+01
   0.3739D+00   -.1143D+03   0.1751D+01
   0.3741D+00   -.1138D+03   0.4440D+00
   -.2021D+01   -.1139D+03   -.2490D+00
   -.2037D+01   -.1148D+03   -.1312D+01
   0.3787D+00   -.1155D+03   -.1554D+01
   0.3809D+00   -.1168D+03   -.1313D+01
   -.2088D+01   -.1173D+03   -.8588D+00
   0.2860D+01   -.1178D+03   0.4366D+00
   0.5331D+01   -.1176D+03   0.1122D+01
   0.5291D+01   -.1167D+03   0.2185D+01
   0.2819D+01   -.1162D+03   0.2435D+01
   0.2788D+01   -.1148D+03   0.2195D+01
   0.5178D+01   -.1142D+03   0.1733D+01
   0.5158D+01   -.1137D+03   0.4269D+00
   0.2770D+01   -.1139D+03   -.2584D+00
   0.2791D+01   -.1148D+03   -.1321D+01
   0.5234D+01   -.1154D+03   -.1571D+01
   0.5294D+01   -.1167D+03   -.1330D+01
   0.2850D+01   -.1173D+03   -.8682D+00
   0.7813D+01   -.1176D+03   0.4191D+00
   0.1027D+02   -.1173D+03   0.1105D+01
   0.1020D+02   -.1164D+03   0.2168D+01
   0.7701D+01   -.1159D+03   0.2418D+01
   0.7612D+01   -.1146D+03   0.2177D+01
   0.9973D+01   -.1139D+03   0.1716D+01
   0.9934D+01   -.1134D+03   0.4096D+00
   0.7556D+01   -.1137D+03   -.2756D+00
   0.7615D+01   -.1146D+03   -.1338D+01
   0.1008D+02   -.1150D+03   -.1588D+01
   0.1020D+02   -.1164D+03   -.1347D+01
   0.7783D+01   -.1171D+03   -.8855D+00
   0.1275D+02   -.1172D+03   0.4017D+00
   0.1520D+02   -.1168D+03   0.1087D+01
   0.1508D+02   -.1159D+03   0.2150D+01
   0.1257D+02   -.1155D+03   0.2400D+01
   0.1242D+02   -.1142D+03   0.2160D+01
   0.1475D+02   -.1133D+03   0.1698D+01
   0.1469D+02   -.1129D+03   0.3924D+00
   0.1233D+02   -.1133D+03   -.2929D+00
   0.1243D+02   -.1142D+03   -.1356D+01
   0.1491D+02   -.1145D+03   -.1605D+01
   0.1509D+02   -.1159D+03   -.1364D+01
   0.1270D+02   -.1167D+03   -.9028D+00
   0.1767D+02   -.1166D+03   0.3842D+00
   0.2010D+02   -.1160D+03   0.1070D+01
   0.1994D+02   -.1152D+03   0.2133D+01
   0.1742D+02   -.1149D+03   0.2383D+01
   0.1721D+02   -.1136D+03   0.2142D+01
   0.1951D+02   -.1126D+03   0.1681D+01
   0.1943D+02   -.1122D+03   0.3751D+00
   0.1708D+02   -.1127D+03   -.3101D+00
   0.1722D+02   -.1136D+03   -.1373D+01
   0.1971D+02   -.1138D+03   -.1623D+01
   0.1995D+02   -.1152D+03   -.1381D+01
   0.1760D+02   -.1161D+03   -.9201D+00
   0.2256D+02   -.1157D+03   0.3668D+00
   0.2496D+02   -.1151D+03   0.1052D+01
   0.2477D+02   -.1142D+03   0.2115D+01
   0.2223D+02   -.1141D+03   0.2365D+01
   0.2197D+02   -.1128D+03   0.2125D+01
   0.2423D+02   -.1117D+03   0.1663D+01
   0.2413D+02   -.1113D+03   0.3579D+00
   0.2180D+02   -.1119D+03   -.3274D+00
   0.2198D+02   -.1128D+03   -.1390D+01
   0.2448D+02   -.1129D+03   -.1640D+01
   0.2477D+02   -.1142D+03   -.1399D+01
   0.2247D+02   -.1153D+03   -.9374D+00
   0.2741D+02   -.1147D+03   0.3493D+00
   0.2978D+02   -.1140D+03   0.1035D+01
   0.2955D+02   -.1131D+03   0.2098D+01
   0.2701D+02   -.1131D+03   0.2348D+01
   0.2670D+02   -.1117D+03   0.2107D+01
   0.2890D+02   -.1106D+03   0.1646D+01
   0.2878D+02   -.1102D+03   0.3406D+00
   0.2649D+02   -.1109D+03   -.3446D+00
   0.2670D+02   -.1117D+03   -.1407D+01
   0.2921D+02   -.1118D+03   -.1657D+01
   0.2956D+02   -.1131D+03   -.1416D+01
   0.2730D+02   -.1142D+03   -.9547D+00
   0.3221D+02   -.1135D+03   0.3294D+00
   0.3455D+02   -.1126D+03   0.1010D+01
   0.3429D+02   -.1118D+03   0.2073D+01
   0.3175D+02   -.1118D+03   0.2328D+01
   0.3137D+02   -.1105D+03   0.2087D+01
   0.3353D+02   -.1093D+03   0.1621D+01
   0.3339D+02   -.1089D+03   0.3156D+00
   0.3113D+02   -.1097D+03   -.3645D+00
   0.3138D+02   -.1105D+03   -.1427D+01
   0.3389D+02   -.1105D+03   -.1682D+01
   0.3429D+02   -.1118D+03   -.1441D+01
   0.3208D+02   -.1130D+03   -.9746D+00
   0.3695D+02   -.1120D+03   0.3020D+00
   0.3915D+02   -.1112D+03   0.9830D+00
   0.3885D+02   -.1103D+03   0.2046D+01
   0.3642D+02   -.1104D+03   0.2300D+01
   0.3599D+02   -.1091D+03   0.2060D+01
   0.3799D+02   -.1079D+03   0.1594D+01
   0.3783D+02   -.1074D+03   0.2888D+00
   0.3571D+02   -.1083D+03   -.3920D+00
   0.3599D+02   -.1091D+03   -.1455D+01
   0.3840D+02   -.1090D+03   -.1709D+01
   0.3885D+02   -.1103D+03   -.1468D+01
   0.3680D+02   -.1116D+03   -.1002D+01
   0.4152D+02   -.1104D+03   0.2754D+00
   0.4379D+02   -.1094D+03   0.9557D+00
   0.4345D+02   -.1086D+03   0.2019D+01
   0.4092D+02   -.1088D+03   0.2274D+01
   0.4044D+02   -.1076D+03   0.2033D+01
   0.4249D+02   -.1062D+03   0.1567D+01
   0.4232D+02   -.1058D+03   0.2613D+00
   0.4013D+02   -.1067D+03   -.4188D+00
   0.4045D+02   -.1076D+03   -.1482D+01
   0.4295D+02   -.1073D+03   -.1736D+01
   0.4346D+02   -.1086D+03   -.1495D+01
   0.4135D+02   -.1100D+03   -.1029D+01
   0.4613D+02   -.1086D+03   0.2480D+00
   0.4835D+02   -.1075D+03   0.9284D+00
   0.4798D+02   -.1067D+03   0.1992D+01
   0.4547D+02   -.1070D+03   0.2246D+01
   0.4493D+02   -.1058D+03   0.2006D+01
   0.4692D+02   -.1043D+03   0.1540D+01
   0.4673D+02   -.1039D+03   0.2338D+00
   0.4458D+02   -.1050D+03   -.4463D+00
   0.4493D+02   -.1058D+03   -.1509D+01
   0.4742D+02   -.1054D+03   -.1764D+01
   0.4798D+02   -.1067D+03   -.1523D+01
   0.4594D+02   -.1082D+03   -.1056D+01
   0.5065D+02   -.1066D+03   0.2207D+00
   0.5283D+02   -.1054D+03   0.9011D+00
   0.5243D+02   -.1046D+03   0.1964D+01
   0.4993D+02   -.1051D+03   0.2219D+01
   0.4934D+02   -.1038D+03   0.1979D+01
   0.5127D+02   -.1023D+03   0.1512D+01
   0.5106D+02   -.1019D+03   0.2064D+00
   0.4896D+02   -.1030D+03   -.4738D+00
   0.4934D+02   -.1038D+03   -.1537D+01
   0.5181D+02   -.1034D+03   -.1791D+01
   0.5243D+02   -.1046D+03   -.1550D+01
   0.5045D+02   -.1061D+03   -.1084D+01
   0.5509D+02   -.1044D+03   0.1934D+00
   0.5722D+02   -.1031D+03   0.8738D+00
   0.5678D+02   -.1023D+03   0.1937D+01
   0.5430D+02   -.1029D+03   0.2192D+01
   0.5366D+02   -.1017D+03   0.1951D+01
   0.5553D+02   -.1001D+03   0.1485D+01
   0.5530D+02   -.9965D+02   0.1789D+00
   0.5325D+02   -.1009D+03   -.5013D+00
   0.5367D+02   -.1017D+03   -.1564D+01
   0.5612D+02   -.1011D+03   -.1819D+01
   0.5678D+02   -.1023D+03   -.1578D+01
   0.5487D+02   -.1039D+03   -.1111D+01
   0.5944D+02   -.1020D+03   0.1661D+00
   0.6150D+02   -.1006D+03   0.8445D+00
   0.6103D+02   -.9984D+02   0.1908D+01
   0.5859D+02   -.1005D+03   0.2164D+01
   0.5790D+02   -.9935D+02   0.1924D+01
   0.5969D+02   -.9766D+02   0.1456D+01
   0.5944D+02   -.9725D+02   0.1495D+00
   0.5745D+02   -.9858D+02   -.5288D+00
   0.5790D+02   -.9934D+02   -.1592D+01
   0.6032D+02   -.9868D+02   -.1848D+01
   0.6104D+02   -.9984D+02   -.1607D+01
   0.5920D+02   -.1016D+03   -.1139D+01
   0.6367D+02   -.9940D+02   0.1347D+00
   0.6568D+02   -.9795D+02   0.8131D+00
   0.6518D+02   -.9721D+02   0.1876D+01
   0.6276D+02   -.9799D+02   0.2133D+01
   0.6202D+02   -.9684D+02   0.1893D+01
   0.6375D+02   -.9508D+02   0.1424D+01
   0.6348D+02   -.9468D+02   0.1181D+00
   0.6154D+02   -.9609D+02   -.5601D+00
   0.6202D+02   -.9684D+02   -.1623D+01
   0.6442D+02   -.9607D+02   -.1880D+01
   0.6518D+02   -.9720D+02   -.1639D+01
   0.6342D+02   -.9900D+02   -.1170D+01
   0.6780D+02   -.9665D+02   0.1034D+00
   0.6974D+02   -.9511D+02   0.7818D+00
   0.6921D+02   -.9440D+02   0.1845D+01
   0.6683D+02   -.9528D+02   0.2102D+01
   0.6604D+02   -.9417D+02   0.1861D+01
   0.6769D+02   -.9233D+02   0.1393D+01
   0.6741D+02   -.9195D+02   0.8680D-01
   0.6553D+02   -.9343D+02   -.5915D+00
   0.6605D+02   -.9416D+02   -.1654D+01
   0.6841D+02   -.9330D+02   -.1911D+01
   0.6922D+02   -.9439D+02   -.1670D+01
   0.6753D+02   -.9626D+02   -.1201D+01
   0.7181D+02   -.9373D+02   0.7200D-01
   0.7368D+02   -.9212D+02   0.7505D+00
   0.7312D+02   -.9142D+02   0.1814D+01
   0.7078D+02   -.9241D+02   0.2070D+01
   0.6995D+02   -.9132D+02   0.1830D+01
   0.7152D+02   -.8942D+02   0.1361D+01
   0.7122D+02   -.8905D+02   0.5540D-01
   0.6940D+02   -.9061D+02   -.6228D+00
   0.6995D+02   -.9132D+02   -.1686D+01
   0.7227D+02   -.9035D+02   -.1942D+01
   0.7313D+02   -.9142D+02   -.1701D+01
   0.7152D+02   -.9336D+02   -.1233D+01
   0.7569D+02   -.9065D+02   0.4060D-01
   0.7741D+02   -.8903D+02   0.7199D+00
   0.7682D+02   -.8836D+02   0.1783D+01
   0.7461D+02   -.8937D+02   0.2039D+01
   0.7373D+02   -.8832D+02   0.1798D+01
   0.7513D+02   -.8643D+02   0.1331D+01
   0.7481D+02   -.8607D+02   0.2480D-01
   0.7316D+02   -.8763D+02   -.6542D+00
   0.7373D+02   -.8832D+02   -.1717D+01
   0.7592D+02   -.8733D+02   -.1973D+01
   0.7682D+02   -.8836D+02   -.1732D+01
   0.7538D+02   -.9028D+02   -.1264D+01
   0.7935D+02   -.8748D+02   0.1000D-01
   0.8108D+02   -.8572D+02   0.6885D+00
   0.8047D+02   -.8507D+02   0.1752D+01
   0.7822D+02   -.8625D+02   0.2009D+01
   0.7729D+02   -.8523D+02   0.1768D+01
   0.7870D+02   -.8321D+02   0.1300D+01
   0.7837D+02   -.8286D+02   -.6600D-02
   0.7669D+02   -.8457D+02   -.6848D+00
   0.7730D+02   -.8523D+02   -.1748D+01
   0.7953D+02   -.8408D+02   -.2004D+01
   0.8047D+02   -.8507D+02   -.1763D+01
   0.7903D+02   -.8713D+02   -.1295D+01
   0.8296D+02   -.8409D+02   -.2130D-01
   0.8462D+02   -.8225D+02   0.6574D+00
   0.8398D+02   -.8163D+02   0.1721D+01
   0.8178D+02   -.8290D+02   0.1977D+01
   0.8081D+02   -.8193D+02   0.1737D+01
   0.8213D+02   -.7984D+02   0.1268D+01
   0.8179D+02   -.7951D+02   -.3770D-01
   0.8019D+02   -.8129D+02   -.7162D+00
   0.8081D+02   -.8193D+02   -.1779D+01
   0.8300D+02   -.8068D+02   -.2036D+01
   0.8398D+02   -.8163D+02   -.1794D+01
   0.8262D+02   -.8375D+02   -.1326D+01
   0.8642D+02   -.8054D+02   -.5200D-01
   0.8801D+02   -.7864D+02   0.6270D+00
   0.8734D+02   -.7805D+02   0.1690D+01
   0.8519D+02   -.7941D+02   0.1947D+01
   0.8419D+02   -.7848D+02   0.1706D+01
   0.8542D+02   -.7634D+02   0.1238D+01
   0.8506D+02   -.7602D+02   -.6810D-01
   0.8354D+02   -.7787D+02   -.7468D+00
   0.8419D+02   -.7847D+02   -.1810D+01
   0.8632D+02   -.7714D+02   -.2066D+01
   0.8734D+02   -.7804D+02   -.1825D+01
   0.8608D+02   -.8022D+02   -.1357D+01
   0.8974D+02   -.7686D+02   -.8240D-01
   0.9124D+02   -.7489D+02   0.5967D+00
   0.9055D+02   -.7432D+02   0.1660D+01
   0.8846D+02   -.7577D+02   0.1916D+01
   0.8742D+02   -.7489D+02   0.1676D+01
   0.8856D+02   -.7270D+02   0.1208D+01
   0.8819D+02   -.7240D+02   -.9850D-01
   0.8674D+02   -.7431D+02   -.7773D+00
   0.8742D+02   -.7488D+02   -.1840D+01
   0.8949D+02   -.7346D+02   -.2096D+01
   0.9055D+02   -.7432D+02   -.1855D+01
   0.8938D+02   -.7655D+02   -.1387D+01
   0.9289D+02   -.7304D+02   -.1128D+00
   0.9431D+02   -.7100D+02   0.5663D+00
   0.9360D+02   -.7047D+02   0.1630D+01
   0.9157D+02   -.7200D+02   0.1886D+01
   0.9049D+02   -.7116D+02   0.1645D+01
   0.9154D+02   -.6893D+02   0.1177D+01
   0.9116D+02   -.6864D+02   -.1289D+00
   0.8979D+02   -.7061D+02   -.8077D+00
   0.9050D+02   -.7116D+02   -.1871D+01
   0.9250D+02   -.6965D+02   -.2127D+01
   0.9360D+02   -.7047D+02   -.1886D+01
   0.9252D+02   -.7274D+02   -.1417D+01
   0.9589D+02   -.6909D+02   -.1432D+00
   0.9722D+02   -.6700D+02   0.5359D+00
   0.9648D+02   -.6649D+02   0.1599D+01
   0.9452D+02   -.6811D+02   0.1855D+01
   0.9341D+02   -.6731D+02   0.1615D+01
   0.9436D+02   -.6504D+02   0.1147D+01
   0.9397D+02   -.6477D+02   -.1593D+00
   0.9269D+02   -.6679D+02   -.8381D+00
   0.9341D+02   -.6731D+02   -.1901D+01
   0.9536D+02   -.6572D+02   -.2157D+01
   0.9648D+02   -.6649D+02   -.1916D+01
   0.9550D+02   -.6881D+02   -.1448D+01
   0.9871D+02   -.6501D+02   -.1736D+00
   0.9995D+02   -.6287D+02   0.5056D+00
   0.9920D+02   -.6240D+02   0.1569D+01
   0.9731D+02   -.6410D+02   0.1825D+01
   0.9616D+02   -.6335D+02   0.1585D+01
   0.9702D+02   -.6103D+02   0.1117D+01
   0.9662D+02   -.6078D+02   -.1897D+00
   0.9542D+02   -.6285D+02   -.8685D+00
   0.9616D+02   -.6334D+02   -.1932D+01
   0.9804D+02   -.6167D+02   -.2188D+01
   0.9920D+02   -.6239D+02   -.1946D+01
   0.9831D+02   -.6475D+02   -.1478D+01
   0.1014D+03   -.6083D+02   -.2040D+00
   0.1025D+03   -.5863D+02   0.4753D+00
   0.1017D+03   -.5819D+02   0.1539D+01
   0.9992D+02   -.5997D+02   0.1795D+01
   0.9875D+02   -.5927D+02   0.1554D+01
   0.9950D+02   -.5692D+02   0.1086D+01
   0.9909D+02   -.5668D+02   -.2201D+00
   0.9798D+02   -.5881D+02   -.8990D+00
   0.9875D+02   -.5926D+02   -.1962D+01
   0.1005D+03   -.5751D+02   -.2218D+01
   0.1017D+03   -.5819D+02   -.1977D+01
   0.1010D+03   -.6058D+02   -.1509D+01
   0.1038D+03   -.5653D+02   -.2306D+00
   0.1048D+03   -.5439D+02   0.4529D+00
   0.1040D+03   -.5398D+02   0.1516D+01
   0.1024D+03   -.5573D+02   0.1768D+01
   0.1012D+03   -.5508D+02   0.1528D+01
   0.1018D+03   -.5281D+02   0.1064D+01
   0.1013D+03   -.5259D+02   -.2425D+00
   0.1004D+03   -.5466D+02   -.9255D+00
   0.1012D+03   -.5508D+02   -.1989D+01
   0.1028D+03   -.5336D+02   -.2240D+01
   0.1040D+03   -.5398D+02   -.1999D+01
   0.1034D+03   -.5630D+02   -.1535D+01
   0.1061D+03   -.5224D+02   -.2529D+00
   0.1070D+03   -.4996D+02   0.4299D+00
   0.1062D+03   -.4958D+02   0.1493D+01
   0.1046D+03   -.5151D+02   0.1746D+01
   0.1033D+03   -.5090D+02   0.1505D+01
   0.1039D+03   -.4850D+02   0.1041D+01
   0.1035D+03   -.4830D+02   -.2654D+00
   0.1025D+03   -.5051D+02   -.9479D+00
   0.1033D+03   -.5090D+02   -.2011D+01
   0.1050D+03   -.4901D+02   -.2263D+01
   0.1062D+03   -.4958D+02   -.2022D+01
   0.1057D+03   -.5203D+02   -.1558D+01
   0.1082D+03   -.4776D+02   -.2758D+00
   0.1090D+03   -.4544D+02   0.4070D+00
   0.1082D+03   -.4509D+02   0.1470D+01
   0.1067D+03   -.4708D+02   0.1723D+01
   0.1054D+03   -.4653D+02   0.1482D+01
   0.1059D+03   -.4411D+02   0.1018D+01
   0.1054D+03   -.4393D+02   -.2883D+00
   0.1046D+03   -.4617D+02   -.9708D+00
   0.1054D+03   -.4653D+02   -.2034D+01
   0.1070D+03   -.4457D+02   -.2286D+01
   0.1082D+03   -.4509D+02   -.2045D+01
   0.1078D+03   -.4757D+02   -.1581D+01
   0.1101D+03   -.4319D+02   -.2987D+00
   0.1109D+03   -.4083D+02   0.3840D+00
   0.1100D+03   -.4052D+02   0.1447D+01
   0.1085D+03   -.4258D+02   0.1700D+01
   0.1073D+03   -.4208D+02   0.1459D+01
   0.1076D+03   -.3964D+02   0.9949D+00
   0.1072D+03   -.3948D+02   -.3112D+00
   0.1064D+03   -.4176D+02   -.9937D+00
   0.1073D+03   -.4208D+02   -.2057D+01
   0.1088D+03   -.4005D+02   -.2309D+01
   0.1100D+03   -.4052D+02   -.2068D+01
   0.1097D+03   -.4302D+02   -.1603D+01
   0.1118D+03   -.3854D+02   -.3217D+00
   0.1125D+03   -.3616D+02   0.3611D+00
   0.1117D+03   -.3588D+02   0.1424D+01
   0.1102D+03   -.3800D+02   0.1677D+01
   0.1090D+03   -.3755D+02   0.1436D+01
   0.1092D+03   -.3510D+02   0.9719D+00
   0.1088D+03   -.3495D+02   -.3341D+00
   0.1081D+03   -.3726D+02   -.1017D+01
   0.1090D+03   -.3755D+02   -.2080D+01
   0.1103D+03   -.3547D+02   -.2332D+01
   0.1117D+03   -.3588D+02   -.2091D+01
   0.1114D+03   -.3839D+02   -.1626D+01
   0.1134D+03   -.3383D+02   -.3446D+00
   0.1139D+03   -.3142D+02   0.3381D+00
   0.1131D+03   -.3118D+02   0.1401D+01
   0.1118D+03   -.3335D+02   0.1654D+01
   0.1104D+03   -.3296D+02   0.1413D+01
   0.1106D+03   -.3050D+02   0.9490D+00
   0.1101D+03   -.3037D+02   -.3570D+00
   0.1096D+03   -.3270D+02   -.1040D+01
   0.1104D+03   -.3296D+02   -.2103D+01
   0.1118D+03   -.3082D+02   -.2355D+01
   0.1131D+03   -.3118D+02   -.2114D+01
   0.1129D+03   -.3369D+02   -.1649D+01
   0.1147D+03   -.2905D+02   -.3634D+00
   0.1152D+03   -.2662D+02   0.3274D+00
   0.1143D+03   -.2642D+02   0.1391D+01
   0.1131D+03   -.2864D+02   0.1635D+01
   0.1117D+03   -.2831D+02   0.1394D+01
   0.1118D+03   -.2584D+02   0.9382D+00
   0.1113D+03   -.2573D+02   -.3677D+00
   0.1109D+03   -.2809D+02   -.1058D+01
   0.1117D+03   -.2831D+02   -.2122D+01
   0.1130D+03   -.2611D+02   -.2366D+01
   0.1143D+03   -.2642D+02   -.2125D+01
   0.1142D+03   -.2894D+02   -.1668D+01
   0.1158D+03   -.2423D+02   -.3702D+00
   0.1162D+03   -.2178D+02   0.3206D+00
   0.1153D+03   -.2161D+02   0.1384D+01
   0.1142D+03   -.2389D+02   0.1628D+01
   0.1128D+03   -.2361D+02   0.1387D+01
   0.1128D+03   -.2114D+02   0.9315D+00
   0.1123D+03   -.2105D+02   -.3744D+00
   0.1120D+03   -.2342D+02   -.1065D+01
   0.1128D+03   -.2361D+02   -.2128D+01
   0.1140D+03   -.2136D+02   -.2373D+01
   0.1153D+03   -.2161D+02   -.2131D+01
   0.1154D+03   -.2413D+02   -.1675D+01
   0.1168D+03   -.1936D+02   -.3769D+00
   0.1170D+03   -.1690D+02   0.3138D+00
   0.1161D+03   -.1677D+02   0.1377D+01
   0.1151D+03   -.1909D+02   0.1621D+01
   0.1138D+03   -.1886D+02   0.1381D+01
   0.1136D+03   -.1640D+02   0.9247D+00
   0.1131D+03   -.1633D+02   -.3811D+00
   0.1129D+03   -.1871D+02   -.1072D+01
   0.1138D+03   -.1886D+02   -.2135D+01
   0.1148D+03   -.1657D+02   -.2379D+01
   0.1161D+03   -.1677D+02   -.2138D+01
   0.1163D+03   -.1929D+02   -.1682D+01
   0.1175D+03   -.1446D+02   -.3837D+00
   0.1176D+03   -.1210D+02   0.3072D+00
   0.1167D+03   -.1201D+02   0.1370D+01
   0.1158D+03   -.1425D+02   0.1615D+01
   0.1145D+03   -.1408D+02   0.1374D+01
   0.1142D+03   -.1174D+02   0.9182D+00
   0.1137D+03   -.1169D+02   -.3877D+00
   0.1136D+03   -.1397D+02   -.1079D+01
   0.1145D+03   -.1409D+02   -.2142D+01
   0.1154D+03   -.1187D+02   -.2386D+01
   0.1167D+03   -.1201D+02   -.2144D+01
   0.1170D+03   -.1440D+02   -.1688D+01
   0.1180D+03   -.9649D+01   -.3903D+00
   0.1180D+03   -.7170D+01   0.3005D+00
   0.1172D+03   -.7114D+01   0.1364D+01
   0.1163D+03   -.9509D+01   0.1608D+01
   0.1150D+03   -.9395D+01   0.1367D+01
   0.1146D+03   -.6953D+01   0.9114D+00
   0.1141D+03   -.6924D+01   -.3944D+00
   0.1141D+03   -.9322D+01   -.1085D+01
   0.1150D+03   -.9397D+01   -.2148D+01
   0.1158D+03   -.7030D+01   -.2393D+01
   0.1172D+03   -.7116D+01   -.2151D+01
   0.1175D+03   -.9611D+01   -.1695D+01
   0.1183D+03   -.4704D+01   -.3971D+00
   0.1183D+03   -.2225D+01   0.2937D+00
   0.1174D+03   -.2205D+01   0.1357D+01
   0.1166D+03   -.4632D+01   0.1601D+01
   0.1153D+03   -.4575D+01   0.1361D+01
   0.1148D+03   -.2150D+01   0.9047D+00
   0.1143D+03   -.2141D+01   -.4011D+00
   0.1144D+03   -.4539D+01   -.1092D+01
   0.1153D+03   -.4577D+01   -.2155D+01
   0.1160D+03   -.2178D+01   -.2399D+01
   0.1174D+03   -.2207D+01   -.2158D+01
   0.1178D+03   -.4685D+01   -.1702D+01
