   0.1180D+03   0.0000D+00   0.0000D+00
   0.1179D+03   0.2469D+01   0.6840D+00
   0.1170D+03   0.2450D+01   0.1732D+01
   0.1163D+03   0.0000D+00   0.1970D+01
   0.1150D+03   0.0000D+00   0.1732D+01
   0.1144D+03   0.2397D+01   0.1286D+01
   0.1140D+03   0.2387D+01   0.2449D-15
   0.1141D+03   0.0000D+00   -.6840D+00
   0.1150D+03   0.0000D+00   -.1732D+01
   0.1156D+03   0.2422D+01   -.1970D+01
   0.1170D+03   0.2450D+01   -.1732D+01
   0.1175D+03   0.0000D+00   -.1286D+01
   0.1179D+03   0.4941D+01   0.0000D+00
   0.1176D+03   0.7402D+01   0.6840D+00
   0.1168D+03   0.7346D+01   0.1732D+01
   0.1162D+03   0.4872D+01   0.1970D+01
   0.1149D+03   0.4816D+01   0.1732D+01
   0.1142D+03   0.7187D+01   0.1286D+01
   0.1138D+03   0.7158D+01   0.2449D-15
   0.1140D+03   0.4779D+01   -.6840D+00
   0.1149D+03   0.4816D+01   -.1732D+01
   0.1154D+03   0.7262D+01   -.1970D+01
   0.1168D+03   0.7346D+01   -.1732D+01
   0.1174D+03   0.4922D+01   -.1286D+01
   0.1176D+03   0.9874D+01   0.0000D+00
   0.1172D+03   0.1232D+02   0.6840D+00
   0.1164D+03   0.1223D+02   0.1732D+01
   0.1159D+03   0.9736D+01   0.1970D+01
   0.1146D+03   0.9623D+01   0.1732D+01
   0.1138D+03   0.1197D+02   0.1286D+01
   0.1134D+03   0.1192D+02   0.2449D-15
   0.1137D+03   0.9549D+01   -.6840D+00
   0.1146D+03   0.9623D+01   -.1732D+01
   0.1150D+03   0.1209D+02   -.1970D+01
   0.1164D+03   0.1223D+02   -.1732D+01
   0.1171D+03   0.9835D+01   -.1286D+01
   0.1171D+03   0.1479D+02   0.0000D+00
   0.1166D+03   0.1722D+02   0.6840D+00
   0.1157D+03   0.1709D+02   0.1732D+01
   0.1154D+03   0.1458D+02   0.1970D+01
   0.1141D+03   0.1441D+02   0.1732D+01
   0.1132D+03   0.1672D+02   0.1286D+01
   0.1128D+03   0.1665D+02   0.2449D-15
   0.1132D+03   0.1430D+02   -.6840D+00
   0.1141D+03   0.1441D+02   -.1732D+01
   0.1144D+03   0.1689D+02   -.1970D+01
   0.1157D+03   0.1709D+02   -.1732D+01
   0.1166D+03   0.1473D+02   -.1286D+01
   0.1163D+03   0.1968D+02   0.0000D+00
   0.1158D+03   0.2209D+02   0.6840D+00
   0.1149D+03   0.2192D+02   0.1732D+01
   0.1147D+03   0.1940D+02   0.1970D+01
   0.1134D+03   0.1918D+02   0.1732D+01
   0.1124D+03   0.2145D+02   0.1286D+01
   0.1120D+03   0.2136D+02   0.2449D-15
   0.1125D+03   0.1903D+02   -.6840D+00
   0.1134D+03   0.1918D+02   -.1732D+01
   0.1136D+03   0.2167D+02   -.1970D+01
   0.1149D+03   0.2192D+02   -.1732D+01
   0.1159D+03   0.1960D+02   -.1286D+01
   0.1154D+03   0.2453D+02   0.0000D+00
   0.1148D+03   0.2692D+02   0.6840D+00
   0.1139D+03   0.2672D+02   0.1732D+01
   0.1138D+03   0.2419D+02   0.1970D+01
   0.1125D+03   0.2391D+02   0.1732D+01
   0.1114D+03   0.2614D+02   0.1286D+01
   0.1110D+03   0.2603D+02   0.2449D-15
   0.1116D+03   0.2373D+02   -.6840D+00
   0.1125D+03   0.2391D+02   -.1732D+01
   0.1126D+03   0.2641D+02   -.1970D+01
   0.1139D+03   0.2672D+02   -.1732D+01
   0.1150D+03   0.2444D+02   -.1286D+01
   0.1143D+03   0.2935D+02   0.0000D+00
   0.1135D+03   0.3170D+02   0.6840D+00
   0.1127D+03   0.3146D+02   0.1732D+01
   0.1127D+03   0.2893D+02   0.1970D+01
   0.1114D+03   0.2860D+02   0.1732D+01
   0.1103D+03   0.3078D+02   0.1286D+01
   0.1098D+03   0.3066D+02   0.2449D-15
   0.1105D+03   0.2838D+02   -.6840D+00
   0.1114D+03   0.2860D+02   -.1732D+01
   0.1114D+03   0.3110D+02   -.1970D+01
   0.1127D+03   0.3146D+02   -.1732D+01
   0.1138D+03   0.2923D+02   -.1286D+01
   0.1130D+03   0.3411D+02   0.0000D+00
   0.1121D+03   0.3643D+02   0.6840D+00
   0.1113D+03   0.3615D+02   0.1732D+01
   0.1114D+03   0.3363D+02   0.1970D+01
   0.1101D+03   0.3324D+02   0.1732D+01
   0.1089D+03   0.3537D+02   0.1286D+01
   0.1084D+03   0.3523D+02   0.2449D-15
   0.1092D+03   0.3298D+02   -.6840D+00
   0.1101D+03   0.3324D+02   -.1732D+01
   0.1100D+03   0.3574D+02   -.1970D+01
   0.1113D+03   0.3615D+02   -.1732D+01
   0.1125D+03   0.3397D+02   -.1286D+01
   0.1114D+03   0.3881D+02   0.0000D+00
   0.1105D+03   0.4109D+02   0.6840D+00
   0.1097D+03   0.4078D+02   0.1732D+01
   0.1099D+03   0.3826D+02   0.1970D+01
   0.1086D+03   0.3782D+02   0.1732D+01
   0.1073D+03   0.3990D+02   0.1286D+01
   0.1069D+03   0.3974D+02   0.2449D-15
   0.1078D+03   0.3753D+02   -.6840D+00
   0.1086D+03   0.3782D+02   -.1732D+01
   0.1084D+03   0.4031D+02   -.1970D+01
   0.1097D+03   0.4078D+02   -.1732D+01
   0.1110D+03   0.3865D+02   -.1286D+01
   0.1097D+03   0.4344D+02   0.0000D+00
   0.1087D+03   0.4568D+02   0.6840D+00
   0.1079D+03   0.4534D+02   0.1732D+01
   0.1082D+03   0.4283D+02   0.1970D+01
   0.1069D+03   0.4233D+02   0.1732D+01
   0.1055D+03   0.4436D+02   0.1286D+01
   0.1051D+03   0.4418D+02   0.2449D-15
   0.1061D+03   0.4201D+02   -.6840D+00
   0.1069D+03   0.4233D+02   -.1732D+01
   0.1066D+03   0.4482D+02   -.1970D+01
   0.1079D+03   0.4534D+02   -.1732D+01
   0.1093D+03   0.4327D+02   -.1286D+01
   0.1078D+03   0.4799D+02   0.0000D+00
   0.1067D+03   0.5019D+02   0.6840D+00
   0.1059D+03   0.4982D+02   0.1732D+01
   0.1063D+03   0.4732D+02   0.1970D+01
   0.1051D+03   0.4677D+02   0.1732D+01
   0.1036D+03   0.4874D+02   0.1286D+01
   0.1032D+03   0.4854D+02   0.2449D-15
   0.1043D+03   0.4642D+02   -.6840D+00
   0.1051D+03   0.4677D+02   -.1732D+01
   0.1046D+03   0.4924D+02   -.1970D+01
   0.1059D+03   0.4982D+02   -.1732D+01
   0.1074D+03   0.4780D+02   -.1286D+01
   0.1057D+03   0.5247D+02   0.0000D+00
   0.1045D+03   0.5461D+02   0.6840D+00
   0.1037D+03   0.5421D+02   0.1732D+01
   0.1042D+03   0.5173D+02   0.1970D+01
   0.1030D+03   0.5113D+02   0.1732D+01
   0.1014D+03   0.5303D+02   0.1286D+01
   0.1010D+03   0.5282D+02   0.2449D-15
   0.1022D+03   0.5074D+02   -.6840D+00
   0.1030D+03   0.5113D+02   -.1732D+01
   0.1025D+03   0.5358D+02   -.1970D+01
   0.1037D+03   0.5421D+02   -.1732D+01
   0.1053D+03   0.5226D+02   -.1286D+01
   0.1034D+03   0.5685D+02   0.0000D+00
   0.1021D+03   0.5894D+02   0.6840D+00
   0.1013D+03   0.5850D+02   0.1732D+01
   0.1020D+03   0.5605D+02   0.1970D+01
   0.1008D+03   0.5540D+02   0.1732D+01
   0.9913D+02   0.5723D+02   0.1286D+01
   0.9873D+02   0.5700D+02   0.2449D-15
   0.1000D+03   0.5498D+02   -.6840D+00
   0.1008D+03   0.5540D+02   -.1732D+01
   0.1002D+03   0.5783D+02   -.1970D+01
   0.1013D+03   0.5850D+02   -.1732D+01
   0.1030D+03   0.5662D+02   -.1286D+01
   0.1009D+03   0.6113D+02   0.0000D+00
   0.9953D+02   0.6316D+02   0.6840D+00
   0.9879D+02   0.6269D+02   0.1732D+01
   0.9952D+02   0.6027D+02   0.1970D+01
   0.9837D+02   0.5957D+02   0.1732D+01
   0.9665D+02   0.6133D+02   0.1286D+01
   0.9625D+02   0.6108D+02   0.2449D-15
   0.9761D+02   0.5912D+02   -.6840D+00
   0.9837D+02   0.5957D+02   -.1732D+01
   0.9765D+02   0.6197D+02   -.1970D+01
   0.9879D+02   0.6269D+02   -.1732D+01
   0.1005D+03   0.6088D+02   -.1286D+01
   0.9828D+02   0.6530D+02   0.0000D+00
   0.9680D+02   0.6728D+02   0.6840D+00
   0.9607D+02   0.6677D+02   0.1732D+01
   0.9691D+02   0.6439D+02   0.1970D+01
   0.9579D+02   0.6364D+02   0.1732D+01
   0.9400D+02   0.6533D+02   0.1286D+01
   0.9361D+02   0.6506D+02   0.2449D-15
   0.9505D+02   0.6315D+02   -.6840D+00
   0.9579D+02   0.6364D+02   -.1732D+01
   0.9497D+02   0.6600D+02   -.1970D+01
   0.9607D+02   0.6677D+02   -.1732D+01
   0.9789D+02   0.6504D+02   -.1286D+01
   0.9546D+02   0.6936D+02   0.0000D+00
   0.9389D+02   0.7127D+02   0.6840D+00
   0.9319D+02   0.7074D+02   0.1732D+01
   0.9413D+02   0.6839D+02   0.1970D+01
   0.9304D+02   0.6760D+02   0.1732D+01
   0.9118D+02   0.6921D+02   0.1286D+01
   0.9080D+02   0.6892D+02   0.2449D-15
   0.9233D+02   0.6708D+02   -.6840D+00
   0.9304D+02   0.6760D+02   -.1732D+01
   0.9212D+02   0.6992D+02   -.1970D+01
   0.9319D+02   0.7074D+02   -.1732D+01
   0.9509D+02   0.6908D+02   -.1286D+01
   0.9248D+02   0.7330D+02   0.0000D+00
   0.9083D+02   0.7514D+02   0.6840D+00
   0.9015D+02   0.7458D+02   0.1732D+01
   0.9118D+02   0.7227D+02   0.1970D+01
   0.9012D+02   0.7143D+02   0.1732D+01
   0.8820D+02   0.7296D+02   0.1286D+01
   0.8784D+02   0.7267D+02   0.2449D-15
   0.8944D+02   0.7089D+02   -.6840D+00
   0.9012D+02   0.7143D+02   -.1732D+01
   0.8911D+02   0.7372D+02   -.1970D+01
   0.9015D+02   0.7458D+02   -.1732D+01
   0.9211D+02   0.7300D+02   -.1286D+01
   0.8933D+02   0.7710D+02   0.0000D+00
   0.8760D+02   0.7888D+02   0.6840D+00
   0.8695D+02   0.7829D+02   0.1732D+01
   0.8807D+02   0.7602D+02   0.1970D+01
   0.8705D+02   0.7514D+02   0.1732D+01
   0.8507D+02   0.7659D+02   0.1286D+01
   0.8472D+02   0.7628D+02   0.2449D-15
   0.8639D+02   0.7457D+02   -.6840D+00
   0.8705D+02   0.7514D+02   -.1732D+01
   0.8595D+02   0.7739D+02   -.1970D+01
   0.8695D+02   0.7829D+02   -.1732D+01
   0.8897D+02   0.7680D+02   -.1286D+01
   0.8602D+02   0.8078D+02   0.0000D+00
   0.8422D+02   0.8248D+02   0.6840D+00
   0.8359D+02   0.8186D+02   0.1732D+01
   0.8481D+02   0.7965D+02   0.1970D+01
   0.8383D+02   0.7872D+02   0.1732D+01
   0.8178D+02   0.8009D+02   0.1286D+01
   0.8145D+02   0.7976D+02   0.2449D-15
   0.8319D+02   0.7812D+02   -.6840D+00
   0.8383D+02   0.7872D+02   -.1732D+01
   0.8263D+02   0.8092D+02   -.1970D+01
   0.8359D+02   0.8186D+02   -.1732D+01
   0.8568D+02   0.8046D+02   -.1286D+01
   0.8256D+02   0.8431D+02   0.0000D+00
   0.8069D+02   0.8593D+02   0.6840D+00
   0.8009D+02   0.8529D+02   0.1732D+01
   0.8140D+02   0.8313D+02   0.1970D+01
   0.8046D+02   0.8216D+02   0.1732D+01
   0.7836D+02   0.8344D+02   0.1286D+01
   0.7804D+02   0.8310D+02   0.2449D-15
   0.7985D+02   0.8154D+02   -.6840D+00
   0.8046D+02   0.8216D+02   -.1732D+01
   0.7917D+02   0.8431D+02   -.1970D+01
   0.8009D+02   0.8529D+02   -.1732D+01
   0.8223D+02   0.8397D+02   -.1286D+01
   0.7896D+02   0.8769D+02   0.0000D+00
   0.7702D+02   0.8923D+02   0.6840D+00
   0.7645D+02   0.8857D+02   0.1732D+01
   0.7785D+02   0.8646D+02   0.1970D+01
   0.7695D+02   0.8546D+02   0.1732D+01
   0.7480D+02   0.8665D+02   0.1286D+01
   0.7449D+02   0.8630D+02   0.2449D-15
   0.7636D+02   0.8481D+02   -.6840D+00
   0.7695D+02   0.8546D+02   -.1732D+01
   0.7557D+02   0.8755D+02   -.1970D+01
   0.7645D+02   0.8857D+02   -.1732D+01
   0.7864D+02   0.8734D+02   -.1286D+01
   0.7522D+02   0.9092D+02   0.0000D+00
   0.7322D+02   0.9238D+02   0.6840D+00
   0.7267D+02   0.9169D+02   0.1732D+01
   0.7416D+02   0.8965D+02   0.1970D+01
   0.7330D+02   0.8861D+02   0.1732D+01
   0.7110D+02   0.8971D+02   0.1286D+01
   0.7081D+02   0.8934D+02   0.2449D-15
   0.7274D+02   0.8793D+02   -.6840D+00
   0.7330D+02   0.8861D+02   -.1732D+01
   0.7184D+02   0.9064D+02   -.1970D+01
   0.7267D+02   0.9169D+02   -.1732D+01
   0.7492D+02   0.9056D+02   -.1286D+01
   0.7134D+02   0.9399D+02   0.0000D+00
   0.6929D+02   0.9537D+02   0.6840D+00
   0.6877D+02   0.9465D+02   0.1732D+01
   0.7034D+02   0.9267D+02   0.1970D+01
   0.6953D+02   0.9160D+02   0.1732D+01
   0.6728D+02   0.9261D+02   0.1286D+01
   0.6701D+02   0.9223D+02   0.2449D-15
   0.6900D+02   0.9090D+02   -.6840D+00
   0.6953D+02   0.9160D+02   -.1732D+01
   0.6798D+02   0.9357D+02   -.1970D+01
   0.6877D+02   0.9465D+02   -.1732D+01
   0.7106D+02   0.9362D+02   -.1286D+01
   0.6734D+02   0.9690D+02   0.0000D+00
   0.6523D+02   0.9818D+02   0.6840D+00
   0.6475D+02   0.9745D+02   0.1732D+01
   0.6640D+02   0.9554D+02   0.1970D+01
   0.6563D+02   0.9443D+02   0.1732D+01
   0.6335D+02   0.9534D+02   0.1286D+01
   0.6309D+02   0.9495D+02   0.2449D-15
   0.6513D+02   0.9371D+02   -.6840D+00
   0.6563D+02   0.9443D+02   -.1732D+01
   0.6400D+02   0.9633D+02   -.1970D+01
   0.6475D+02   0.9745D+02   -.1732D+01
   0.6708D+02   0.9651D+02   -.1286D+01
   0.6323D+02   0.9963D+02   0.0000D+00
   0.6106D+02   0.1008D+03   0.6840D+00
   0.6061D+02   0.1001D+03   0.1732D+01
   0.6234D+02   0.9824D+02   0.1970D+01
   0.6162D+02   0.9710D+02   0.1732D+01
   0.5930D+02   0.9791D+02   0.1286D+01
   0.5906D+02   0.9751D+02   0.2449D-15
   0.6115D+02   0.9636D+02   -.6840D+00
   0.6162D+02   0.9710D+02   -.1732D+01
   0.5991D+02   0.9893D+02   -.1970D+01
   0.6061D+02   0.1001D+03   -.1732D+01
   0.6298D+02   0.9924D+02   -.1286D+01
   0.5900D+02   0.1022D+03   0.0000D+00
   0.5679D+02   0.1033D+03   0.6840D+00
   0.5637D+02   0.1025D+03   0.1732D+01
   0.5817D+02   0.1008D+03   0.1970D+01
   0.5750D+02   0.9959D+02   0.1732D+01
   0.5515D+02   0.1003D+03   0.1286D+01
   0.5492D+02   0.9990D+02   0.2449D-15
   0.5706D+02   0.9883D+02   -.6840D+00
   0.5750D+02   0.9959D+02   -.1732D+01
   0.5572D+02   0.1013D+03   -.1970D+01
   0.5637D+02   0.1025D+03   -.1732D+01
   0.5877D+02   0.1018D+03   -.1286D+01
   0.5467D+02   0.1046D+03   0.0000D+00
   0.5241D+02   0.1056D+03   0.6840D+00
   0.5202D+02   0.1048D+03   0.1732D+01
   0.5390D+02   0.1031D+03   0.1970D+01
   0.5328D+02   0.1019D+03   0.1732D+01
   0.5090D+02   0.1025D+03   0.1286D+01
   0.5069D+02   0.1021D+03   0.2449D-15
   0.5287D+02   0.1011D+03   -.6840D+00
   0.5328D+02   0.1019D+03   -.1732D+01
   0.5142D+02   0.1036D+03   -.1970D+01
   0.5202D+02   0.1048D+03   -.1732D+01
   0.5445D+02   0.1042D+03   -.1286D+01
   0.5024D+02   0.1068D+03   0.0000D+00
   0.4795D+02   0.1077D+03   0.6840D+00
   0.4759D+02   0.1069D+03   0.1732D+01
   0.4954D+02   0.1053D+03   0.1970D+01
   0.4896D+02   0.1041D+03   0.1732D+01
   0.4656D+02   0.1046D+03   0.1286D+01
   0.4637D+02   0.1041D+03   0.2449D-15
   0.4859D+02   0.1033D+03   -.6840D+00
   0.4896D+02   0.1041D+03   -.1732D+01
   0.4704D+02   0.1057D+03   -.1970D+01
   0.4759D+02   0.1069D+03   -.1732D+01
   0.5004D+02   0.1063D+03   -.1286D+01
   0.4573D+02   0.1088D+03   0.0000D+00
   0.4339D+02   0.1096D+03   0.6840D+00
   0.4307D+02   0.1088D+03   0.1732D+01
   0.4509D+02   0.1073D+03   0.1970D+01
   0.4456D+02   0.1060D+03   0.1732D+01
   0.4214D+02   0.1064D+03   0.1286D+01
   0.4197D+02   0.1060D+03   0.2449D-15
   0.4422D+02   0.1052D+03   -.6840D+00
   0.4456D+02   0.1060D+03   -.1732D+01
   0.4257D+02   0.1075D+03   -.1970D+01
   0.4307D+02   0.1088D+03   -.1732D+01
   0.4555D+02   0.1083D+03   -.1286D+01
   0.4113D+02   0.1106D+03   0.0000D+00
   0.3877D+02   0.1113D+03   0.6840D+00
   0.3848D+02   0.1105D+03   0.1732D+01
   0.4056D+02   0.1091D+03   0.1970D+01
   0.4009D+02   0.1078D+03   0.1732D+01
   0.3764D+02   0.1081D+03   0.1286D+01
   0.3749D+02   0.1077D+03   0.2449D-15
   0.3978D+02   0.1070D+03   -.6840D+00
   0.4009D+02   0.1078D+03   -.1732D+01
   0.3803D+02   0.1092D+03   -.1970D+01
   0.3848D+02   0.1105D+03   -.1732D+01
   0.4097D+02   0.1102D+03   -.1286D+01
   0.3646D+02   0.1122D+03   0.0000D+00
   0.3407D+02   0.1128D+03   0.6840D+00
   0.3382D+02   0.1120D+03   0.1732D+01
   0.3595D+02   0.1107D+03   0.1970D+01
   0.3554D+02   0.1094D+03   0.1732D+01
   0.3308D+02   0.1096D+03   0.1286D+01
   0.3295D+02   0.1091D+03   0.2449D-15
   0.3527D+02   0.1085D+03   -.6840D+00
   0.3554D+02   0.1094D+03   -.1732D+01
   0.3343D+02   0.1107D+03   -.1970D+01
   0.3382D+02   0.1120D+03   -.1732D+01
   0.3632D+02   0.1118D+03   -.1286D+01
   0.3173D+02   0.1137D+03   0.0000D+00
   0.2932D+02   0.1142D+03   0.6840D+00
   0.2910D+02   0.1133D+03   0.1732D+01
   0.3129D+02   0.1121D+03   0.1970D+01
   0.3093D+02   0.1108D+03   0.1732D+01
   0.2847D+02   0.1109D+03   0.1286D+01
   0.2835D+02   0.1104D+03   0.2449D-15
   0.3069D+02   0.1099D+03   -.6840D+00
   0.3093D+02   0.1108D+03   -.1732D+01
   0.2876D+02   0.1120D+03   -.1970D+01
   0.2910D+02   0.1133D+03   -.1732D+01
   0.3161D+02   0.1132D+03   -.1286D+01
   0.2695D+02   0.1149D+03   0.0000D+00
   0.2451D+02   0.1153D+03   0.6840D+00
   0.2433D+02   0.1144D+03   0.1732D+01
   0.2657D+02   0.1133D+03   0.1970D+01
   0.2626D+02   0.1120D+03   0.1732D+01
   0.2380D+02   0.1120D+03   0.1286D+01
   0.2370D+02   0.1115D+03   0.2449D-15
   0.2606D+02   0.1111D+03   -.6840D+00
   0.2626D+02   0.1120D+03   -.1732D+01
   0.2405D+02   0.1131D+03   -.1970D+01
   0.2433D+02   0.1144D+03   -.1732D+01
   0.2684D+02   0.1144D+03   -.1286D+01
   0.2211D+02   0.1159D+03   0.0000D+00
   0.1966D+02   0.1162D+03   0.6840D+00
   0.1951D+02   0.1154D+03   0.1732D+01
   0.2180D+02   0.1143D+03   0.1970D+01
   0.2155D+02   0.1130D+03   0.1732D+01
   0.1909D+02   0.1129D+03   0.1286D+01
   0.1901D+02   0.1124D+03   0.2449D-15
   0.2138D+02   0.1121D+03   -.6840D+00
   0.2155D+02   0.1130D+03   -.1732D+01
   0.1929D+02   0.1140D+03   -.1970D+01
   0.1951D+02   0.1154D+03   -.1732D+01
   0.2202D+02   0.1155D+03   -.1286D+01
   0.1724D+02   0.1167D+03   0.0000D+00
   0.1477D+02   0.1169D+03   0.6840D+00
   0.1466D+02   0.1161D+03   0.1732D+01
   0.1700D+02   0.1151D+03   0.1970D+01
   0.1680D+02   0.1138D+03   0.1732D+01
   0.1435D+02   0.1136D+03   0.1286D+01
   0.1429D+02   0.1131D+03   0.2449D-15
   0.1667D+02   0.1129D+03   -.6840D+00
   0.1680D+02   0.1138D+03   -.1732D+01
   0.1450D+02   0.1147D+03   -.1970D+01
   0.1466D+02   0.1161D+03   -.1732D+01
   0.1717D+02   0.1163D+03   -.1286D+01
   0.1233D+02   0.1174D+03   0.0000D+00
   0.9864D+01   0.1175D+03   0.6840D+00
   0.9790D+01   0.1166D+03   0.1732D+01
   0.1216D+02   0.1157D+03   0.1970D+01
   0.1202D+02   0.1144D+03   0.1732D+01
   0.9578D+01   0.1141D+03   0.1286D+01
   0.9539D+01   0.1136D+03   0.2449D-15
   0.1193D+02   0.1135D+03   -.6840D+00
   0.1202D+02   0.1144D+03   -.1732D+01
   0.9678D+01   0.1152D+03   -.1970D+01
   0.9790D+01   0.1166D+03   -.1732D+01
   0.1229D+02   0.1169D+03   -.1286D+01
   0.7409D+01   0.1178D+03   0.0000D+00
   0.4936D+01   0.1178D+03   0.6840D+00
   0.4899D+01   0.1169D+03   0.1732D+01
   0.7306D+01   0.1161D+03   0.1970D+01
   0.7221D+01   0.1148D+03   0.1732D+01
   0.4793D+01   0.1144D+03   0.1286D+01
   0.4774D+01   0.1139D+03   0.2449D-15
   0.7166D+01   0.1139D+03   -.6840D+00
   0.7221D+01   0.1148D+03   -.1732D+01
   0.4843D+01   0.1156D+03   -.1970D+01
   0.4899D+01   0.1169D+03   -.1732D+01
   0.7380D+01   0.1173D+03   -.1286D+01
   0.2471D+01   0.1180D+03   0.0000D+00
   0.7218D-14   0.1179D+03   0.6840D+00
   0.7164D-14   0.1170D+03   0.1732D+01
   0.2437D+01   0.1163D+03   0.1970D+01
   0.2408D+01   0.1150D+03   0.1732D+01
   0.7009D-14   0.1145D+03   0.1286D+01
   0.6980D-14   0.1140D+03   0.2449D-15
   0.2390D+01   0.1141D+03   -.6840D+00
   0.2408D+01   0.1150D+03   -.1732D+01
   0.7082D-14   0.1157D+03   -.1970D+01
   0.7164D-14   0.1170D+03   -.1732D+01
   0.2461D+01   0.1175D+03   -.1286D+01
   -.2471D+01   0.1180D+03   0.0000D+00
   -.4936D+01   0.1178D+03   0.6840D+00
   -.4899D+01   0.1169D+03   0.1732D+01
   -.2437D+01   0.1163D+03   0.1970D+01
   -.2408D+01   0.1150D+03   0.1732D+01
   -.4793D+01   0.1144D+03   0.1286D+01
   -.4774D+01   0.1139D+03   0.2449D-15
   -.2390D+01   0.1141D+03   -.6840D+00
   -.2408D+01   0.1150D+03   -.1732D+01
   -.4843D+01   0.1156D+03   -.1970D+01
   -.4899D+01   0.1169D+03   -.1732D+01
   -.2461D+01   0.1175D+03   -.1286D+01
   -.7409D+01   0.1178D+03   0.0000D+00
   -.9864D+01   0.1175D+03   0.6840D+00
   -.9790D+01   0.1166D+03   0.1732D+01
   -.7306D+01   0.1161D+03   0.1970D+01
   -.7221D+01   0.1148D+03   0.1732D+01
   -.9578D+01   0.1141D+03   0.1286D+01
   -.9539D+01   0.1136D+03   0.2449D-15
   -.7166D+01   0.1139D+03   -.6840D+00
   -.7221D+01   0.1148D+03   -.1732D+01
   -.9678D+01   0.1152D+03   -.1970D+01
   -.9790D+01   0.1166D+03   -.1732D+01
   -.7380D+01   0.1173D+03   -.1286D+01
   -.1233D+02   0.1174D+03   0.0000D+00
   -.1477D+02   0.1169D+03   0.6840D+00
   -.1466D+02   0.1161D+03   0.1732D+01
   -.1216D+02   0.1157D+03   0.1970D+01
   -.1202D+02   0.1144D+03   0.1732D+01
   -.1435D+02   0.1136D+03   0.1286D+01
   -.1429D+02   0.1131D+03   0.2449D-15
   -.1193D+02   0.1135D+03   -.6840D+00
   -.1202D+02   0.1144D+03   -.1732D+01
   -.1450D+02   0.1147D+03   -.1970D+01
   -.1466D+02   0.1161D+03   -.1732D+01
   -.1229D+02   0.1169D+03   -.1286D+01
   -.1724D+02   0.1167D+03   0.0000D+00
   -.1966D+02   0.1162D+03   0.6840D+00
   -.1951D+02   0.1154D+03   0.1732D+01
   -.1700D+02   0.1151D+03   0.1970D+01
   -.1680D+02   0.1138D+03   0.1732D+01
   -.1909D+02   0.1129D+03   0.1286D+01
   -.1901D+02   0.1124D+03   0.2449D-15
   -.1667D+02   0.1129D+03   -.6840D+00
   -.1680D+02   0.1138D+03   -.1732D+01
   -.1929D+02   0.1140D+03   -.1970D+01
   -.1951D+02   0.1154D+03   -.1732D+01
   -.1717D+02   0.1163D+03   -.1286D+01
   -.2211D+02   0.1159D+03   0.0000D+00
   -.2451D+02   0.1153D+03   0.6840D+00
   -.2433D+02   0.1144D+03   0.1732D+01
   -.2180D+02   0.1143D+03   0.1970D+01
   -.2155D+02   0.1130D+03   0.1732D+01
   -.2380D+02   0.1120D+03   0.1286D+01
   -.2370D+02   0.1115D+03   0.2449D-15
   -.2138D+02   0.1121D+03   -.6840D+00
   -.2155D+02   0.1130D+03   -.1732D+01
   -.2405D+02   0.1131D+03   -.1970D+01
   -.2433D+02   0.1144D+03   -.1732D+01
   -.2202D+02   0.1155D+03   -.1286D+01
   -.2695D+02   0.1149D+03   0.0000D+00
   -.2932D+02   0.1142D+03   0.6840D+00
   -.2910D+02   0.1133D+03   0.1732D+01
   -.2657D+02   0.1133D+03   0.1970D+01
   -.2626D+02   0.1120D+03   0.1732D+01
   -.2847D+02   0.1109D+03   0.1286D+01
   -.2835D+02   0.1104D+03   0.2449D-15
   -.2606D+02   0.1111D+03   -.6840D+00
   -.2626D+02   0.1120D+03   -.1732D+01
   -.2876D+02   0.1120D+03   -.1970D+01
   -.2910D+02   0.1133D+03   -.1732D+01
   -.2684D+02   0.1144D+03   -.1286D+01
   -.3173D+02   0.1137D+03   0.0000D+00
   -.3407D+02   0.1128D+03   0.6840D+00
   -.3382D+02   0.1120D+03   0.1732D+01
   -.3129D+02   0.1121D+03   0.1970D+01
   -.3093D+02   0.1108D+03   0.1732D+01
   -.3308D+02   0.1096D+03   0.1286D+01
   -.3295D+02   0.1091D+03   0.2449D-15
   -.3069D+02   0.1099D+03   -.6840D+00
   -.3093D+02   0.1108D+03   -.1732D+01
   -.3343D+02   0.1107D+03   -.1970D+01
   -.3382D+02   0.1120D+03   -.1732D+01
   -.3161D+02   0.1132D+03   -.1286D+01
   -.3646D+02   0.1122D+03   0.0000D+00
   -.3877D+02   0.1113D+03   0.6840D+00
   -.3848D+02   0.1105D+03   0.1732D+01
   -.3595D+02   0.1107D+03   0.1970D+01
   -.3554D+02   0.1094D+03   0.1732D+01
   -.3764D+02   0.1081D+03   0.1286D+01
   -.3749D+02   0.1077D+03   0.2449D-15
   -.3527D+02   0.1085D+03   -.6840D+00
   -.3554D+02   0.1094D+03   -.1732D+01
   -.3803D+02   0.1092D+03   -.1970D+01
   -.3848D+02   0.1105D+03   -.1732D+01
   -.3632D+02   0.1118D+03   -.1286D+01
   -.4113D+02   0.1106D+03   0.0000D+00
   -.4339D+02   0.1096D+03   0.6840D+00
   -.4307D+02   0.1088D+03   0.1732D+01
   -.4056D+02   0.1091D+03   0.1970D+01
   -.4009D+02   0.1078D+03   0.1732D+01
   -.4214D+02   0.1064D+03   0.1286D+01
   -.4197D+02   0.1060D+03   0.2449D-15
   -.3978D+02   0.1070D+03   -.6840D+00
   -.4009D+02   0.1078D+03   -.1732D+01
   -.4257D+02   0.1075D+03   -.1970D+01
   -.4307D+02   0.1088D+03   -.1732D+01
   -.4097D+02   0.1102D+03   -.1286D+01
   -.4573D+02   0.1088D+03   0.0000D+00
   -.4795D+02   0.1077D+03   0.6840D+00
   -.4759D+02   0.1069D+03   0.1732D+01
   -.4509D+02   0.1073D+03   0.1970D+01
   -.4456D+02   0.1060D+03   0.1732D+01
   -.4656D+02   0.1046D+03   0.1286D+01
   -.4637D+02   0.1041D+03   0.2449D-15
   -.4422D+02   0.1052D+03   -.6840D+00
   -.4456D+02   0.1060D+03   -.1732D+01
   -.4704D+02   0.1057D+03   -.1970D+01
   -.4759D+02   0.1069D+03   -.1732D+01
   -.4555D+02   0.1083D+03   -.1286D+01
   -.5024D+02   0.1068D+03   0.0000D+00
   -.5241D+02   0.1056D+03   0.6840D+00
   -.5202D+02   0.1048D+03   0.1732D+01
   -.4954D+02   0.1053D+03   0.1970D+01
   -.4896D+02   0.1041D+03   0.1732D+01
   -.5090D+02   0.1025D+03   0.1286D+01
   -.5069D+02   0.1021D+03   0.2449D-15
   -.4859D+02   0.1033D+03   -.6840D+00
   -.4896D+02   0.1041D+03   -.1732D+01
   -.5142D+02   0.1036D+03   -.1970D+01
   -.5202D+02   0.1048D+03   -.1732D+01
   -.5004D+02   0.1063D+03   -.1286D+01
   -.5467D+02   0.1046D+03   0.0000D+00
   -.5679D+02   0.1033D+03   0.6840D+00
   -.5637D+02   0.1025D+03   0.1732D+01
   -.5390D+02   0.1031D+03   0.1970D+01
   -.5328D+02   0.1019D+03   0.1732D+01
   -.5515D+02   0.1003D+03   0.1286D+01
   -.5492D+02   0.9990D+02   0.2449D-15
   -.5287D+02   0.1011D+03   -.6840D+00
   -.5328D+02   0.1019D+03   -.1732D+01
   -.5572D+02   0.1013D+03   -.1970D+01
   -.5637D+02   0.1025D+03   -.1732D+01
   -.5445D+02   0.1042D+03   -.1286D+01
   -.5900D+02   0.1022D+03   0.0000D+00
   -.6106D+02   0.1008D+03   0.6840D+00
   -.6061D+02   0.1001D+03   0.1732D+01
   -.5817D+02   0.1008D+03   0.1970D+01
   -.5750D+02   0.9959D+02   0.1732D+01
   -.5930D+02   0.9791D+02   0.1286D+01
   -.5906D+02   0.9751D+02   0.2449D-15
   -.5706D+02   0.9883D+02   -.6840D+00
   -.5750D+02   0.9959D+02   -.1732D+01
   -.5991D+02   0.9893D+02   -.1970D+01
   -.6061D+02   0.1001D+03   -.1732D+01
   -.5877D+02   0.1018D+03   -.1286D+01
   -.6323D+02   0.9963D+02   0.0000D+00
   -.6523D+02   0.9818D+02   0.6840D+00
   -.6475D+02   0.9745D+02   0.1732D+01
   -.6234D+02   0.9824D+02   0.1970D+01
   -.6162D+02   0.9710D+02   0.1732D+01
   -.6335D+02   0.9534D+02   0.1286D+01
   -.6309D+02   0.9495D+02   0.2449D-15
   -.6115D+02   0.9636D+02   -.6840D+00
   -.6162D+02   0.9710D+02   -.1732D+01
   -.6400D+02   0.9633D+02   -.1970D+01
   -.6475D+02   0.9745D+02   -.1732D+01
   -.6298D+02   0.9924D+02   -.1286D+01
   -.6734D+02   0.9690D+02   0.0000D+00
   -.6929D+02   0.9537D+02   0.6840D+00
   -.6877D+02   0.9465D+02   0.1732D+01
   -.6640D+02   0.9554D+02   0.1970D+01
   -.6563D+02   0.9443D+02   0.1732D+01
   -.6728D+02   0.9261D+02   0.1286D+01
   -.6701D+02   0.9223D+02   0.2449D-15
   -.6513D+02   0.9371D+02   -.6840D+00
   -.6563D+02   0.9443D+02   -.1732D+01
   -.6798D+02   0.9357D+02   -.1970D+01
   -.6877D+02   0.9465D+02   -.1732D+01
   -.6708D+02   0.9651D+02   -.1286D+01
   -.7134D+02   0.9399D+02   0.0000D+00
   -.7322D+02   0.9238D+02   0.6840D+00
   -.7267D+02   0.9169D+02   0.1732D+01
   -.7034D+02   0.9267D+02   0.1970D+01
   -.6953D+02   0.9160D+02   0.1732D+01
   -.7110D+02   0.8971D+02   0.1286D+01
   -.7081D+02   0.8934D+02   0.2449D-15
   -.6900D+02   0.9090D+02   -.6840D+00
   -.6953D+02   0.9160D+02   -.1732D+01
   -.7184D+02   0.9064D+02   -.1970D+01
   -.7267D+02   0.9169D+02   -.1732D+01
   -.7106D+02   0.9362D+02   -.1286D+01
   -.7522D+02   0.9092D+02   0.0000D+00
   -.7702D+02   0.8923D+02   0.6840D+00
   -.7645D+02   0.8857D+02   0.1732D+01
   -.7416D+02   0.8965D+02   0.1970D+01
   -.7330D+02   0.8861D+02   0.1732D+01
   -.7480D+02   0.8665D+02   0.1286D+01
   -.7449D+02   0.8630D+02   0.2449D-15
   -.7274D+02   0.8793D+02   -.6840D+00
   -.7330D+02   0.8861D+02   -.1732D+01
   -.7557D+02   0.8755D+02   -.1970D+01
   -.7645D+02   0.8857D+02   -.1732D+01
   -.7492D+02   0.9056D+02   -.1286D+01
   -.7896D+02   0.8769D+02   0.0000D+00
   -.8069D+02   0.8593D+02   0.6840D+00
   -.8009D+02   0.8529D+02   0.1732D+01
   -.7785D+02   0.8646D+02   0.1970D+01
   -.7695D+02   0.8546D+02   0.1732D+01
   -.7836D+02   0.8344D+02   0.1286D+01
   -.7804D+02   0.8310D+02   0.2449D-15
   -.7636D+02   0.8481D+02   -.6840D+00
   -.7695D+02   0.8546D+02   -.1732D+01
   -.7917D+02   0.8431D+02   -.1970D+01
   -.8009D+02   0.8529D+02   -.1732D+01
   -.7864D+02   0.8734D+02   -.1286D+01
   -.8256D+02   0.8431D+02   0.0000D+00
   -.8422D+02   0.8248D+02   0.6840D+00
   -.8359D+02   0.8186D+02   0.1732D+01
   -.8140D+02   0.8313D+02   0.1970D+01
   -.8046D+02   0.8216D+02   0.1732D+01
   -.8178D+02   0.8009D+02   0.1286D+01
   -.8145D+02   0.7976D+02   0.2449D-15
   -.7985D+02   0.8154D+02   -.6840D+00
   -.8046D+02   0.8216D+02   -.1732D+01
   -.8263D+02   0.8092D+02   -.1970D+01
   -.8359D+02   0.8186D+02   -.1732D+01
   -.8223D+02   0.8397D+02   -.1286D+01
   -.8602D+02   0.8078D+02   0.0000D+00
   -.8760D+02   0.7888D+02   0.6840D+00
   -.8695D+02   0.7829D+02   0.1732D+01
   -.8481D+02   0.7965D+02   0.1970D+01
   -.8383D+02   0.7872D+02   0.1732D+01
   -.8507D+02   0.7659D+02   0.1286D+01
   -.8472D+02   0.7628D+02   0.2449D-15
   -.8319D+02   0.7812D+02   -.6840D+00
   -.8383D+02   0.7872D+02   -.1732D+01
   -.8595D+02   0.7739D+02   -.1970D+01
   -.8695D+02   0.7829D+02   -.1732D+01
   -.8568D+02   0.8046D+02   -.1286D+01
   -.8933D+02   0.7710D+02   0.0000D+00
   -.9083D+02   0.7514D+02   0.6840D+00
   -.9015D+02   0.7458D+02   0.1732D+01
   -.8807D+02   0.7602D+02   0.1970D+01
   -.8705D+02   0.7514D+02   0.1732D+01
   -.8820D+02   0.7296D+02   0.1286D+01
   -.8784D+02   0.7267D+02   0.2449D-15
   -.8639D+02   0.7457D+02   -.6840D+00
   -.8705D+02   0.7514D+02   -.1732D+01
   -.8911D+02   0.7372D+02   -.1970D+01
   -.9015D+02   0.7458D+02   -.1732D+01
   -.8897D+02   0.7680D+02   -.1286D+01
   -.9248D+02   0.7330D+02   0.0000D+00
   -.9389D+02   0.7127D+02   0.6840D+00
   -.9319D+02   0.7074D+02   0.1732D+01
   -.9118D+02   0.7227D+02   0.1970D+01
   -.9012D+02   0.7143D+02   0.1732D+01
   -.9118D+02   0.6921D+02   0.1286D+01
   -.9080D+02   0.6892D+02   0.2449D-15
   -.8944D+02   0.7089D+02   -.6840D+00
   -.9012D+02   0.7143D+02   -.1732D+01
   -.9212D+02   0.6992D+02   -.1970D+01
   -.9319D+02   0.7074D+02   -.1732D+01
   -.9211D+02   0.7300D+02   -.1286D+01
   -.9546D+02   0.6936D+02   0.0000D+00
   -.9680D+02   0.6728D+02   0.6840D+00
   -.9607D+02   0.6677D+02   0.1732D+01
   -.9413D+02   0.6839D+02   0.1970D+01
   -.9304D+02   0.6760D+02   0.1732D+01
   -.9400D+02   0.6533D+02   0.1286D+01
   -.9361D+02   0.6506D+02   0.2449D-15
   -.9233D+02   0.6708D+02   -.6840D+00
   -.9304D+02   0.6760D+02   -.1732D+01
   -.9497D+02   0.6600D+02   -.1970D+01
   -.9607D+02   0.6677D+02   -.1732D+01
   -.9509D+02   0.6908D+02   -.1286D+01
   -.9828D+02   0.6530D+02   0.0000D+00
   -.9953D+02   0.6316D+02   0.6840D+00
   -.9879D+02   0.6269D+02   0.1732D+01
   -.9691D+02   0.6439D+02   0.1970D+01
   -.9579D+02   0.6364D+02   0.1732D+01
   -.9665D+02   0.6133D+02   0.1286D+01
   -.9625D+02   0.6108D+02   0.2449D-15
   -.9505D+02   0.6315D+02   -.6840D+00
   -.9579D+02   0.6364D+02   -.1732D+01
   -.9765D+02   0.6197D+02   -.1970D+01
   -.9879D+02   0.6269D+02   -.1732D+01
   -.9789D+02   0.6504D+02   -.1286D+01
   -.1009D+03   0.6113D+02   0.0000D+00
   -.1021D+03   0.5894D+02   0.6840D+00
   -.1013D+03   0.5850D+02   0.1732D+01
   -.9952D+02   0.6027D+02   0.1970D+01
   -.9837D+02   0.5957D+02   0.1732D+01
   -.9913D+02   0.5723D+02   0.1286D+01
   -.9873D+02   0.5700D+02   0.2449D-15
   -.9761D+02   0.5912D+02   -.6840D+00
   -.9837D+02   0.5957D+02   -.1732D+01
   -.1002D+03   0.5783D+02   -.1970D+01
   -.1013D+03   0.5850D+02   -.1732D+01
   -.1005D+03   0.6088D+02   -.1286D+01
   -.1034D+03   0.5685D+02   0.0000D+00
   -.1045D+03   0.5461D+02   0.6840D+00
   -.1037D+03   0.5421D+02   0.1732D+01
   -.1020D+03   0.5605D+02   0.1970D+01
   -.1008D+03   0.5540D+02   0.1732D+01
   -.1014D+03   0.5303D+02   0.1286D+01
   -.1010D+03   0.5282D+02   0.2449D-15
   -.1000D+03   0.5498D+02   -.6840D+00
   -.1008D+03   0.5540D+02   -.1732D+01
   -.1025D+03   0.5358D+02   -.1970D+01
   -.1037D+03   0.5421D+02   -.1732D+01
   -.1030D+03   0.5662D+02   -.1286D+01
   -.1057D+03   0.5247D+02   0.0000D+00
   -.1067D+03   0.5019D+02   0.6840D+00
   -.1059D+03   0.4982D+02   0.1732D+01
   -.1042D+03   0.5173D+02   0.1970D+01
   -.1030D+03   0.5113D+02   0.1732D+01
   -.1036D+03   0.4874D+02   0.1286D+01
   -.1032D+03   0.4854D+02   0.2449D-15
   -.1022D+03   0.5074D+02   -.6840D+00
   -.1030D+03   0.5113D+02   -.1732D+01
   -.1046D+03   0.4924D+02   -.1970D+01
   -.1059D+03   0.4982D+02   -.1732D+01
   -.1053D+03   0.5226D+02   -.1286D+01
   -.1078D+03   0.4799D+02   0.0000D+00
   -.1087D+03   0.4568D+02   0.6840D+00
   -.1079D+03   0.4534D+02   0.1732D+01
   -.1063D+03   0.4732D+02   0.1970D+01
   -.1051D+03   0.4677D+02   0.1732D+01
   -.1055D+03   0.4436D+02   0.1286D+01
   -.1051D+03   0.4418D+02   0.2449D-15
   -.1043D+03   0.4642D+02   -.6840D+00
   -.1051D+03   0.4677D+02   -.1732D+01
   -.1066D+03   0.4482D+02   -.1970D+01
   -.1079D+03   0.4534D+02   -.1732D+01
   -.1074D+03   0.4780D+02   -.1286D+01
   -.1097D+03   0.4344D+02   0.0000D+00
   -.1105D+03   0.4109D+02   0.6840D+00
   -.1097D+03   0.4078D+02   0.1732D+01
   -.1082D+03   0.4283D+02   0.1970D+01
   -.1069D+03   0.4233D+02   0.1732D+01
   -.1073D+03   0.3990D+02   0.1286D+01
   -.1069D+03   0.3974D+02   0.2449D-15
   -.1061D+03   0.4201D+02   -.6840D+00
   -.1069D+03   0.4233D+02   -.1732D+01
   -.1084D+03   0.4031D+02   -.1970D+01
   -.1097D+03   0.4078D+02   -.1732D+01
   -.1093D+03   0.4327D+02   -.1286D+01
   -.1114D+03   0.3881D+02   0.0000D+00
   -.1121D+03   0.3643D+02   0.6840D+00
   -.1113D+03   0.3615D+02   0.1732D+01
   -.1099D+03   0.3826D+02   0.1970D+01
   -.1086D+03   0.3782D+02   0.1732D+01
   -.1089D+03   0.3537D+02   0.1286D+01
   -.1084D+03   0.3523D+02   0.2449D-15
   -.1078D+03   0.3753D+02   -.6840D+00
   -.1086D+03   0.3782D+02   -.1732D+01
   -.1100D+03   0.3574D+02   -.1970D+01
   -.1113D+03   0.3615D+02   -.1732D+01
   -.1110D+03   0.3865D+02   -.1286D+01
   -.1130D+03   0.3411D+02   0.0000D+00
   -.1135D+03   0.3170D+02   0.6840D+00
   -.1127D+03   0.3146D+02   0.1732D+01
   -.1114D+03   0.3363D+02   0.1970D+01
   -.1101D+03   0.3324D+02   0.1732D+01
   -.1103D+03   0.3078D+02   0.1286D+01
   -.1098D+03   0.3066D+02   0.2449D-15
   -.1092D+03   0.3298D+02   -.6840D+00
   -.1101D+03   0.3324D+02   -.1732D+01
   -.1114D+03   0.3110D+02   -.1970D+01
   -.1127D+03   0.3146D+02   -.1732D+01
   -.1125D+03   0.3397D+02   -.1286D+01
   -.1143D+03   0.2935D+02   0.0000D+00
   -.1148D+03   0.2692D+02   0.6840D+00
   -.1139D+03   0.2672D+02   0.1732D+01
   -.1127D+03   0.2893D+02   0.1970D+01
   -.1114D+03   0.2860D+02   0.1732D+01
   -.1114D+03   0.2614D+02   0.1286D+01
   -.1110D+03   0.2603D+02   0.2449D-15
   -.1105D+03   0.2838D+02   -.6840D+00
   -.1114D+03   0.2860D+02   -.1732D+01
   -.1126D+03   0.2641D+02   -.1970D+01
   -.1139D+03   0.2672D+02   -.1732D+01
   -.1138D+03   0.2923D+02   -.1286D+01
   -.1154D+03   0.2453D+02   0.0000D+00
   -.1158D+03   0.2209D+02   0.6840D+00
   -.1149D+03   0.2192D+02   0.1732D+01
   -.1138D+03   0.2419D+02   0.1970D+01
   -.1125D+03   0.2391D+02   0.1732D+01
   -.1124D+03   0.2145D+02   0.1286D+01
   -.1120D+03   0.2136D+02   0.2449D-15
   -.1116D+03   0.2373D+02   -.6840D+00
   -.1125D+03   0.2391D+02   -.1732D+01
   -.1136D+03   0.2167D+02   -.1970D+01
   -.1149D+03   0.2192D+02   -.1732D+01
   -.1150D+03   0.2444D+02   -.1286D+01
   -.1163D+03   0.1968D+02   0.0000D+00
   -.1166D+03   0.1722D+02   0.6840D+00
   -.1157D+03   0.1709D+02   0.1732D+01
   -.1147D+03   0.1940D+02   0.1970D+01
   -.1134D+03   0.1918D+02   0.1732D+01
   -.1132D+03   0.1672D+02   0.1286D+01
   -.1128D+03   0.1665D+02   0.2449D-15
   -.1125D+03   0.1903D+02   -.6840D+00
   -.1134D+03   0.1918D+02   -.1732D+01
   -.1144D+03   0.1689D+02   -.1970D+01
   -.1157D+03   0.1709D+02   -.1732D+01
   -.1159D+03   0.1960D+02   -.1286D+01
   -.1171D+03   0.1479D+02   0.0000D+00
   -.1172D+03   0.1232D+02   0.6840D+00
   -.1164D+03   0.1223D+02   0.1732D+01
   -.1154D+03   0.1458D+02   0.1970D+01
   -.1141D+03   0.1441D+02   0.1732D+01
   -.1138D+03   0.1197D+02   0.1286D+01
   -.1134D+03   0.1192D+02   0.2449D-15
   -.1132D+03   0.1430D+02   -.6840D+00
   -.1141D+03   0.1441D+02   -.1732D+01
   -.1150D+03   0.1209D+02   -.1970D+01
   -.1164D+03   0.1223D+02   -.1732D+01
   -.1166D+03   0.1473D+02   -.1286D+01
   -.1176D+03   0.9874D+01   0.0000D+00
   -.1176D+03   0.7402D+01   0.6840D+00
   -.1168D+03   0.7346D+01   0.1732D+01
   -.1159D+03   0.9736D+01   0.1970D+01
   -.1146D+03   0.9623D+01   0.1732D+01
   -.1142D+03   0.7187D+01   0.1286D+01
   -.1138D+03   0.7158D+01   0.2449D-15
   -.1137D+03   0.9549D+01   -.6840D+00
   -.1146D+03   0.9623D+01   -.1732D+01
   -.1154D+03   0.7262D+01   -.1970D+01
   -.1168D+03   0.7346D+01   -.1732D+01
   -.1171D+03   0.9835D+01   -.1286D+01
   -.1179D+03   0.4941D+01   0.0000D+00
   -.1179D+03   0.2469D+01   0.6840D+00
   -.1170D+03   0.2450D+01   0.1732D+01
   -.1162D+03   0.4872D+01   0.1970D+01
   -.1149D+03   0.4816D+01   0.1732D+01
   -.1144D+03   0.2397D+01   0.1286D+01
   -.1140D+03   0.2387D+01   0.2449D-15
   -.1140D+03   0.4779D+01   -.6840D+00
   -.1149D+03   0.4816D+01   -.1732D+01
   -.1156D+03   0.2422D+01   -.1970D+01
   -.1170D+03   0.2450D+01   -.1732D+01
   -.1174D+03   0.4922D+01   -.1286D+01
   -.1180D+03   0.6685D-13   0.0000D+00
   -.1179D+03   -.2469D+01   0.6840D+00
   -.1170D+03   -.2450D+01   0.1732D+01
   -.1163D+03   0.6592D-13   0.1970D+01
   -.1150D+03   0.6515D-13   0.1732D+01
   -.1144D+03   -.2397D+01   0.1286D+01
   -.1140D+03   -.2387D+01   0.2449D-15
   -.1141D+03   0.6466D-13   -.6840D+00
   -.1150D+03   0.6515D-13   -.1732D+01
   -.1156D+03   -.2422D+01   -.1970D+01
   -.1170D+03   -.2450D+01   -.1732D+01
   -.1175D+03   0.6659D-13   -.1286D+01
   -.1179D+03   -.4941D+01   0.0000D+00
   -.1176D+03   -.7402D+01   0.6840D+00
   -.1168D+03   -.7346D+01   0.1732D+01
   -.1162D+03   -.4872D+01   0.1970D+01
   -.1149D+03   -.4816D+01   0.1732D+01
   -.1142D+03   -.7187D+01   0.1286D+01
   -.1138D+03   -.7158D+01   0.2449D-15
   -.1140D+03   -.4779D+01   -.6840D+00
   -.1149D+03   -.4816D+01   -.1732D+01
   -.1154D+03   -.7262D+01   -.1970D+01
   -.1168D+03   -.7346D+01   -.1732D+01
   -.1174D+03   -.4922D+01   -.1286D+01
   -.1176D+03   -.9874D+01   0.0000D+00
   -.1172D+03   -.1232D+02   0.6840D+00
   -.1164D+03   -.1223D+02   0.1732D+01
   -.1159D+03   -.9736D+01   0.1970D+01
   -.1146D+03   -.9623D+01   0.1732D+01
   -.1138D+03   -.1197D+02   0.1286D+01
   -.1134D+03   -.1192D+02   0.2449D-15
   -.1137D+03   -.9549D+01   -.6840D+00
   -.1146D+03   -.9623D+01   -.1732D+01
   -.1150D+03   -.1209D+02   -.1970D+01
   -.1164D+03   -.1223D+02   -.1732D+01
   -.1171D+03   -.9835D+01   -.1286D+01
   -.1171D+03   -.1479D+02   0.0000D+00
   -.1166D+03   -.1722D+02   0.6840D+00
   -.1157D+03   -.1709D+02   0.1732D+01
   -.1154D+03   -.1458D+02   0.1970D+01
   -.1141D+03   -.1441D+02   0.1732D+01
   -.1132D+03   -.1672D+02   0.1286D+01
   -.1128D+03   -.1665D+02   0.2449D-15
   -.1132D+03   -.1430D+02   -.6840D+00
   -.1141D+03   -.1441D+02   -.1732D+01
   -.1144D+03   -.1689D+02   -.1970D+01
   -.1157D+03   -.1709D+02   -.1732D+01
   -.1166D+03   -.1473D+02   -.1286D+01
   -.1163D+03   -.1968D+02   0.0000D+00
   -.1158D+03   -.2209D+02   0.6840D+00
   -.1149D+03   -.2192D+02   0.1732D+01
   -.1147D+03   -.1940D+02   0.1970D+01
   -.1134D+03   -.1918D+02   0.1732D+01
   -.1124D+03   -.2145D+02   0.1286D+01
   -.1120D+03   -.2136D+02   0.2449D-15
   -.1125D+03   -.1903D+02   -.6840D+00
   -.1134D+03   -.1918D+02   -.1732D+01
   -.1136D+03   -.2167D+02   -.1970D+01
   -.1149D+03   -.2192D+02   -.1732D+01
   -.1159D+03   -.1960D+02   -.1286D+01
   -.1154D+03   -.2453D+02   0.0000D+00
   -.1148D+03   -.2692D+02   0.6840D+00
   -.1139D+03   -.2672D+02   0.1732D+01
   -.1138D+03   -.2419D+02   0.1970D+01
   -.1125D+03   -.2391D+02   0.1732D+01
   -.1114D+03   -.2614D+02   0.1286D+01
   -.1110D+03   -.2603D+02   0.2449D-15
   -.1116D+03   -.2373D+02   -.6840D+00
   -.1125D+03   -.2391D+02   -.1732D+01
   -.1126D+03   -.2641D+02   -.1970D+01
   -.1139D+03   -.2672D+02   -.1732D+01
   -.1150D+03   -.2444D+02   -.1286D+01
   -.1143D+03   -.2935D+02   0.0000D+00
   -.1135D+03   -.3170D+02   0.6840D+00
   -.1127D+03   -.3146D+02   0.1732D+01
   -.1127D+03   -.2893D+02   0.1970D+01
   -.1114D+03   -.2860D+02   0.1732D+01
   -.1103D+03   -.3078D+02   0.1286D+01
   -.1098D+03   -.3066D+02   0.2449D-15
   -.1105D+03   -.2838D+02   -.6840D+00
   -.1114D+03   -.2860D+02   -.1732D+01
   -.1114D+03   -.3110D+02   -.1970D+01
   -.1127D+03   -.3146D+02   -.1732D+01
   -.1138D+03   -.2923D+02   -.1286D+01
   -.1130D+03   -.3411D+02   0.0000D+00
   -.1121D+03   -.3643D+02   0.6840D+00
   -.1113D+03   -.3615D+02   0.1732D+01
   -.1114D+03   -.3363D+02   0.1970D+01
   -.1101D+03   -.3324D+02   0.1732D+01
   -.1089D+03   -.3537D+02   0.1286D+01
   -.1084D+03   -.3523D+02   0.2449D-15
   -.1092D+03   -.3298D+02   -.6840D+00
   -.1101D+03   -.3324D+02   -.1732D+01
   -.1100D+03   -.3574D+02   -.1970D+01
   -.1113D+03   -.3615D+02   -.1732D+01
   -.1125D+03   -.3397D+02   -.1286D+01
   -.1114D+03   -.3881D+02   0.0000D+00
   -.1105D+03   -.4109D+02   0.6840D+00
   -.1097D+03   -.4078D+02   0.1732D+01
   -.1099D+03   -.3826D+02   0.1970D+01
   -.1086D+03   -.3782D+02   0.1732D+01
   -.1073D+03   -.3990D+02   0.1286D+01
   -.1069D+03   -.3974D+02   0.2449D-15
   -.1078D+03   -.3753D+02   -.6840D+00
   -.1086D+03   -.3782D+02   -.1732D+01
   -.1084D+03   -.4031D+02   -.1970D+01
   -.1097D+03   -.4078D+02   -.1732D+01
   -.1110D+03   -.3865D+02   -.1286D+01
   -.1097D+03   -.4344D+02   0.0000D+00
   -.1087D+03   -.4568D+02   0.6840D+00
   -.1079D+03   -.4534D+02   0.1732D+01
   -.1082D+03   -.4283D+02   0.1970D+01
   -.1069D+03   -.4233D+02   0.1732D+01
   -.1055D+03   -.4436D+02   0.1286D+01
   -.1051D+03   -.4418D+02   0.2449D-15
   -.1061D+03   -.4201D+02   -.6840D+00
   -.1069D+03   -.4233D+02   -.1732D+01
   -.1066D+03   -.4482D+02   -.1970D+01
   -.1079D+03   -.4534D+02   -.1732D+01
   -.1093D+03   -.4327D+02   -.1286D+01
   -.1078D+03   -.4799D+02   0.0000D+00
   -.1067D+03   -.5019D+02   0.6840D+00
   -.1059D+03   -.4982D+02   0.1732D+01
   -.1063D+03   -.4732D+02   0.1970D+01
   -.1051D+03   -.4677D+02   0.1732D+01
   -.1036D+03   -.4874D+02   0.1286D+01
   -.1032D+03   -.4854D+02   0.2449D-15
   -.1043D+03   -.4642D+02   -.6840D+00
   -.1051D+03   -.4677D+02   -.1732D+01
   -.1046D+03   -.4924D+02   -.1970D+01
   -.1059D+03   -.4982D+02   -.1732D+01
   -.1074D+03   -.4780D+02   -.1286D+01
   -.1057D+03   -.5247D+02   0.0000D+00
   -.1045D+03   -.5461D+02   0.6840D+00
   -.1037D+03   -.5421D+02   0.1732D+01
   -.1042D+03   -.5173D+02   0.1970D+01
   -.1030D+03   -.5113D+02   0.1732D+01
   -.1014D+03   -.5303D+02   0.1286D+01
   -.1010D+03   -.5282D+02   0.2449D-15
   -.1022D+03   -.5074D+02   -.6840D+00
   -.1030D+03   -.5113D+02   -.1732D+01
   -.1025D+03   -.5358D+02   -.1970D+01
   -.1037D+03   -.5421D+02   -.1732D+01
   -.1053D+03   -.5226D+02   -.1286D+01
   -.1034D+03   -.5685D+02   0.0000D+00
   -.1021D+03   -.5894D+02   0.6840D+00
   -.1013D+03   -.5850D+02   0.1732D+01
   -.1020D+03   -.5605D+02   0.1970D+01
   -.1008D+03   -.5540D+02   0.1732D+01
   -.9913D+02   -.5723D+02   0.1286D+01
   -.9873D+02   -.5700D+02   0.2449D-15
   -.1000D+03   -.5498D+02   -.6840D+00
   -.1008D+03   -.5540D+02   -.1732D+01
   -.1002D+03   -.5783D+02   -.1970D+01
   -.1013D+03   -.5850D+02   -.1732D+01
   -.1030D+03   -.5662D+02   -.1286D+01
   -.1009D+03   -.6113D+02   0.0000D+00
   -.9953D+02   -.6316D+02   0.6840D+00
   -.9879D+02   -.6269D+02   0.1732D+01
   -.9952D+02   -.6027D+02   0.1970D+01
   -.9837D+02   -.5957D+02   0.1732D+01
   -.9665D+02   -.6133D+02   0.1286D+01
   -.9625D+02   -.6108D+02   0.2449D-15
   -.9761D+02   -.5912D+02   -.6840D+00
   -.9837D+02   -.5957D+02   -.1732D+01
   -.9765D+02   -.6197D+02   -.1970D+01
   -.9879D+02   -.6269D+02   -.1732D+01
   -.1005D+03   -.6088D+02   -.1286D+01
   -.9828D+02   -.6530D+02   0.0000D+00
   -.9680D+02   -.6728D+02   0.6840D+00
   -.9607D+02   -.6677D+02   0.1732D+01
   -.9691D+02   -.6439D+02   0.1970D+01
   -.9579D+02   -.6364D+02   0.1732D+01
   -.9400D+02   -.6533D+02   0.1286D+01
   -.9361D+02   -.6506D+02   0.2449D-15
   -.9505D+02   -.6315D+02   -.6840D+00
   -.9579D+02   -.6364D+02   -.1732D+01
   -.9497D+02   -.6600D+02   -.1970D+01
   -.9607D+02   -.6677D+02   -.1732D+01
   -.9789D+02   -.6504D+02   -.1286D+01
   -.9546D+02   -.6936D+02   0.0000D+00
   -.9389D+02   -.7127D+02   0.6840D+00
   -.9319D+02   -.7074D+02   0.1732D+01
   -.9413D+02   -.6839D+02   0.1970D+01
   -.9304D+02   -.6760D+02   0.1732D+01
   -.9118D+02   -.6921D+02   0.1286D+01
   -.9080D+02   -.6892D+02   0.2449D-15
   -.9233D+02   -.6708D+02   -.6840D+00
   -.9304D+02   -.6760D+02   -.1732D+01
   -.9212D+02   -.6992D+02   -.1970D+01
   -.9319D+02   -.7074D+02   -.1732D+01
   -.9509D+02   -.6908D+02   -.1286D+01
   -.9248D+02   -.7330D+02   0.0000D+00
   -.9083D+02   -.7514D+02   0.6840D+00
   -.9015D+02   -.7458D+02   0.1732D+01
   -.9118D+02   -.7227D+02   0.1970D+01
   -.9012D+02   -.7143D+02   0.1732D+01
   -.8820D+02   -.7296D+02   0.1286D+01
   -.8784D+02   -.7267D+02   0.2449D-15
   -.8944D+02   -.7089D+02   -.6840D+00
   -.9012D+02   -.7143D+02   -.1732D+01
   -.8911D+02   -.7372D+02   -.1970D+01
   -.9015D+02   -.7458D+02   -.1732D+01
   -.9211D+02   -.7300D+02   -.1286D+01
   -.8933D+02   -.7710D+02   0.0000D+00
   -.8760D+02   -.7888D+02   0.6840D+00
   -.8695D+02   -.7829D+02   0.1732D+01
   -.8807D+02   -.7602D+02   0.1970D+01
   -.8705D+02   -.7514D+02   0.1732D+01
   -.8507D+02   -.7659D+02   0.1286D+01
   -.8472D+02   -.7628D+02   0.2449D-15
   -.8639D+02   -.7457D+02   -.6840D+00
   -.8705D+02   -.7514D+02   -.1732D+01
   -.8595D+02   -.7739D+02   -.1970D+01
   -.8695D+02   -.7829D+02   -.1732D+01
   -.8897D+02   -.7680D+02   -.1286D+01
   -.8602D+02   -.8078D+02   0.0000D+00
   -.8422D+02   -.8248D+02   0.6840D+00
   -.8359D+02   -.8186D+02   0.1732D+01
   -.8481D+02   -.7965D+02   0.1970D+01
   -.8383D+02   -.7872D+02   0.1732D+01
   -.8178D+02   -.8009D+02   0.1286D+01
   -.8145D+02   -.7976D+02   0.2449D-15
   -.8319D+02   -.7812D+02   -.6840D+00
   -.8383D+02   -.7872D+02   -.1732D+01
   -.8263D+02   -.8092D+02   -.1970D+01
   -.8359D+02   -.8186D+02   -.1732D+01
   -.8568D+02   -.8046D+02   -.1286D+01
   -.8256D+02   -.8431D+02   0.0000D+00
   -.8069D+02   -.8593D+02   0.6840D+00
   -.8009D+02   -.8529D+02   0.1732D+01
   -.8140D+02   -.8313D+02   0.1970D+01
   -.8046D+02   -.8216D+02   0.1732D+01
   -.7836D+02   -.8344D+02   0.1286D+01
   -.7804D+02   -.8310D+02   0.2449D-15
   -.7985D+02   -.8154D+02   -.6840D+00
   -.8046D+02   -.8216D+02   -.1732D+01
   -.7917D+02   -.8431D+02   -.1970D+01
   -.8009D+02   -.8529D+02   -.1732D+01
   -.8223D+02   -.8397D+02   -.1286D+01
   -.7896D+02   -.8769D+02   0.0000D+00
   -.7702D+02   -.8923D+02   0.6840D+00
   -.7645D+02   -.8857D+02   0.1732D+01
   -.7785D+02   -.8646D+02   0.1970D+01
   -.7695D+02   -.8546D+02   0.1732D+01
   -.7480D+02   -.8665D+02   0.1286D+01
   -.7449D+02   -.8630D+02   0.2449D-15
   -.7636D+02   -.8481D+02   -.6840D+00
   -.7695D+02   -.8546D+02   -.1732D+01
   -.7557D+02   -.8755D+02   -.1970D+01
   -.7645D+02   -.8857D+02   -.1732D+01
   -.7864D+02   -.8734D+02   -.1286D+01
   -.7522D+02   -.9092D+02   0.0000D+00
   -.7322D+02   -.9238D+02   0.6840D+00
   -.7267D+02   -.9169D+02   0.1732D+01
   -.7416D+02   -.8965D+02   0.1970D+01
   -.7330D+02   -.8861D+02   0.1732D+01
   -.7110D+02   -.8971D+02   0.1286D+01
   -.7081D+02   -.8934D+02   0.2449D-15
   -.7274D+02   -.8793D+02   -.6840D+00
   -.7330D+02   -.8861D+02   -.1732D+01
   -.7184D+02   -.9064D+02   -.1970D+01
   -.7267D+02   -.9169D+02   -.1732D+01
   -.7492D+02   -.9056D+02   -.1286D+01
   -.7134D+02   -.9399D+02   0.0000D+00
   -.6929D+02   -.9537D+02   0.6840D+00
   -.6877D+02   -.9465D+02   0.1732D+01
   -.7034D+02   -.9267D+02   0.1970D+01
   -.6953D+02   -.9160D+02   0.1732D+01
   -.6728D+02   -.9261D+02   0.1286D+01
   -.6701D+02   -.9223D+02   0.2449D-15
   -.6900D+02   -.9090D+02   -.6840D+00
   -.6953D+02   -.9160D+02   -.1732D+01
   -.6798D+02   -.9357D+02   -.1970D+01
   -.6877D+02   -.9465D+02   -.1732D+01
   -.7106D+02   -.9362D+02   -.1286D+01
   -.6734D+02   -.9690D+02   0.0000D+00
   -.6523D+02   -.9818D+02   0.6840D+00
   -.6475D+02   -.9745D+02   0.1732D+01
   -.6640D+02   -.9554D+02   0.1970D+01
   -.6563D+02   -.9443D+02   0.1732D+01
   -.6335D+02   -.9534D+02   0.1286D+01
   -.6309D+02   -.9495D+02   0.2449D-15
   -.6513D+02   -.9371D+02   -.6840D+00
   -.6563D+02   -.9443D+02   -.1732D+01
   -.6400D+02   -.9633D+02   -.1970D+01
   -.6475D+02   -.9745D+02   -.1732D+01
   -.6708D+02   -.9651D+02   -.1286D+01
   -.6323D+02   -.9963D+02   0.0000D+00
   -.6106D+02   -.1008D+03   0.6840D+00
   -.6061D+02   -.1001D+03   0.1732D+01
   -.6234D+02   -.9824D+02   0.1970D+01
   -.6162D+02   -.9710D+02   0.1732D+01
   -.5930D+02   -.9791D+02   0.1286D+01
   -.5906D+02   -.9751D+02   0.2449D-15
   -.6115D+02   -.9636D+02   -.6840D+00
   -.6162D+02   -.9710D+02   -.1732D+01
   -.5991D+02   -.9893D+02   -.1970D+01
   -.6061D+02   -.1001D+03   -.1732D+01
   -.6298D+02   -.9924D+02   -.1286D+01
   -.5900D+02   -.1022D+03   0.0000D+00
   -.5679D+02   -.1033D+03   0.6840D+00
   -.5637D+02   -.1025D+03   0.1732D+01
   -.5817D+02   -.1008D+03   0.1970D+01
   -.5750D+02   -.9959D+02   0.1732D+01
   -.5515D+02   -.1003D+03   0.1286D+01
   -.5492D+02   -.9990D+02   0.2449D-15
   -.5706D+02   -.9883D+02   -.6840D+00
   -.5750D+02   -.9959D+02   -.1732D+01
   -.5572D+02   -.1013D+03   -.1970D+01
   -.5637D+02   -.1025D+03   -.1732D+01
   -.5877D+02   -.1018D+03   -.1286D+01
   -.5467D+02   -.1046D+03   0.0000D+00
   -.5241D+02   -.1056D+03   0.6840D+00
   -.5202D+02   -.1048D+03   0.1732D+01
   -.5390D+02   -.1031D+03   0.1970D+01
   -.5328D+02   -.1019D+03   0.1732D+01
   -.5090D+02   -.1025D+03   0.1286D+01
   -.5069D+02   -.1021D+03   0.2449D-15
   -.5287D+02   -.1011D+03   -.6840D+00
   -.5328D+02   -.1019D+03   -.1732D+01
   -.5142D+02   -.1036D+03   -.1970D+01
   -.5202D+02   -.1048D+03   -.1732D+01
   -.5445D+02   -.1042D+03   -.1286D+01
   -.5024D+02   -.1068D+03   0.0000D+00
   -.4795D+02   -.1077D+03   0.6840D+00
   -.4759D+02   -.1069D+03   0.1732D+01
   -.4954D+02   -.1053D+03   0.1970D+01
   -.4896D+02   -.1041D+03   0.1732D+01
   -.4656D+02   -.1046D+03   0.1286D+01
   -.4637D+02   -.1041D+03   0.2449D-15
   -.4859D+02   -.1033D+03   -.6840D+00
   -.4896D+02   -.1041D+03   -.1732D+01
   -.4704D+02   -.1057D+03   -.1970D+01
   -.4759D+02   -.1069D+03   -.1732D+01
   -.5004D+02   -.1063D+03   -.1286D+01
   -.4573D+02   -.1088D+03   0.0000D+00
   -.4339D+02   -.1096D+03   0.6840D+00
   -.4307D+02   -.1088D+03   0.1732D+01
   -.4509D+02   -.1073D+03   0.1970D+01
   -.4456D+02   -.1060D+03   0.1732D+01
   -.4214D+02   -.1064D+03   0.1286D+01
   -.4197D+02   -.1060D+03   0.2449D-15
   -.4422D+02   -.1052D+03   -.6840D+00
   -.4456D+02   -.1060D+03   -.1732D+01
   -.4257D+02   -.1075D+03   -.1970D+01
   -.4307D+02   -.1088D+03   -.1732D+01
   -.4555D+02   -.1083D+03   -.1286D+01
   -.4113D+02   -.1106D+03   0.0000D+00
   -.3877D+02   -.1113D+03   0.6840D+00
   -.3848D+02   -.1105D+03   0.1732D+01
   -.4056D+02   -.1091D+03   0.1970D+01
   -.4009D+02   -.1078D+03   0.1732D+01
   -.3764D+02   -.1081D+03   0.1286D+01
   -.3749D+02   -.1077D+03   0.2449D-15
   -.3978D+02   -.1070D+03   -.6840D+00
   -.4009D+02   -.1078D+03   -.1732D+01
   -.3803D+02   -.1092D+03   -.1970D+01
   -.3848D+02   -.1105D+03   -.1732D+01
   -.4097D+02   -.1102D+03   -.1286D+01
   -.3646D+02   -.1122D+03   0.0000D+00
   -.3407D+02   -.1128D+03   0.6840D+00
   -.3382D+02   -.1120D+03   0.1732D+01
   -.3595D+02   -.1107D+03   0.1970D+01
   -.3554D+02   -.1094D+03   0.1732D+01
   -.3308D+02   -.1096D+03   0.1286D+01
   -.3295D+02   -.1091D+03   0.2449D-15
   -.3527D+02   -.1085D+03   -.6840D+00
   -.3554D+02   -.1094D+03   -.1732D+01
   -.3343D+02   -.1107D+03   -.1970D+01
   -.3382D+02   -.1120D+03   -.1732D+01
   -.3632D+02   -.1118D+03   -.1286D+01
   -.3173D+02   -.1137D+03   0.0000D+00
   -.2932D+02   -.1142D+03   0.6840D+00
   -.2910D+02   -.1133D+03   0.1732D+01
   -.3129D+02   -.1121D+03   0.1970D+01
   -.3093D+02   -.1108D+03   0.1732D+01
   -.2847D+02   -.1109D+03   0.1286D+01
   -.2835D+02   -.1104D+03   0.2449D-15
   -.3069D+02   -.1099D+03   -.6840D+00
   -.3093D+02   -.1108D+03   -.1732D+01
   -.2876D+02   -.1120D+03   -.1970D+01
   -.2910D+02   -.1133D+03   -.1732D+01
   -.3161D+02   -.1132D+03   -.1286D+01
   -.2695D+02   -.1149D+03   0.0000D+00
   -.2451D+02   -.1153D+03   0.6840D+00
   -.2433D+02   -.1144D+03   0.1732D+01
   -.2657D+02   -.1133D+03   0.1970D+01
   -.2626D+02   -.1120D+03   0.1732D+01
   -.2380D+02   -.1120D+03   0.1286D+01
   -.2370D+02   -.1115D+03   0.2449D-15
   -.2606D+02   -.1111D+03   -.6840D+00
   -.2626D+02   -.1120D+03   -.1732D+01
   -.2405D+02   -.1131D+03   -.1970D+01
   -.2433D+02   -.1144D+03   -.1732D+01
   -.2684D+02   -.1144D+03   -.1286D+01
   -.2211D+02   -.1159D+03   0.0000D+00
   -.1966D+02   -.1162D+03   0.6840D+00
   -.1951D+02   -.1154D+03   0.1732D+01
   -.2180D+02   -.1143D+03   0.1970D+01
   -.2155D+02   -.1130D+03   0.1732D+01
   -.1909D+02   -.1129D+03   0.1286D+01
   -.1901D+02   -.1124D+03   0.2449D-15
   -.2138D+02   -.1121D+03   -.6840D+00
   -.2155D+02   -.1130D+03   -.1732D+01
   -.1929D+02   -.1140D+03   -.1970D+01
   -.1951D+02   -.1154D+03   -.1732D+01
   -.2202D+02   -.1155D+03   -.1286D+01
   -.1724D+02   -.1167D+03   0.0000D+00
   -.1477D+02   -.1169D+03   0.6840D+00
   -.1466D+02   -.1161D+03   0.1732D+01
   -.1700D+02   -.1151D+03   0.1970D+01
   -.1680D+02   -.1138D+03   0.1732D+01
   -.1435D+02   -.1136D+03   0.1286D+01
   -.1429D+02   -.1131D+03   0.2449D-15
   -.1667D+02   -.1129D+03   -.6840D+00
   -.1680D+02   -.1138D+03   -.1732D+01
   -.1450D+02   -.1147D+03   -.1970D+01
   -.1466D+02   -.1161D+03   -.1732D+01
   -.1717D+02   -.1163D+03   -.1286D+01
   -.1233D+02   -.1174D+03   0.0000D+00
   -.9864D+01   -.1175D+03   0.6840D+00
   -.9790D+01   -.1166D+03   0.1732D+01
   -.1216D+02   -.1157D+03   0.1970D+01
   -.1202D+02   -.1144D+03   0.1732D+01
   -.9578D+01   -.1141D+03   0.1286D+01
   -.9539D+01   -.1136D+03   0.2449D-15
   -.1193D+02   -.1135D+03   -.6840D+00
   -.1202D+02   -.1144D+03   -.1732D+01
   -.9678D+01   -.1152D+03   -.1970D+01
   -.9790D+01   -.1166D+03   -.1732D+01
   -.1229D+02   -.1169D+03   -.1286D+01
   -.7409D+01   -.1178D+03   0.0000D+00
   -.4936D+01   -.1178D+03   0.6840D+00
   -.4899D+01   -.1169D+03   0.1732D+01
   -.7306D+01   -.1161D+03   0.1970D+01
   -.7221D+01   -.1148D+03   0.1732D+01
   -.4793D+01   -.1144D+03   0.1286D+01
   -.4774D+01   -.1139D+03   0.2449D-15
   -.7166D+01   -.1139D+03   -.6840D+00
   -.7221D+01   -.1148D+03   -.1732D+01
   -.4843D+01   -.1156D+03   -.1970D+01
   -.4899D+01   -.1169D+03   -.1732D+01
   -.7380D+01   -.1173D+03   -.1286D+01
   -.2471D+01   -.1180D+03   0.0000D+00
   -.1264D-12   -.1179D+03   0.6840D+00
   -.1254D-12   -.1170D+03   0.1732D+01
   -.2437D+01   -.1163D+03   0.1970D+01
   -.2408D+01   -.1150D+03   0.1732D+01
   -.1227D-12   -.1145D+03   0.1286D+01
   -.1222D-12   -.1140D+03   0.2449D-15
   -.2390D+01   -.1141D+03   -.6840D+00
   -.2408D+01   -.1150D+03   -.1732D+01
   -.1240D-12   -.1157D+03   -.1970D+01
   -.1254D-12   -.1170D+03   -.1732D+01
   -.2461D+01   -.1175D+03   -.1286D+01
   0.2471D+01   -.1180D+03   0.0000D+00
   0.4936D+01   -.1178D+03   0.6840D+00
   0.4899D+01   -.1169D+03   0.1732D+01
   0.2437D+01   -.1163D+03   0.1970D+01
   0.2408D+01   -.1150D+03   0.1732D+01
   0.4793D+01   -.1144D+03   0.1286D+01
   0.4774D+01   -.1139D+03   0.2449D-15
   0.2390D+01   -.1141D+03   -.6840D+00
   0.2408D+01   -.1150D+03   -.1732D+01
   0.4843D+01   -.1156D+03   -.1970D+01
   0.4899D+01   -.1169D+03   -.1732D+01
   0.2461D+01   -.1175D+03   -.1286D+01
   0.7409D+01   -.1178D+03   0.0000D+00
   0.9864D+01   -.1175D+03   0.6840D+00
   0.9790D+01   -.1166D+03   0.1732D+01
   0.7306D+01   -.1161D+03   0.1970D+01
   0.7221D+01   -.1148D+03   0.1732D+01
   0.9578D+01   -.1141D+03   0.1286D+01
   0.9539D+01   -.1136D+03   0.2449D-15
   0.7166D+01   -.1139D+03   -.6840D+00
   0.7221D+01   -.1148D+03   -.1732D+01
   0.9678D+01   -.1152D+03   -.1970D+01
   0.9790D+01   -.1166D+03   -.1732D+01
   0.7380D+01   -.1173D+03   -.1286D+01
   0.1233D+02   -.1174D+03   0.0000D+00
   0.1477D+02   -.1169D+03   0.6840D+00
   0.1466D+02   -.1161D+03   0.1732D+01
   0.1216D+02   -.1157D+03   0.1970D+01
   0.1202D+02   -.1144D+03   0.1732D+01
   0.1435D+02   -.1136D+03   0.1286D+01
   0.1429D+02   -.1131D+03   0.2449D-15
   0.1193D+02   -.1135D+03   -.6840D+00
   0.1202D+02   -.1144D+03   -.1732D+01
   0.1450D+02   -.1147D+03   -.1970D+01
   0.1466D+02   -.1161D+03   -.1732D+01
   0.1229D+02   -.1169D+03   -.1286D+01
   0.1724D+02   -.1167D+03   0.0000D+00
   0.1966D+02   -.1162D+03   0.6840D+00
   0.1951D+02   -.1154D+03   0.1732D+01
   0.1700D+02   -.1151D+03   0.1970D+01
   0.1680D+02   -.1138D+03   0.1732D+01
   0.1909D+02   -.1129D+03   0.1286D+01
   0.1901D+02   -.1124D+03   0.2449D-15
   0.1667D+02   -.1129D+03   -.6840D+00
   0.1680D+02   -.1138D+03   -.1732D+01
   0.1929D+02   -.1140D+03   -.1970D+01
   0.1951D+02   -.1154D+03   -.1732D+01
   0.1717D+02   -.1163D+03   -.1286D+01
   0.2211D+02   -.1159D+03   0.0000D+00
   0.2451D+02   -.1153D+03   0.6840D+00
   0.2433D+02   -.1144D+03   0.1732D+01
   0.2180D+02   -.1143D+03   0.1970D+01
   0.2155D+02   -.1130D+03   0.1732D+01
   0.2380D+02   -.1120D+03   0.1286D+01
   0.2370D+02   -.1115D+03   0.2449D-15
   0.2138D+02   -.1121D+03   -.6840D+00
   0.2155D+02   -.1130D+03   -.1732D+01
   0.2405D+02   -.1131D+03   -.1970D+01
   0.2433D+02   -.1144D+03   -.1732D+01
   0.2202D+02   -.1155D+03   -.1286D+01
   0.2695D+02   -.1149D+03   0.0000D+00
   0.2932D+02   -.1142D+03   0.6840D+00
   0.2910D+02   -.1133D+03   0.1732D+01
   0.2657D+02   -.1133D+03   0.1970D+01
   0.2626D+02   -.1120D+03   0.1732D+01
   0.2847D+02   -.1109D+03   0.1286D+01
   0.2835D+02   -.1104D+03   0.2449D-15
   0.2606D+02   -.1111D+03   -.6840D+00
   0.2626D+02   -.1120D+03   -.1732D+01
   0.2876D+02   -.1120D+03   -.1970D+01
   0.2910D+02   -.1133D+03   -.1732D+01
   0.2684D+02   -.1144D+03   -.1286D+01
   0.3173D+02   -.1137D+03   0.0000D+00
   0.3407D+02   -.1128D+03   0.6840D+00
   0.3382D+02   -.1120D+03   0.1732D+01
   0.3129D+02   -.1121D+03   0.1970D+01
   0.3093D+02   -.1108D+03   0.1732D+01
   0.3308D+02   -.1096D+03   0.1286D+01
   0.3295D+02   -.1091D+03   0.2449D-15
   0.3069D+02   -.1099D+03   -.6840D+00
   0.3093D+02   -.1108D+03   -.1732D+01
   0.3343D+02   -.1107D+03   -.1970D+01
   0.3382D+02   -.1120D+03   -.1732D+01
   0.3161D+02   -.1132D+03   -.1286D+01
   0.3646D+02   -.1122D+03   0.0000D+00
   0.3877D+02   -.1113D+03   0.6840D+00
   0.3848D+02   -.1105D+03   0.1732D+01
   0.3595D+02   -.1107D+03   0.1970D+01
   0.3554D+02   -.1094D+03   0.1732D+01
   0.3764D+02   -.1081D+03   0.1286D+01
   0.3749D+02   -.1077D+03   0.2449D-15
   0.3527D+02   -.1085D+03   -.6840D+00
   0.3554D+02   -.1094D+03   -.1732D+01
   0.3803D+02   -.1092D+03   -.1970D+01
   0.3848D+02   -.1105D+03   -.1732D+01
   0.3632D+02   -.1118D+03   -.1286D+01
   0.4113D+02   -.1106D+03   0.0000D+00
   0.4339D+02   -.1096D+03   0.6840D+00
   0.4307D+02   -.1088D+03   0.1732D+01
   0.4056D+02   -.1091D+03   0.1970D+01
   0.4009D+02   -.1078D+03   0.1732D+01
   0.4214D+02   -.1064D+03   0.1286D+01
   0.4197D+02   -.1060D+03   0.2449D-15
   0.3978D+02   -.1070D+03   -.6840D+00
   0.4009D+02   -.1078D+03   -.1732D+01
   0.4257D+02   -.1075D+03   -.1970D+01
   0.4307D+02   -.1088D+03   -.1732D+01
   0.4097D+02   -.1102D+03   -.1286D+01
   0.4573D+02   -.1088D+03   0.0000D+00
   0.4795D+02   -.1077D+03   0.6840D+00
   0.4759D+02   -.1069D+03   0.1732D+01
   0.4509D+02   -.1073D+03   0.1970D+01
   0.4456D+02   -.1060D+03   0.1732D+01
   0.4656D+02   -.1046D+03   0.1286D+01
   0.4637D+02   -.1041D+03   0.2449D-15
   0.4422D+02   -.1052D+03   -.6840D+00
   0.4456D+02   -.1060D+03   -.1732D+01
   0.4704D+02   -.1057D+03   -.1970D+01
   0.4759D+02   -.1069D+03   -.1732D+01
   0.4555D+02   -.1083D+03   -.1286D+01
   0.5024D+02   -.1068D+03   0.0000D+00
   0.5241D+02   -.1056D+03   0.6840D+00
   0.5202D+02   -.1048D+03   0.1732D+01
   0.4954D+02   -.1053D+03   0.1970D+01
   0.4896D+02   -.1041D+03   0.1732D+01
   0.5090D+02   -.1025D+03   0.1286D+01
   0.5069D+02   -.1021D+03   0.2449D-15
   0.4859D+02   -.1033D+03   -.6840D+00
   0.4896D+02   -.1041D+03   -.1732D+01
   0.5142D+02   -.1036D+03   -.1970D+01
   0.5202D+02   -.1048D+03   -.1732D+01
   0.5004D+02   -.1063D+03   -.1286D+01
   0.5467D+02   -.1046D+03   0.0000D+00
   0.5679D+02   -.1033D+03   0.6840D+00
   0.5637D+02   -.1025D+03   0.1732D+01
   0.5390D+02   -.1031D+03   0.1970D+01
   0.5328D+02   -.1019D+03   0.1732D+01
   0.5515D+02   -.1003D+03   0.1286D+01
   0.5492D+02   -.9990D+02   0.2449D-15
   0.5287D+02   -.1011D+03   -.6840D+00
   0.5328D+02   -.1019D+03   -.1732D+01
   0.5572D+02   -.1013D+03   -.1970D+01
   0.5637D+02   -.1025D+03   -.1732D+01
   0.5445D+02   -.1042D+03   -.1286D+01
   0.5900D+02   -.1022D+03   0.0000D+00
   0.6106D+02   -.1008D+03   0.6840D+00
   0.6061D+02   -.1001D+03   0.1732D+01
   0.5817D+02   -.1008D+03   0.1970D+01
   0.5750D+02   -.9959D+02   0.1732D+01
   0.5930D+02   -.9791D+02   0.1286D+01
   0.5906D+02   -.9751D+02   0.2449D-15
   0.5706D+02   -.9883D+02   -.6840D+00
   0.5750D+02   -.9959D+02   -.1732D+01
   0.5991D+02   -.9893D+02   -.1970D+01
   0.6061D+02   -.1001D+03   -.1732D+01
   0.5877D+02   -.1018D+03   -.1286D+01
   0.6323D+02   -.9963D+02   0.0000D+00
   0.6523D+02   -.9818D+02   0.6840D+00
   0.6475D+02   -.9745D+02   0.1732D+01
   0.6234D+02   -.9824D+02   0.1970D+01
   0.6162D+02   -.9710D+02   0.1732D+01
   0.6335D+02   -.9534D+02   0.1286D+01
   0.6309D+02   -.9495D+02   0.2449D-15
   0.6115D+02   -.9636D+02   -.6840D+00
   0.6162D+02   -.9710D+02   -.1732D+01
   0.6400D+02   -.9633D+02   -.1970D+01
   0.6475D+02   -.9745D+02   -.1732D+01
   0.6298D+02   -.9924D+02   -.1286D+01
   0.6734D+02   -.9690D+02   0.0000D+00
   0.6929D+02   -.9537D+02   0.6840D+00
   0.6877D+02   -.9465D+02   0.1732D+01
   0.6640D+02   -.9554D+02   0.1970D+01
   0.6563D+02   -.9443D+02   0.1732D+01
   0.6728D+02   -.9261D+02   0.1286D+01
   0.6701D+02   -.9223D+02   0.2449D-15
   0.6513D+02   -.9371D+02   -.6840D+00
   0.6563D+02   -.9443D+02   -.1732D+01
   0.6798D+02   -.9357D+02   -.1970D+01
   0.6877D+02   -.9465D+02   -.1732D+01
   0.6708D+02   -.9651D+02   -.1286D+01
   0.7134D+02   -.9399D+02   0.0000D+00
   0.7322D+02   -.9238D+02   0.6840D+00
   0.7267D+02   -.9169D+02   0.1732D+01
   0.7034D+02   -.9267D+02   0.1970D+01
   0.6953D+02   -.9160D+02   0.1732D+01
   0.7110D+02   -.8971D+02   0.1286D+01
   0.7081D+02   -.8934D+02   0.2449D-15
   0.6900D+02   -.9090D+02   -.6840D+00
   0.6953D+02   -.9160D+02   -.1732D+01
   0.7184D+02   -.9064D+02   -.1970D+01
   0.7267D+02   -.9169D+02   -.1732D+01
   0.7106D+02   -.9362D+02   -.1286D+01
   0.7522D+02   -.9092D+02   0.0000D+00
   0.7702D+02   -.8923D+02   0.6840D+00
   0.7645D+02   -.8857D+02   0.1732D+01
   0.7416D+02   -.8965D+02   0.1970D+01
   0.7330D+02   -.8861D+02   0.1732D+01
   0.7480D+02   -.8665D+02   0.1286D+01
   0.7449D+02   -.8630D+02   0.2449D-15
   0.7274D+02   -.8793D+02   -.6840D+00
   0.7330D+02   -.8861D+02   -.1732D+01
   0.7557D+02   -.8755D+02   -.1970D+01
   0.7645D+02   -.8857D+02   -.1732D+01
   0.7492D+02   -.9056D+02   -.1286D+01
   0.7896D+02   -.8769D+02   0.0000D+00
   0.8069D+02   -.8593D+02   0.6840D+00
   0.8009D+02   -.8529D+02   0.1732D+01
   0.7785D+02   -.8646D+02   0.1970D+01
   0.7695D+02   -.8546D+02   0.1732D+01
   0.7836D+02   -.8344D+02   0.1286D+01
   0.7804D+02   -.8310D+02   0.2449D-15
   0.7636D+02   -.8481D+02   -.6840D+00
   0.7695D+02   -.8546D+02   -.1732D+01
   0.7917D+02   -.8431D+02   -.1970D+01
   0.8009D+02   -.8529D+02   -.1732D+01
   0.7864D+02   -.8734D+02   -.1286D+01
   0.8256D+02   -.8431D+02   0.0000D+00
   0.8422D+02   -.8248D+02   0.6840D+00
   0.8359D+02   -.8186D+02   0.1732D+01
   0.8140D+02   -.8313D+02   0.1970D+01
   0.8046D+02   -.8216D+02   0.1732D+01
   0.8178D+02   -.8009D+02   0.1286D+01
   0.8145D+02   -.7976D+02   0.2449D-15
   0.7985D+02   -.8154D+02   -.6840D+00
   0.8046D+02   -.8216D+02   -.1732D+01
   0.8263D+02   -.8092D+02   -.1970D+01
   0.8359D+02   -.8186D+02   -.1732D+01
   0.8223D+02   -.8397D+02   -.1286D+01
   0.8602D+02   -.8078D+02   0.0000D+00
   0.8760D+02   -.7888D+02   0.6840D+00
   0.8695D+02   -.7829D+02   0.1732D+01
   0.8481D+02   -.7965D+02   0.1970D+01
   0.8383D+02   -.7872D+02   0.1732D+01
   0.8507D+02   -.7659D+02   0.1286D+01
   0.8472D+02   -.7628D+02   0.2449D-15
   0.8319D+02   -.7812D+02   -.6840D+00
   0.8383D+02   -.7872D+02   -.1732D+01
   0.8595D+02   -.7739D+02   -.1970D+01
   0.8695D+02   -.7829D+02   -.1732D+01
   0.8568D+02   -.8046D+02   -.1286D+01
   0.8933D+02   -.7710D+02   0.0000D+00
   0.9083D+02   -.7514D+02   0.6840D+00
   0.9015D+02   -.7458D+02   0.1732D+01
   0.8807D+02   -.7602D+02   0.1970D+01
   0.8705D+02   -.7514D+02   0.1732D+01
   0.8820D+02   -.7296D+02   0.1286D+01
   0.8784D+02   -.7267D+02   0.2449D-15
   0.8639D+02   -.7457D+02   -.6840D+00
   0.8705D+02   -.7514D+02   -.1732D+01
   0.8911D+02   -.7372D+02   -.1970D+01
   0.9015D+02   -.7458D+02   -.1732D+01
   0.8897D+02   -.7680D+02   -.1286D+01
   0.9248D+02   -.7330D+02   0.0000D+00
   0.9389D+02   -.7127D+02   0.6840D+00
   0.9319D+02   -.7074D+02   0.1732D+01
   0.9118D+02   -.7227D+02   0.1970D+01
   0.9012D+02   -.7143D+02   0.1732D+01
   0.9118D+02   -.6921D+02   0.1286D+01
   0.9080D+02   -.6892D+02   0.2449D-15
   0.8944D+02   -.7089D+02   -.6840D+00
   0.9012D+02   -.7143D+02   -.1732D+01
   0.9212D+02   -.6992D+02   -.1970D+01
   0.9319D+02   -.7074D+02   -.1732D+01
   0.9211D+02   -.7300D+02   -.1286D+01
   0.9546D+02   -.6936D+02   0.0000D+00
   0.9680D+02   -.6728D+02   0.6840D+00
   0.9607D+02   -.6677D+02   0.1732D+01
   0.9413D+02   -.6839D+02   0.1970D+01
   0.9304D+02   -.6760D+02   0.1732D+01
   0.9400D+02   -.6533D+02   0.1286D+01
   0.9361D+02   -.6506D+02   0.2449D-15
   0.9233D+02   -.6708D+02   -.6840D+00
   0.9304D+02   -.6760D+02   -.1732D+01
   0.9497D+02   -.6600D+02   -.1970D+01
   0.9607D+02   -.6677D+02   -.1732D+01
   0.9509D+02   -.6908D+02   -.1286D+01
   0.9828D+02   -.6530D+02   0.0000D+00
   0.9953D+02   -.6316D+02   0.6840D+00
   0.9879D+02   -.6269D+02   0.1732D+01
   0.9691D+02   -.6439D+02   0.1970D+01
   0.9579D+02   -.6364D+02   0.1732D+01
   0.9665D+02   -.6133D+02   0.1286D+01
   0.9625D+02   -.6108D+02   0.2449D-15
   0.9505D+02   -.6315D+02   -.6840D+00
   0.9579D+02   -.6364D+02   -.1732D+01
   0.9765D+02   -.6197D+02   -.1970D+01
   0.9879D+02   -.6269D+02   -.1732D+01
   0.9789D+02   -.6504D+02   -.1286D+01
   0.1009D+03   -.6113D+02   0.0000D+00
   0.1021D+03   -.5894D+02   0.6840D+00
   0.1013D+03   -.5850D+02   0.1732D+01
   0.9952D+02   -.6027D+02   0.1970D+01
   0.9837D+02   -.5957D+02   0.1732D+01
   0.9913D+02   -.5723D+02   0.1286D+01
   0.9873D+02   -.5700D+02   0.2449D-15
   0.9761D+02   -.5912D+02   -.6840D+00
   0.9837D+02   -.5957D+02   -.1732D+01
   0.1002D+03   -.5783D+02   -.1970D+01
   0.1013D+03   -.5850D+02   -.1732D+01
   0.1005D+03   -.6088D+02   -.1286D+01
   0.1034D+03   -.5685D+02   0.0000D+00
   0.1045D+03   -.5461D+02   0.6840D+00
   0.1037D+03   -.5421D+02   0.1732D+01
   0.1020D+03   -.5605D+02   0.1970D+01
   0.1008D+03   -.5540D+02   0.1732D+01
   0.1014D+03   -.5303D+02   0.1286D+01
   0.1010D+03   -.5282D+02   0.2449D-15
   0.1000D+03   -.5498D+02   -.6840D+00
   0.1008D+03   -.5540D+02   -.1732D+01
   0.1025D+03   -.5358D+02   -.1970D+01
   0.1037D+03   -.5421D+02   -.1732D+01
   0.1030D+03   -.5662D+02   -.1286D+01
   0.1057D+03   -.5247D+02   0.0000D+00
   0.1067D+03   -.5019D+02   0.6840D+00
   0.1059D+03   -.4982D+02   0.1732D+01
   0.1042D+03   -.5173D+02   0.1970D+01
   0.1030D+03   -.5113D+02   0.1732D+01
   0.1036D+03   -.4874D+02   0.1286D+01
   0.1032D+03   -.4854D+02   0.2449D-15
   0.1022D+03   -.5074D+02   -.6840D+00
   0.1030D+03   -.5113D+02   -.1732D+01
   0.1046D+03   -.4924D+02   -.1970D+01
   0.1059D+03   -.4982D+02   -.1732D+01
   0.1053D+03   -.5226D+02   -.1286D+01
   0.1078D+03   -.4799D+02   0.0000D+00
   0.1087D+03   -.4568D+02   0.6840D+00
   0.1079D+03   -.4534D+02   0.1732D+01
   0.1063D+03   -.4732D+02   0.1970D+01
   0.1051D+03   -.4677D+02   0.1732D+01
   0.1055D+03   -.4436D+02   0.1286D+01
   0.1051D+03   -.4418D+02   0.2449D-15
   0.1043D+03   -.4642D+02   -.6840D+00
   0.1051D+03   -.4677D+02   -.1732D+01
   0.1066D+03   -.4482D+02   -.1970D+01
   0.1079D+03   -.4534D+02   -.1732D+01
   0.1074D+03   -.4780D+02   -.1286D+01
   0.1097D+03   -.4344D+02   0.0000D+00
   0.1105D+03   -.4109D+02   0.6840D+00
   0.1097D+03   -.4078D+02   0.1732D+01
   0.1082D+03   -.4283D+02   0.1970D+01
   0.1069D+03   -.4233D+02   0.1732D+01
   0.1073D+03   -.3990D+02   0.1286D+01
   0.1069D+03   -.3974D+02   0.2449D-15
   0.1061D+03   -.4201D+02   -.6840D+00
   0.1069D+03   -.4233D+02   -.1732D+01
   0.1084D+03   -.4031D+02   -.1970D+01
   0.1097D+03   -.4078D+02   -.1732D+01
   0.1093D+03   -.4327D+02   -.1286D+01
   0.1114D+03   -.3881D+02   0.0000D+00
   0.1121D+03   -.3643D+02   0.6840D+00
   0.1113D+03   -.3615D+02   0.1732D+01
   0.1099D+03   -.3826D+02   0.1970D+01
   0.1086D+03   -.3782D+02   0.1732D+01
   0.1089D+03   -.3537D+02   0.1286D+01
   0.1084D+03   -.3523D+02   0.2449D-15
   0.1078D+03   -.3753D+02   -.6840D+00
   0.1086D+03   -.3782D+02   -.1732D+01
   0.1100D+03   -.3574D+02   -.1970D+01
   0.1113D+03   -.3615D+02   -.1732D+01
   0.1110D+03   -.3865D+02   -.1286D+01
   0.1130D+03   -.3411D+02   0.0000D+00
   0.1135D+03   -.3170D+02   0.6840D+00
   0.1127D+03   -.3146D+02   0.1732D+01
   0.1114D+03   -.3363D+02   0.1970D+01
   0.1101D+03   -.3324D+02   0.1732D+01
   0.1103D+03   -.3078D+02   0.1286D+01
   0.1098D+03   -.3066D+02   0.2449D-15
   0.1092D+03   -.3298D+02   -.6840D+00
   0.1101D+03   -.3324D+02   -.1732D+01
   0.1114D+03   -.3110D+02   -.1970D+01
   0.1127D+03   -.3146D+02   -.1732D+01
   0.1125D+03   -.3397D+02   -.1286D+01
   0.1143D+03   -.2935D+02   0.0000D+00
   0.1148D+03   -.2692D+02   0.6840D+00
   0.1139D+03   -.2672D+02   0.1732D+01
   0.1127D+03   -.2893D+02   0.1970D+01
   0.1114D+03   -.2860D+02   0.1732D+01
   0.1114D+03   -.2614D+02   0.1286D+01
   0.1110D+03   -.2603D+02   0.2449D-15
   0.1105D+03   -.2838D+02   -.6840D+00
   0.1114D+03   -.2860D+02   -.1732D+01
   0.1126D+03   -.2641D+02   -.1970D+01
   0.1139D+03   -.2672D+02   -.1732D+01
   0.1138D+03   -.2923D+02   -.1286D+01
   0.1154D+03   -.2453D+02   0.0000D+00
   0.1158D+03   -.2209D+02   0.6840D+00
   0.1149D+03   -.2192D+02   0.1732D+01
   0.1138D+03   -.2419D+02   0.1970D+01
   0.1125D+03   -.2391D+02   0.1732D+01
   0.1124D+03   -.2145D+02   0.1286D+01
   0.1120D+03   -.2136D+02   0.2449D-15
   0.1116D+03   -.2373D+02   -.6840D+00
   0.1125D+03   -.2391D+02   -.1732D+01
   0.1136D+03   -.2167D+02   -.1970D+01
   0.1149D+03   -.2192D+02   -.1732D+01
   0.1150D+03   -.2444D+02   -.1286D+01
   0.1163D+03   -.1968D+02   0.0000D+00
   0.1166D+03   -.1722D+02   0.6840D+00
   0.1157D+03   -.1709D+02   0.1732D+01
   0.1147D+03   -.1940D+02   0.1970D+01
   0.1134D+03   -.1918D+02   0.1732D+01
   0.1132D+03   -.1672D+02   0.1286D+01
   0.1128D+03   -.1665D+02   0.2449D-15
   0.1125D+03   -.1903D+02   -.6840D+00
   0.1134D+03   -.1918D+02   -.1732D+01
   0.1144D+03   -.1689D+02   -.1970D+01
   0.1157D+03   -.1709D+02   -.1732D+01
   0.1159D+03   -.1960D+02   -.1286D+01
   0.1171D+03   -.1479D+02   0.0000D+00
   0.1172D+03   -.1232D+02   0.6840D+00
   0.1164D+03   -.1223D+02   0.1732D+01
   0.1154D+03   -.1458D+02   0.1970D+01
   0.1141D+03   -.1441D+02   0.1732D+01
   0.1138D+03   -.1197D+02   0.1286D+01
   0.1134D+03   -.1192D+02   0.2449D-15
   0.1132D+03   -.1430D+02   -.6840D+00
   0.1141D+03   -.1441D+02   -.1732D+01
   0.1150D+03   -.1209D+02   -.1970D+01
   0.1164D+03   -.1223D+02   -.1732D+01
   0.1166D+03   -.1473D+02   -.1286D+01
   0.1176D+03   -.9874D+01   0.0000D+00
   0.1176D+03   -.7402D+01   0.6840D+00
   0.1168D+03   -.7346D+01   0.1732D+01
   0.1159D+03   -.9736D+01   0.1970D+01
   0.1146D+03   -.9623D+01   0.1732D+01
   0.1142D+03   -.7187D+01   0.1286D+01
   0.1138D+03   -.7158D+01   0.2449D-15
   0.1137D+03   -.9549D+01   -.6840D+00
   0.1146D+03   -.9623D+01   -.1732D+01
   0.1154D+03   -.7262D+01   -.1970D+01
   0.1168D+03   -.7346D+01   -.1732D+01
   0.1171D+03   -.9835D+01   -.1286D+01
   0.1179D+03   -.4941D+01   0.0000D+00
   0.1179D+03   -.2469D+01   0.6840D+00
   0.1170D+03   -.2450D+01   0.1732D+01
   0.1162D+03   -.4872D+01   0.1970D+01
   0.1149D+03   -.4816D+01   0.1732D+01
   0.1144D+03   -.2397D+01   0.1286D+01
   0.1140D+03   -.2387D+01   0.2449D-15
   0.1140D+03   -.4779D+01   -.6840D+00
   0.1149D+03   -.4816D+01   -.1732D+01
   0.1156D+03   -.2422D+01   -.1970D+01
   0.1170D+03   -.2450D+01   -.1732D+01
   0.1174D+03   -.4922D+01   -.1286D+01
