0.000 0.00000e+00
0.001 -1.02190e-33
0.002 -2.04408e-33
0.003 -3.06680e-33
0.004 -4.09033e-33
0.005 -5.11495e-33
0.006 -6.14093e-33
0.007 -7.16854e-33
0.008 -8.19805e-33
0.009 -9.22974e-33
0.010 -1.02639e-32
0.011 -1.13007e-32
0.012 -1.23406e-32
0.013 -1.33837e-32
0.014 -1.44304e-32
0.015 -1.54810e-32
0.016 -1.65356e-32
0.017 -1.75946e-32
0.018 -1.86583e-32
0.019 -1.97270e-32
0.020 -2.08009e-32
0.021 -2.18803e-32
0.022 -2.29655e-32
0.023 -2.40568e-32
0.024 -2.51545e-32
0.025 -2.62588e-32
0.026 -2.73701e-32
0.027 -2.84887e-32
0.028 -2.96149e-32
0.029 -3.07489e-32
0.030 -3.18910e-32
0.031 -3.30416e-32
0.032 -3.42010e-32
0.033 -3.53694e-32
0.034 -3.65472e-32
0.035 -3.77347e-32
0.036 -3.89322e-32
0.037 -4.01400e-32
0.038 -4.13584e-32
0.039 -4.25878e-32
0.040 -4.38285e-32
0.041 -4.50808e-32
0.042 -4.63450e-32
0.043 -4.76215e-32
0.044 -4.89106e-32
0.045 -5.02126e-32
0.046 -5.15279e-32
0.047 -5.28568e-32
0.048 -5.41998e-32
0.049 -5.55570e-32
0.050 -5.69290e-32
0.051 -5.83160e-32
0.052 -5.97184e-32
0.053 -6.11365e-32
0.054 -6.25709e-32
0.055 -6.40217e-32
0.056 -6.54895e-32
0.057 -6.69745e-32
0.058 -6.84772e-32
0.059 -6.99980e-32
0.060 -7.15373e-32
0.061 -7.30954e-32
0.062 -7.46728e-32
0.063 -7.62699e-32
0.064 -7.78871e-32
0.065 -7.95248e-32
0.066 -8.11834e-32
0.067 -8.28634e-32
0.068 -8.45652e-32
0.069 -8.62893e-32
0.070 -8.80361e-32
0.071 -8.98060e-32
0.072 -9.15995e-32
0.073 -9.34171e-32
0.074 -9.52593e-32
0.075 -9.71264e-32
0.076 -9.90191e-32
0.077 -1.00938e-31
0.078 -1.02883e-31
0.079 -1.04855e-31
0.080 -1.06855e-31
0.081 -1.08882e-31
0.082 -1.10938e-31
0.083 -1.13023e-31
0.084 -1.15138e-31
0.085 -1.17283e-31
0.086 -1.19458e-31
0.087 -1.21665e-31
0.088 -1.23904e-31
0.089 -1.26175e-31
0.090 -1.28478e-31
0.091 -1.30816e-31
0.092 -1.33187e-31
0.093 -1.35593e-31
0.094 -1.38035e-31
0.095 -1.40512e-31
0.096 -1.43026e-31
0.097 -1.45578e-31
0.098 -1.48167e-31
0.099 -1.50794e-31
0.100 -1.53461e-31
