   0.1184E+03   0.2717E+00   -.4039E+00
   0.1183E+03   0.2741E+01   0.2947E+00
   0.1174E+03   0.2724E+01   0.1358E+01
   0.1167E+03   0.2740E+00   0.1595E+01
   0.1154E+03   0.2745E+00   0.1354E+01
   0.1148E+03   0.2671E+01   0.9056E+00
   0.1143E+03   0.2660E+01   -.4002E+00
   0.1145E+03   0.2729E+00   -.1098E+01
   0.1154E+03   0.2717E+00   -.2162E+01
   0.1160E+03   0.2693E+01   -.2398E+01
   0.1174E+03   0.2721E+01   -.2157E+01
   0.1179E+03   0.2710E+00   -.1708E+01
   0.1183E+03   0.5214E+01   -.3951E+00
   0.1181E+03   0.7675E+01   0.3036E+00
   0.1172E+03   0.7621E+01   0.1367E+01
   0.1166E+03   0.5147E+01   0.1603E+01
   0.1153E+03   0.5090E+01   0.1363E+01
   0.1146E+03   0.7462E+01   0.9144E+00
   0.1141E+03   0.7431E+01   -.3916E+00
   0.1144E+03   0.5052E+01   -.1090E+01
   0.1153E+03   0.5088E+01   -.2153E+01
   0.1158E+03   0.7533E+01   -.2390E+01
   0.1172E+03   0.7618E+01   -.2148E+01
   0.1178E+03   0.5194E+01   -.1700E+01
   0.1180E+03   0.1015E+02   -.3863E+00
   0.1177E+03   0.1259E+02   0.3124E+00
   0.1168E+03   0.1250E+02   0.1376E+01
   0.1163E+03   0.1001E+02   0.1612E+01
   0.1150E+03   0.9898E+01   0.1372E+01
   0.1142E+03   0.1224E+02   0.9231E+00
   0.1137E+03   0.1219E+02   -.3830E+00
   0.1141E+03   0.9822E+01   -.1081E+01
   0.1150E+03   0.9895E+01   -.2144E+01
   0.1154E+03   0.1236E+02   -.2381E+01
   0.1168E+03   0.1250E+02   -.2140E+01
   0.1175E+03   0.1011E+02   -.1691E+01
   0.1175E+03   0.1507E+02   -.3775E+00
   0.1170E+03   0.1749E+02   0.3212E+00
   0.1162E+03   0.1737E+02   0.1384E+01
   0.1158E+03   0.1486E+02   0.1621E+01
   0.1145E+03   0.1469E+02   0.1380E+01
   0.1136E+03   0.1700E+02   0.9318E+00
   0.1131E+03   0.1693E+02   -.3745E+00
   0.1136E+03   0.1458E+02   -.1073E+01
   0.1145E+03   0.1469E+02   -.2136E+01
   0.1148E+03   0.1717E+02   -.2373E+01
   0.1162E+03   0.1736E+02   -.2131E+01
   0.1170E+03   0.1501E+02   -.1682E+01
   0.1168E+03   0.1996E+02   -.3687E+00
   0.1162E+03   0.2236E+02   0.3300E+00
   0.1153E+03   0.2220E+02   0.1393E+01
   0.1151E+03   0.1968E+02   0.1630E+01
   0.1138E+03   0.1946E+02   0.1389E+01
   0.1128E+03   0.2172E+02   0.9406E+00
   0.1123E+03   0.2164E+02   -.3659E+00
   0.1129E+03   0.1931E+02   -.1064E+01
   0.1138E+03   0.1946E+02   -.2127E+01
   0.1140E+03   0.2194E+02   -.2364E+01
   0.1153E+03   0.2220E+02   -.2123E+01
   0.1163E+03   0.1988E+02   -.1674E+01
   0.1158E+03   0.2480E+02   -.3599E+00
   0.1152E+03   0.2720E+02   0.3389E+00
   0.1143E+03   0.2700E+02   0.1402E+01
   0.1142E+03   0.2446E+02   0.1639E+01
   0.1129E+03   0.2418E+02   0.1398E+01
   0.1118E+03   0.2641E+02   0.9493E+00
   0.1113E+03   0.2631E+02   -.3573E+00
   0.1120E+03   0.2400E+02   -.1056E+01
   0.1129E+03   0.2418E+02   -.2119E+01
   0.1130E+03   0.2668E+02   -.2355E+01
   0.1143E+03   0.2699E+02   -.2114E+01
   0.1154E+03   0.2471E+02   -.1665E+01
   0.1147E+03   0.2962E+02   -.3511E+00
   0.1140E+03   0.3198E+02   0.3490E+00
   0.1131E+03   0.3174E+02   0.1412E+01
   0.1131E+03   0.2921E+02   0.1648E+01
   0.1118E+03   0.2887E+02   0.1407E+01
   0.1106E+03   0.3106E+02   0.9594E+00
   0.1102E+03   0.3093E+02   -.3473E+00
   0.1109E+03   0.2865E+02   -.1047E+01
   0.1118E+03   0.2887E+02   -.2110E+01
   0.1118E+03   0.3138E+02   -.2345E+01
   0.1131E+03   0.3174E+02   -.2104E+01
   0.1143E+03   0.2950E+02   -.1656E+01
   0.1134E+03   0.3438E+02   -.3383E+00
   0.1125E+03   0.3671E+02   0.3632E+00
   0.1117E+03   0.3644E+02   0.1427E+01
   0.1118E+03   0.3390E+02   0.1661E+01
   0.1105E+03   0.3351E+02   0.1420E+01
   0.1092E+03   0.3565E+02   0.9738E+00
   0.1088E+03   0.3550E+02   -.3329E+00
   0.1096E+03   0.3326E+02   -.1034E+01
   0.1105E+03   0.3351E+02   -.2097E+01
   0.1104E+03   0.3602E+02   -.2331E+01
   0.1117E+03   0.3644E+02   -.2090E+01
   0.1129E+03   0.3425E+02   -.1643E+01
   0.1119E+03   0.3909E+02   -.3241E+00
   0.1109E+03   0.4137E+02   0.3774E+00
   0.1101E+03   0.4106E+02   0.1441E+01
   0.1103E+03   0.3854E+02   0.1675E+01
   0.1090E+03   0.3809E+02   0.1434E+01
   0.1077E+03   0.4017E+02   0.9880E+00
   0.1072E+03   0.4000E+02   -.3185E+00
   0.1082E+03   0.3780E+02   -.1020E+01
   0.1090E+03   0.3809E+02   -.2083E+01
   0.1088E+03   0.4058E+02   -.2317E+01
   0.1101E+03   0.4105E+02   -.2075E+01
   0.1114E+03   0.3893E+02   -.1629E+01
   0.1102E+03   0.4372E+02   -.3099E+00
   0.1091E+03   0.4596E+02   0.3916E+00
   0.1083E+03   0.4562E+02   0.1455E+01
   0.1086E+03   0.4311E+02   0.1689E+01
   0.1073E+03   0.4261E+02   0.1448E+01
   0.1059E+03   0.4463E+02   0.1002E+01
   0.1055E+03   0.4444E+02   -.3041E+00
   0.1065E+03   0.4228E+02   -.1005E+01
   0.1073E+03   0.4261E+02   -.2068E+01
   0.1070E+03   0.4509E+02   -.2302E+01
   0.1083E+03   0.4562E+02   -.2061E+01
   0.1097E+03   0.4355E+02   -.1615E+01
   0.1082E+03   0.4828E+02   -.2957E+00
   0.1071E+03   0.5047E+02   0.4058E+00
   0.1063E+03   0.5009E+02   0.1469E+01
   0.1067E+03   0.4760E+02   0.1703E+01
   0.1055E+03   0.4705E+02   0.1462E+01
   0.1040E+03   0.4901E+02   0.1017E+01
   0.1035E+03   0.4881E+02   -.2897E+00
   0.1046E+03   0.4669E+02   -.9909E+00
   0.1055E+03   0.4705E+02   -.2054E+01
   0.1050E+03   0.4952E+02   -.2288E+01
   0.1063E+03   0.5009E+02   -.2046E+01
   0.1078E+03   0.4809E+02   -.1601E+01
   0.1061E+03   0.5276E+02   -.2814E+00
   0.1049E+03   0.5490E+02   0.4200E+00
   0.1041E+03   0.5449E+02   0.1483E+01
   0.1046E+03   0.5202E+02   0.1717E+01
   0.1034E+03   0.5141E+02   0.1477E+01
   0.1018E+03   0.5330E+02   0.1031E+01
   0.1014E+03   0.5308E+02   -.2753E+00
   0.1026E+03   0.5102E+02   -.9765E+00
   0.1034E+03   0.5141E+02   -.2040E+01
   0.1029E+03   0.5386E+02   -.2273E+01
   0.1041E+03   0.5449E+02   -.2032E+01
   0.1057E+03   0.5255E+02   -.1586E+01
   0.1038E+03   0.5714E+02   -.2672E+00
   0.1025E+03   0.5923E+02   0.4342E+00
   0.1018E+03   0.5878E+02   0.1498E+01
   0.1024E+03   0.5634E+02   0.1732E+01
   0.1012E+03   0.5568E+02   0.1491E+01
   0.9952E+02   0.5751E+02   0.1045E+01
   0.9911E+02   0.5727E+02   -.2609E+00
   0.1004E+03   0.5525E+02   -.9621E+00
   0.1012E+03   0.5568E+02   -.2025E+01
   0.1006E+03   0.5810E+02   -.2259E+01
   0.1018E+03   0.5878E+02   -.2018E+01
   0.1034E+03   0.5691E+02   -.1572E+01
   0.1014E+03   0.6141E+02   -.2538E+00
   0.9997E+02   0.6345E+02   0.4469E+00
   0.9921E+02   0.6298E+02   0.1510E+01
   0.9994E+02   0.6055E+02   0.1745E+01
   0.9877E+02   0.5984E+02   0.1504E+01
   0.9704E+02   0.6161E+02   0.1058E+01
   0.9664E+02   0.6135E+02   -.2482E+00
   0.9800E+02   0.5938E+02   -.9486E+00
   0.9877E+02   0.5984E+02   -.2012E+01
   0.9805E+02   0.6225E+02   -.2246E+01
   0.9921E+02   0.6298E+02   -.2005E+01
   0.1010E+03   0.6117E+02   -.1558E+01
   0.9873E+02   0.6559E+02   -.2410E+00
   0.9723E+02   0.6757E+02   0.4596E+00
   0.9650E+02   0.6706E+02   0.1523E+01
   0.9733E+02   0.6466E+02   0.1758E+01
   0.9619E+02   0.6391E+02   0.1517E+01
   0.9438E+02   0.6560E+02   0.1071E+01
   0.9399E+02   0.6533E+02   -.2355E+00
   0.9544E+02   0.6342E+02   -.9359E+00
   0.9619E+02   0.6391E+02   -.1999E+01
   0.9537E+02   0.6628E+02   -.2233E+01
   0.9650E+02   0.6706E+02   -.1992E+01
   0.9833E+02   0.6533E+02   -.1546E+01
   0.9590E+02   0.6965E+02   -.2283E+00
   0.9433E+02   0.7156E+02   0.4724E+00
   0.9362E+02   0.7103E+02   0.1536E+01
   0.9454E+02   0.6867E+02   0.1770E+01
   0.9344E+02   0.6787E+02   0.1530E+01
   0.9157E+02   0.6948E+02   0.1083E+01
   0.9119E+02   0.6919E+02   -.2228E+00
   0.9271E+02   0.6734E+02   -.9232E+00
   0.9344E+02   0.6787E+02   -.1986E+01
   0.9253E+02   0.7020E+02   -.2221E+01
   0.9362E+02   0.7103E+02   -.1980E+01
   0.9552E+02   0.6937E+02   -.1533E+01
   0.9291E+02   0.7359E+02   -.2155E+00
   0.9126E+02   0.7544E+02   0.4851E+00
   0.9057E+02   0.7487E+02   0.1548E+01
   0.9160E+02   0.7255E+02   0.1783E+01
   0.9052E+02   0.7170E+02   0.1542E+01
   0.8859E+02   0.7324E+02   0.1096E+01
   0.8822E+02   0.7294E+02   -.2102E+00
   0.8982E+02   0.7115E+02   -.9105E+00
   0.9052E+02   0.7170E+02   -.1974E+01
   0.8952E+02   0.7400E+02   -.2208E+01
   0.9057E+02   0.7487E+02   -.1967E+01
   0.9254E+02   0.7329E+02   -.1520E+01
   0.8976E+02   0.7740E+02   -.2028E+00
   0.8804E+02   0.7917E+02   0.4978E+00
   0.8738E+02   0.7857E+02   0.1561E+01
   0.8849E+02   0.7631E+02   0.1796E+01
   0.8745E+02   0.7542E+02   0.1555E+01
   0.8546E+02   0.7686E+02   0.1109E+01
   0.8511E+02   0.7654E+02   -.1975E+00
   0.8678E+02   0.7483E+02   -.8978E+00
   0.8745E+02   0.7542E+02   -.1961E+01
   0.8636E+02   0.7766E+02   -.2195E+01
   0.8738E+02   0.7857E+02   -.1954E+01
   0.8940E+02   0.7709E+02   -.1508E+01
   0.8645E+02   0.8107E+02   -.1900E+00
   0.8466E+02   0.8277E+02   0.5106E+00
   0.8402E+02   0.8215E+02   0.1574E+01
   0.8523E+02   0.7993E+02   0.1809E+01
   0.8423E+02   0.7900E+02   0.1568E+01
   0.8218E+02   0.8035E+02   0.1121E+01
   0.8184E+02   0.8002E+02   -.1848E+00
   0.8358E+02   0.7839E+02   -.8851E+00
   0.8423E+02   0.7900E+02   -.1948E+01
   0.8304E+02   0.8119E+02   -.2183E+01
   0.8402E+02   0.8215E+02   -.1942E+01
   0.8611E+02   0.8075E+02   -.1495E+01
   0.8299E+02   0.8461E+02   -.1778E+00
   0.8113E+02   0.8623E+02   0.5216E+00
   0.8052E+02   0.8558E+02   0.1585E+01
   0.8182E+02   0.8341E+02   0.1821E+01
   0.8086E+02   0.8244E+02   0.1580E+01
   0.7875E+02   0.8371E+02   0.1132E+01
   0.7843E+02   0.8336E+02   -.1737E+00
   0.8023E+02   0.8180E+02   -.8729E+00
   0.8086E+02   0.8244E+02   -.1936E+01
   0.7958E+02   0.8458E+02   -.2172E+01
   0.8052E+02   0.8558E+02   -.1931E+01
   0.8266E+02   0.8427E+02   -.1483E+01
   0.7939E+02   0.8799E+02   -.1673E+00
   0.7746E+02   0.8953E+02   0.5321E+00
   0.7687E+02   0.8886E+02   0.1595E+01
   0.7827E+02   0.8675E+02   0.1831E+01
   0.7735E+02   0.8573E+02   0.1591E+01
   0.7519E+02   0.8692E+02   0.1143E+01
   0.7488E+02   0.8656E+02   -.1632E+00
   0.7675E+02   0.8507E+02   -.8623E+00
   0.7735E+02   0.8573E+02   -.1925E+01
   0.7598E+02   0.8783E+02   -.2161E+01
   0.7687E+02   0.8886E+02   -.1920E+01
   0.7907E+02   0.8764E+02   -.1472E+01
   0.7566E+02   0.9122E+02   -.1568E+00
   0.7365E+02   0.9268E+02   0.5426E+00
   0.7310E+02   0.9198E+02   0.1606E+01
   0.7458E+02   0.8993E+02   0.1842E+01
   0.7371E+02   0.8888E+02   0.1601E+01
   0.7150E+02   0.8997E+02   0.1153E+01
   0.7120E+02   0.8960E+02   -.1526E+00
   0.7314E+02   0.8819E+02   -.8518E+00
   0.7371E+02   0.8888E+02   -.1915E+01
   0.7225E+02   0.9091E+02   -.2151E+01
   0.7310E+02   0.9198E+02   -.1909E+01
   0.7535E+02   0.9085E+02   -.1462E+01
   0.7178E+02   0.9429E+02   -.1463E+00
   0.6972E+02   0.9567E+02   0.5531E+00
   0.6919E+02   0.9495E+02   0.1616E+01
   0.7076E+02   0.9295E+02   0.1852E+01
   0.6993E+02   0.9187E+02   0.1612E+01
   0.6768E+02   0.9287E+02   0.1164E+01
   0.6740E+02   0.9249E+02   -.1420E+00
   0.6939E+02   0.9116E+02   -.8412E+00
   0.6993E+02   0.9187E+02   -.1904E+01
   0.6839E+02   0.9384E+02   -.2140E+01
   0.6919E+02   0.9495E+02   -.1899E+01
   0.7149E+02   0.9391E+02   -.1451E+01
   0.6778E+02   0.9719E+02   -.1358E+00
   0.6566E+02   0.9849E+02   0.5636E+00
   0.6517E+02   0.9775E+02   0.1627E+01
   0.6682E+02   0.9582E+02   0.1863E+01
   0.6604E+02   0.9470E+02   0.1622E+01
   0.6374E+02   0.9561E+02   0.1175E+01
   0.6348E+02   0.9521E+02   -.1315E+00
   0.6553E+02   0.9397E+02   -.8307E+00
   0.6604E+02   0.9470E+02   -.1894E+01
   0.6441E+02   0.9661E+02   -.2129E+01
   0.6517E+02   0.9775E+02   -.1888E+01
   0.6751E+02   0.9681E+02   -.1440E+01
   0.6369E+02   0.9991E+02   -.1254E+00
   0.6152E+02   0.1011E+03   0.5740E+00
   0.6106E+02   0.1003E+03   0.1637E+01
   0.6279E+02   0.9850E+02   0.1873E+01
   0.6205E+02   0.9735E+02   0.1633E+01
   0.5972E+02   0.9816E+02   0.1185E+01
   0.5947E+02   0.9775E+02   -.1210E+00
   0.6157E+02   0.9659E+02   -.8202E+00
   0.6205E+02   0.9735E+02   -.1883E+01
   0.6034E+02   0.9919E+02   -.2119E+01
   0.6106E+02   0.1003E+03   -.1878E+01
   0.6344E+02   0.9951E+02   -.1430E+01
   0.5945E+02   0.1025E+03   -.1149E+00
   0.5723E+02   0.1036E+03   0.5833E+00
   0.5680E+02   0.1028E+03   0.1647E+01
   0.5861E+02   0.1010E+03   0.1884E+01
   0.5792E+02   0.9985E+02   0.1643E+01
   0.5556E+02   0.1006E+03   0.1194E+01
   0.5533E+02   0.1002E+03   -.1116E+00
   0.5748E+02   0.9908E+02   -.8096E+00
   0.5792E+02   0.9985E+02   -.1873E+01
   0.5614E+02   0.1016E+03   -.2109E+01
   0.5680E+02   0.1028E+03   -.1868E+01
   0.5921E+02   0.1021E+03   -.1419E+01
   0.5511E+02   0.1049E+03   -.1068E+00
   0.5284E+02   0.1059E+03   0.5914E+00
   0.5245E+02   0.1051E+03   0.1655E+01
   0.5433E+02   0.1034E+03   0.1892E+01
   0.5369E+02   0.1022E+03   0.1651E+01
   0.5130E+02   0.1028E+03   0.1202E+01
   0.5109E+02   0.1024E+03   -.1036E+00
   0.5328E+02   0.1014E+03   -.8015E+00
   0.5369E+02   0.1022E+03   -.1865E+01
   0.5184E+02   0.1039E+03   -.2101E+01
   0.5245E+02   0.1051E+03   -.1860E+01
   0.5489E+02   0.1045E+03   -.1411E+01
   0.5067E+02   0.1071E+03   -.9870E-01
   0.4836E+02   0.1080E+03   0.5996E+00
   0.4800E+02   0.1072E+03   0.1663E+01
   0.4995E+02   0.1056E+03   0.1900E+01
   0.4937E+02   0.1043E+03   0.1659E+01
   0.4695E+02   0.1048E+03   0.1211E+01
   0.4676E+02   0.1044E+03   -.9550E-01
   0.4898E+02   0.1035E+03   -.7935E+00
   0.4937E+02   0.1043E+03   -.1857E+01
   0.4744E+02   0.1059E+03   -.2093E+01
   0.4800E+02   0.1072E+03   -.1852E+01
   0.5047E+02   0.1067E+03   -.1403E+01
   0.4614E+02   0.1091E+03   -.9060E-01
   0.4380E+02   0.1099E+03   0.6077E+00
   0.4347E+02   0.1091E+03   0.1671E+01
   0.4549E+02   0.1075E+03   0.1908E+01
   0.4495E+02   0.1063E+03   0.1667E+01
   0.4252E+02   0.1067E+03   0.1219E+01
   0.4234E+02   0.1063E+03   -.8740E-01
   0.4461E+02   0.1055E+03   -.7854E+00
   0.4495E+02   0.1063E+03   -.1848E+01
   0.4297E+02   0.1078E+03   -.2085E+01
   0.4347E+02   0.1091E+03   -.1844E+01
   0.4595E+02   0.1087E+03   -.1395E+01
   0.4153E+02   0.1109E+03   -.8250E-01
   0.3916E+02   0.1116E+03   0.6158E+00
   0.3886E+02   0.1108E+03   0.1679E+01
   0.4094E+02   0.1093E+03   0.1916E+01
   0.4047E+02   0.1081E+03   0.1675E+01
   0.3802E+02   0.1084E+03   0.1227E+01
   0.3786E+02   0.1079E+03   -.7930E-01
   0.4015E+02   0.1072E+03   -.7773E+00
   0.4047E+02   0.1081E+03   -.1840E+01
   0.3841E+02   0.1095E+03   -.2077E+01
   0.3886E+02   0.1108E+03   -.1836E+01
   0.4136E+02   0.1105E+03   -.1387E+01
   0.3685E+02   0.1125E+03   -.7440E-01
   0.3445E+02   0.1132E+03   0.6239E+00
   0.3419E+02   0.1123E+03   0.1687E+01
   0.3633E+02   0.1110E+03   0.1924E+01
   0.3590E+02   0.1097E+03   0.1684E+01
   0.3344E+02   0.1099E+03   0.1235E+01
   0.3331E+02   0.1094E+03   -.7120E-01
   0.3563E+02   0.1088E+03   -.7693E+00
   0.3591E+02   0.1097E+03   -.1832E+01
   0.3379E+02   0.1110E+03   -.2069E+01
   0.3419E+02   0.1123E+03   -.1828E+01
   0.3670E+02   0.1121E+03   -.1379E+01
   0.3210E+02   0.1140E+03   -.6620E-01
   0.2979E+02   0.1145E+03   0.6315E+00
   0.2957E+02   0.1136E+03   0.1695E+01
   0.3165E+02   0.1124E+03   0.1932E+01
   0.3128E+02   0.1110E+03   0.1692E+01
   0.2893E+02   0.1111E+03   0.1242E+01
   0.2881E+02   0.1107E+03   -.6370E-01
   0.3104E+02   0.1102E+03   -.7612E+00
   0.3128E+02   0.1110E+03   -.1824E+01
   0.2923E+02   0.1123E+03   -.2062E+01
   0.2957E+02   0.1136E+03   -.1821E+01
   0.3198E+02   0.1135E+03   -.1371E+01
   0.2742E+02   0.1152E+03   -.5930E-01
   0.2497E+02   0.1156E+03   0.6383E+00
   0.2479E+02   0.1147E+03   0.1702E+01
   0.2703E+02   0.1135E+03   0.1939E+01
   0.2671E+02   0.1122E+03   0.1699E+01
   0.2425E+02   0.1122E+03   0.1249E+01
   0.2415E+02   0.1118E+03   -.5690E-01
   0.2651E+02   0.1113E+03   -.7543E+00
   0.2672E+02   0.1122E+03   -.1817E+01
   0.2450E+02   0.1134E+03   -.2055E+01
   0.2479E+02   0.1147E+03   -.1814E+01
   0.2731E+02   0.1147E+03   -.1364E+01
   0.2257E+02   0.1162E+03   -.5250E-01
   0.2011E+02   0.1165E+03   0.6451E+00
   0.1996E+02   0.1157E+03   0.1708E+01
   0.2225E+02   0.1146E+03   0.1946E+01
   0.2199E+02   0.1132E+03   0.1706E+01
   0.1952E+02   0.1131E+03   0.1256E+01
   0.1945E+02   0.1127E+03   -.5010E-01
   0.2182E+02   0.1123E+03   -.7475E+00
   0.2199E+02   0.1132E+03   -.1811E+01
   0.1973E+02   0.1143E+03   -.2048E+01
   0.1996E+02   0.1157E+03   -.1807E+01
   0.2248E+02   0.1158E+03   -.1357E+01
   0.1768E+02   0.1170E+03   -.4580E-01
   0.1521E+02   0.1173E+03   0.6519E+00
   0.1510E+02   0.1164E+03   0.1715E+01
   0.1743E+02   0.1154E+03   0.1953E+01
   0.1723E+02   0.1140E+03   0.1712E+01
   0.1477E+02   0.1138E+03   0.1263E+01
   0.1471E+02   0.1134E+03   -.4330E-01
   0.1710E+02   0.1132E+03   -.7407E+00
   0.1723E+02   0.1140E+03   -.1804E+01
   0.1492E+02   0.1150E+03   -.2041E+01
   0.1510E+02   0.1164E+03   -.1800E+01
   0.1761E+02   0.1166E+03   -.1350E+01
   0.1276E+02   0.1177E+03   -.3900E-01
   0.1029E+02   0.1178E+03   0.6587E+00
   0.1021E+02   0.1169E+03   0.1722E+01
   0.1259E+02   0.1160E+03   0.1960E+01
   0.1244E+02   0.1146E+03   0.1719E+01
   0.9991E+01   0.1143E+03   0.1270E+01
   0.9951E+01   0.1139E+03   -.3650E-01
   0.1235E+02   0.1138E+03   -.7339E+00
   0.1244E+02   0.1146E+03   -.1797E+01
   0.1009E+02   0.1155E+03   -.2034E+01
   0.1021E+02   0.1169E+03   -.1793E+01
   0.1271E+02   0.1172E+03   -.1344E+01
   0.7824E+01   0.1181E+03   -.3220E-01
   0.5344E+01   0.1181E+03   0.6654E+00
   0.5305E+01   0.1172E+03   0.1729E+01
   0.7716E+01   0.1164E+03   0.1966E+01
   0.7629E+01   0.1150E+03   0.1726E+01
   0.5194E+01   0.1146E+03   0.1276E+01
   0.5174E+01   0.1142E+03   -.2970E-01
   0.7572E+01   0.1142E+03   -.7271E+00
   0.7629E+01   0.1150E+03   -.1790E+01
   0.5247E+01   0.1158E+03   -.2028E+01
   0.5306E+01   0.1172E+03   -.1786E+01
   0.7794E+01   0.1176E+03   -.1337E+01
   0.2872E+01   0.1183E+03   -.2540E-01
   0.3931E+00   0.1182E+03   0.6722E+00
   0.3920E+00   0.1173E+03   0.1736E+01
   0.2834E+01   0.1166E+03   0.1973E+01
   0.2804E+01   0.1152E+03   0.1733E+01
   0.3894E+00   0.1147E+03   0.1283E+01
   0.3889E+00   0.1143E+03   -.2290E-01
   0.2785E+01   0.1144E+03   -.7203E+00
   0.2805E+01   0.1152E+03   -.1783E+01
   0.3910E+00   0.1159E+03   -.2021E+01
   0.3925E+00   0.1173E+03   -.1780E+01
   0.2861E+01   0.1178E+03   -.1330E+01
   -.2085E+01   0.1183E+03   -.1970E-01
   -.4557E+01   0.1181E+03   0.6769E+00
   -.4521E+01   0.1172E+03   0.1740E+01
   -.2052E+01   0.1166E+03   0.1979E+01
   -.2025E+01   0.1152E+03   0.1738E+01
   -.4415E+01   0.1146E+03   0.1288E+01
   -.4396E+01   0.1142E+03   -.1830E-01
   -.2006E+01   0.1144E+03   -.7146E+00
   -.2024E+01   0.1152E+03   -.1778E+01
   -.4465E+01   0.1158E+03   -.2016E+01
   -.4521E+01   0.1172E+03   -.1775E+01
   -.2075E+01   0.1178E+03   -.1324E+01
   -.7037E+01   0.1181E+03   -.1490E-01
   -.9499E+01   0.1178E+03   0.6817E+00
   -.9425E+01   0.1169E+03   0.1745E+01
   -.6934E+01   0.1164E+03   0.1984E+01
   -.6849E+01   0.1150E+03   0.1743E+01
   -.9212E+01   0.1143E+03   0.1292E+01
   -.9172E+01   0.1139E+03   -.1360E-01
   -.6793E+01   0.1142E+03   -.7099E+00
   -.6849E+01   0.1150E+03   -.1773E+01
   -.9312E+01   0.1155E+03   -.2011E+01
   -.9425E+01   0.1169E+03   -.1770E+01
   -.7008E+01   0.1176E+03   -.1320E+01
   -.1198E+02   0.1177E+03   -.1020E-01
   -.1431E+02   0.1173E+03   0.6863E+00
   -.1420E+02   0.1164E+03   0.1750E+01
   -.1180E+02   0.1160E+03   0.1988E+01
   -.1166E+02   0.1146E+03   0.1748E+01
   -.1388E+02   0.1138E+03   0.1297E+01
   -.1382E+02   0.1134E+03   -.9100E-02
   -.1157E+02   0.1138E+03   -.7052E+00
   -.1166E+02   0.1146E+03   -.1768E+01
   -.1403E+02   0.1150E+03   -.2007E+01
   -.1420E+02   0.1164E+03   -.1766E+01
   -.1193E+02   0.1172E+03   -.1315E+01
   -.1678E+02   0.1171E+03   -.5500E-02
   -.1920E+02   0.1165E+03   0.6910E+00
   -.1906E+02   0.1157E+03   0.1754E+01
   -.1653E+02   0.1154E+03   0.1993E+01
   -.1634E+02   0.1140E+03   0.1752E+01
   -.1863E+02   0.1131E+03   0.1302E+01
   -.1855E+02   0.1127E+03   -.4400E-02
   -.1621E+02   0.1132E+03   -.7007E+00
   -.1634E+02   0.1140E+03   -.1764E+01
   -.1883E+02   0.1143E+03   -.2002E+01
   -.1906E+02   0.1157E+03   -.1761E+01
   -.1671E+02   0.1166E+03   -.1310E+01
   -.2166E+02   0.1162E+03   -.8000E-03
   -.2407E+02   0.1156E+03   0.6958E+00
   -.2388E+02   0.1148E+03   0.1759E+01
   -.2135E+02   0.1146E+03   0.1998E+01
   -.2110E+02   0.1132E+03   0.1757E+01
   -.2335E+02   0.1122E+03   0.1306E+01
   -.2325E+02   0.1118E+03   0.2000E-03
   -.2093E+02   0.1124E+03   -.6960E+00
   -.2110E+02   0.1132E+03   -.1759E+01
   -.2360E+02   0.1134E+03   -.1998E+01
   -.2389E+02   0.1148E+03   -.1756E+01
   -.2158E+02   0.1158E+03   -.1306E+01
   -.2651E+02   0.1152E+03   0.4000E-02
   -.2889E+02   0.1145E+03   0.7005E+00
   -.2867E+02   0.1136E+03   0.1764E+01
   -.2613E+02   0.1136E+03   0.2002E+01
   -.2582E+02   0.1122E+03   0.1762E+01
   -.2803E+02   0.1111E+03   0.1311E+01
   -.2791E+02   0.1107E+03   0.4900E-02
   -.2562E+02   0.1114E+03   -.6913E+00
   -.2582E+02   0.1122E+03   -.1754E+01
   -.2833E+02   0.1123E+03   -.1993E+01
   -.2867E+02   0.1136E+03   -.1752E+01
   -.2641E+02   0.1147E+03   -.1301E+01
   -.3132E+02   0.1140E+03   0.8100E-02
   -.3366E+02   0.1132E+03   0.7033E+00
   -.3340E+02   0.1123E+03   0.1766E+01
   -.3086E+02   0.1124E+03   0.2006E+01
   -.3050E+02   0.1110E+03   0.1766E+01
   -.3266E+02   0.1098E+03   0.1314E+01
   -.3252E+02   0.1094E+03   0.7800E-02
   -.3026E+02   0.1102E+03   -.6873E+00
   -.3050E+02   0.1110E+03   -.1750E+01
   -.3301E+02   0.1110E+03   -.1990E+01
   -.3340E+02   0.1123E+03   -.1749E+01
   -.3119E+02   0.1135E+03   -.1297E+01
   -.3606E+02   0.1125E+03   0.1020E-01
   -.3837E+02   0.1116E+03   0.7054E+00
   -.3807E+02   0.1108E+03   0.1768E+01
   -.3554E+02   0.1109E+03   0.2009E+01
   -.3512E+02   0.1096E+03   0.1768E+01
   -.3723E+02   0.1084E+03   0.1316E+01
   -.3707E+02   0.1079E+03   0.1000E-01
   -.3484E+02   0.1088E+03   -.6850E+00
   -.3512E+02   0.1096E+03   -.1748E+01
   -.3763E+02   0.1095E+03   -.1988E+01
   -.3808E+02   0.1108E+03   -.1747E+01
   -.3591E+02   0.1121E+03   -.1295E+01
   -.4074E+02   0.1109E+03   0.1230E-01
   -.4301E+02   0.1099E+03   0.7075E+00
   -.4268E+02   0.1091E+03   0.1771E+01
   -.4015E+02   0.1093E+03   0.2011E+01
   -.3968E+02   0.1080E+03   0.1770E+01
   -.4173E+02   0.1067E+03   0.1318E+01
   -.4156E+02   0.1062E+03   0.1230E-01
   -.3937E+02   0.1072E+03   -.6827E+00
   -.3968E+02   0.1080E+03   -.1746E+01
   -.4218E+02   0.1078E+03   -.1986E+01
   -.4268E+02   0.1091E+03   -.1744E+01
   -.4057E+02   0.1105E+03   -.1292E+01
   -.4534E+02   0.1091E+03   0.1440E-01
   -.4757E+02   0.1080E+03   0.7096E+00
   -.4720E+02   0.1072E+03   0.1773E+01
   -.4469E+02   0.1075E+03   0.2013E+01
   -.4416E+02   0.1063E+03   0.1772E+01
   -.4616E+02   0.1048E+03   0.1321E+01
   -.4597E+02   0.1044E+03   0.1450E-01
   -.4382E+02   0.1054E+03   -.6805E+00
   -.4417E+02   0.1063E+03   -.1744E+01
   -.4665E+02   0.1059E+03   -.1983E+01
   -.4721E+02   0.1072E+03   -.1742E+01
   -.4516E+02   0.1086E+03   -.1290E+01
   -.4987E+02   0.1070E+03   0.1650E-01
   -.5205E+02   0.1059E+03   0.7118E+00
   -.5165E+02   0.1051E+03   0.1775E+01
   -.4916E+02   0.1055E+03   0.2015E+01
   -.4857E+02   0.1043E+03   0.1774E+01
   -.5051E+02   0.1028E+03   0.1323E+01
   -.5030E+02   0.1023E+03   0.1680E-01
   -.4820E+02   0.1035E+03   -.6782E+00
   -.4858E+02   0.1043E+03   -.1741E+01
   -.5104E+02   0.1038E+03   -.1981E+01
   -.5165E+02   0.1051E+03   -.1740E+01
   -.4967E+02   0.1066E+03   -.1288E+01
   -.5431E+02   0.1048E+03   0.1860E-01
   -.5633E+02   0.1036E+03   0.7138E+00
   -.5590E+02   0.1028E+03   0.1777E+01
   -.5353E+02   0.1033E+03   0.2017E+01
   -.5290E+02   0.1021E+03   0.1777E+01
   -.5466E+02   0.1006E+03   0.1325E+01
   -.5444E+02   0.1002E+03   0.1900E-01
   -.5248E+02   0.1013E+03   -.6760E+00
   -.5290E+02   0.1021E+03   -.1739E+01
   -.5524E+02   0.1016E+03   -.1979E+01
   -.5590E+02   0.1028E+03   -.1738E+01
   -.5409E+02   0.1044E+03   -.1286E+01
   -.5855E+02   0.1025E+03   0.2070E-01
   -.6062E+02   0.1011E+03   0.7153E+00
   -.6015E+02   0.1004E+03   0.1778E+01
   -.5771E+02   0.1010E+03   0.2019E+01
   -.5702E+02   0.9987E+02   0.1779E+01
   -.5882E+02   0.9817E+02   0.1326E+01
   -.5858E+02   0.9777E+02   0.2050E-01
   -.5658E+02   0.9909E+02   -.6738E+00
   -.5703E+02   0.9986E+02   -.1737E+01
   -.5945E+02   0.9920E+02   -.1977E+01
   -.6016E+02   0.1004E+03   -.1736E+01
   -.5831E+02   0.1021E+03   -.1284E+01
   -.6278E+02   0.9993E+02   0.2150E-01
   -.6479E+02   0.9848E+02   0.7161E+00
   -.6430E+02   0.9773E+02   0.1779E+01
   -.6188E+02   0.9852E+02   0.2020E+01
   -.6115E+02   0.9736E+02   0.1780E+01
   -.6288E+02   0.9559E+02   0.1327E+01
   -.6262E+02   0.9520E+02   0.2130E-01
   -.6068E+02   0.9661E+02   -.6730E+00
   -.6116E+02   0.9736E+02   -.1736E+01
   -.6355E+02   0.9659E+02   -.1976E+01
   -.6430E+02   0.9773E+02   -.1735E+01
   -.6253E+02   0.9953E+02   -.1283E+01
   -.6691E+02   0.9718E+02   0.2220E-01
   -.6886E+02   0.9565E+02   0.7168E+00
   -.6833E+02   0.9493E+02   0.1780E+01
   -.6595E+02   0.9581E+02   0.2021E+01
   -.6517E+02   0.9469E+02   0.1780E+01
   -.6682E+02   0.9285E+02   0.1328E+01
   -.6654E+02   0.9246E+02   0.2200E-01
   -.6467E+02   0.9395E+02   -.6722E+00
   -.6518E+02   0.9468E+02   -.1735E+01
   -.6753E+02   0.9382E+02   -.1976E+01
   -.6833E+02   0.9492E+02   -.1735E+01
   -.6664E+02   0.9679E+02   -.1282E+01
   -.7092E+02   0.9427E+02   0.2300E-01
   -.7280E+02   0.9265E+02   0.7176E+00
   -.7224E+02   0.9195E+02   0.1781E+01
   -.6990E+02   0.9293E+02   0.2022E+01
   -.6908E+02   0.9184E+02   0.1781E+01
   -.7065E+02   0.8994E+02   0.1329E+01
   -.7035E+02   0.8956E+02   0.2280E-01
   -.6854E+02   0.9113E+02   -.6715E+00
   -.6908E+02   0.9184E+02   -.1734E+01
   -.7140E+02   0.9088E+02   -.1975E+01
   -.7225E+02   0.9195E+02   -.1734E+01
   -.7063E+02   0.9389E+02   -.1281E+01
   -.7480E+02   0.9118E+02   0.2380E-01
   -.7661E+02   0.8949E+02   0.7184E+00
   -.7602E+02   0.8881E+02   0.1782E+01
   -.7373E+02   0.8989E+02   0.2022E+01
   -.7286E+02   0.8884E+02   0.1782E+01
   -.7435E+02   0.8687E+02   0.1329E+01
   -.7404E+02   0.8651E+02   0.2360E-01
   -.7229E+02   0.8815E+02   -.6707E+00
   -.7286E+02   0.8883E+02   -.1734E+01
   -.7514E+02   0.8778E+02   -.1974E+01
   -.7603E+02   0.8881E+02   -.1733E+01
   -.7450E+02   0.9081E+02   -.1281E+01
   -.7855E+02   0.8794E+02   0.2460E-01
   -.8028E+02   0.8617E+02   0.7191E+00
   -.7967E+02   0.8552E+02   0.1782E+01
   -.7742E+02   0.8669E+02   0.2023E+01
   -.7651E+02   0.8568E+02   0.1783E+01
   -.7791E+02   0.8365E+02   0.1330E+01
   -.7759E+02   0.8330E+02   0.2440E-01
   -.7591E+02   0.8501E+02   -.6700E+00
   -.7651E+02   0.8567E+02   -.1733E+01
   -.7874E+02   0.8452E+02   -.1973E+01
   -.7967E+02   0.8552E+02   -.1732E+01
   -.7823E+02   0.8758E+02   -.1280E+01
   -.8215E+02   0.8454E+02   0.2530E-01
   -.8382E+02   0.8270E+02   0.7202E+00
   -.8318E+02   0.8208E+02   0.1783E+01
   -.8098E+02   0.8334E+02   0.2024E+01
   -.8002E+02   0.8237E+02   0.1783E+01
   -.8134E+02   0.8028E+02   0.1331E+01
   -.8100E+02   0.7994E+02   0.2540E-01
   -.7940E+02   0.8173E+02   -.6692E+00
   -.8003E+02   0.8236E+02   -.1732E+01
   -.8220E+02   0.8111E+02   -.1972E+01
   -.8318E+02   0.8207E+02   -.1731E+01
   -.8182E+02   0.8420E+02   -.1279E+01
   -.8562E+02   0.8099E+02   0.2700E-01
   -.8720E+02   0.7908E+02   0.7221E+00
   -.8654E+02   0.7849E+02   0.1785E+01
   -.8439E+02   0.7985E+02   0.2025E+01
   -.8340E+02   0.7891E+02   0.1785E+01
   -.8463E+02   0.7677E+02   0.1333E+01
   -.8428E+02   0.7645E+02   0.2730E-01
   -.8275E+02   0.7830E+02   -.6676E+00
   -.8340E+02   0.7891E+02   -.1730E+01
   -.8552E+02   0.7757E+02   -.1970E+01
   -.8654E+02   0.7848E+02   -.1729E+01
   -.8527E+02   0.8067E+02   -.1278E+01
   -.8885E+02   0.7739E+02   0.2890E-01
   -.9036E+02   0.7542E+02   0.7239E+00
   -.8967E+02   0.7485E+02   0.1787E+01
   -.8758E+02   0.7630E+02   0.2027E+01
   -.8655E+02   0.7540E+02   0.1787E+01
   -.8769E+02   0.7321E+02   0.1335E+01
   -.8733E+02   0.7291E+02   0.2910E-01
   -.8588E+02   0.7482E+02   -.6658E+00
   -.8655E+02   0.7540E+02   -.1729E+01
   -.8862E+02   0.7398E+02   -.1969E+01
   -.8967E+02   0.7485E+02   -.1728E+01
   -.8849E+02   0.7708E+02   -.1276E+01
   -.9201E+02   0.7357E+02   0.3080E-01
   -.9343E+02   0.7154E+02   0.7258E+00
   -.9272E+02   0.7100E+02   0.1789E+01
   -.9069E+02   0.7253E+02   0.2029E+01
   -.8962E+02   0.7168E+02   0.1789E+01
   -.9067E+02   0.6944E+02   0.1337E+01
   -.9030E+02   0.6916E+02   0.3100E-01
   -.8893E+02   0.7112E+02   -.6639E+00
   -.8963E+02   0.7168E+02   -.1727E+01
   -.9163E+02   0.7017E+02   -.1967E+01
   -.9272E+02   0.7100E+02   -.1726E+01
   -.9164E+02   0.7328E+02   -.1274E+01
   -.9500E+02   0.6962E+02   0.3270E-01
   -.9634E+02   0.6753E+02   0.7278E+00
   -.9560E+02   0.6702E+02   0.1791E+01
   -.9365E+02   0.6864E+02   0.2031E+01
   -.9254E+02   0.6783E+02   0.1790E+01
   -.9350E+02   0.6555E+02   0.1339E+01
   -.9311E+02   0.6528E+02   0.3280E-01
   -.9182E+02   0.6731E+02   -.6620E+00
   -.9254E+02   0.6783E+02   -.1725E+01
   -.9448E+02   0.6624E+02   -.1965E+01
   -.9561E+02   0.6702E+02   -.1724E+01
   -.9462E+02   0.6934E+02   -.1272E+01
   -.9783E+02   0.6555E+02   0.3460E-01
   -.9907E+02   0.6340E+02   0.7297E+00
   -.9832E+02   0.6293E+02   0.1793E+01
   -.9643E+02   0.6462E+02   0.2033E+01
   -.9530E+02   0.6386E+02   0.1792E+01
   -.9615E+02   0.6155E+02   0.1341E+01
   -.9575E+02   0.6129E+02   0.3470E-01
   -.9455E+02   0.6337E+02   -.6602E+00
   -.9530E+02   0.6386E+02   -.1723E+01
   -.9717E+02   0.6219E+02   -.1963E+01
   -.9832E+02   0.6292E+02   -.1722E+01
   -.9743E+02   0.6528E+02   -.1270E+01
   -.1005E+03   0.6136E+02   0.3650E-01
   -.1016E+03   0.5916E+02   0.7316E+00
   -.1009E+03   0.5872E+02   0.1794E+01
   -.9905E+02   0.6049E+02   0.2035E+01
   -.9788E+02   0.5978E+02   0.1794E+01
   -.9864E+02   0.5743E+02   0.1343E+01
   -.9823E+02   0.5719E+02   0.3660E-01
   -.9712E+02   0.5932E+02   -.6583E+00
   -.9788E+02   0.5978E+02   -.1721E+01
   -.9968E+02   0.5803E+02   -.1961E+01
   -.1009E+03   0.5872E+02   -.1720E+01
   -.1001E+03   0.6111E+02   -.1268E+01
   -.1030E+03   0.5707E+02   0.4030E-01
   -.1040E+03   0.5483E+02   0.7371E+00
   -.1032E+03   0.5441E+02   0.1800E+01
   -.1015E+03   0.5626E+02   0.2038E+01
   -.1003E+03   0.5560E+02   0.1798E+01
   -.1010E+03   0.5322E+02   0.1348E+01
   -.1005E+03   0.5300E+02   0.4230E-01
   -.9951E+02   0.5517E+02   -.6545E+00
   -.1003E+03   0.5560E+02   -.1718E+01
   -.1020E+03   0.5377E+02   -.1956E+01
   -.1032E+03   0.5441E+02   -.1714E+01
   -.1025E+03   0.5684E+02   -.1264E+01
   -.1052E+03   0.5267E+02   0.4590E-01
   -.1062E+03   0.5039E+02   0.7427E+00
   -.1054E+03   0.5001E+02   0.1806E+01
   -.1038E+03   0.5193E+02   0.2044E+01
   -.1025E+03   0.5132E+02   0.1804E+01
   -.1031E+03   0.4891E+02   0.1354E+01
   -.1027E+03   0.4871E+02   0.4790E-01
   -.1017E+03   0.5092E+02   -.6488E+00
   -.1025E+03   0.5131E+02   -.1712E+01
   -.1042E+03   0.4942E+02   -.1950E+01
   -.1054E+03   0.5001E+02   -.1709E+01
   -.1048E+03   0.5246E+02   -.1259E+01
   -.1074E+03   0.4819E+02   0.5140E-01
   -.1082E+03   0.4586E+02   0.7483E+00
   -.1074E+03   0.4552E+02   0.1811E+01
   -.1058E+03   0.4750E+02   0.2050E+01
   -.1046E+03   0.4695E+02   0.1809E+01
   -.1050E+03   0.4452E+02   0.1359E+01
   -.1046E+03   0.4433E+02   0.5360E-01
   -.1038E+03   0.4658E+02   -.6431E+00
   -.1046E+03   0.4694E+02   -.1706E+01
   -.1062E+03   0.4498E+02   -.1944E+01
   -.1074E+03   0.4552E+02   -.1703E+01
   -.1069E+03   0.4799E+02   -.1253E+01
   -.1093E+03   0.4362E+02   0.5700E-01
   -.1100E+03   0.4126E+02   0.7539E+00
   -.1092E+03   0.4095E+02   0.1817E+01
   -.1077E+03   0.4300E+02   0.2055E+01
   -.1065E+03   0.4249E+02   0.1815E+01
   -.1068E+03   0.4005E+02   0.1365E+01
   -.1064E+03   0.3988E+02   0.5930E-01
   -.1056E+03   0.4216E+02   -.6374E+00
   -.1065E+03   0.4249E+02   -.1700E+01
   -.1079E+03   0.4047E+02   -.1938E+01
   -.1092E+03   0.4094E+02   -.1697E+01
   -.1088E+03   0.4344E+02   -.1247E+01
   -.1110E+03   0.3908E+02   0.6240E-01
   -.1116E+03   0.3669E+02   0.7593E+00
   -.1108E+03   0.3641E+02   0.1823E+01
   -.1094E+03   0.3852E+02   0.2061E+01
   -.1081E+03   0.3807E+02   0.1820E+01
   -.1083E+03   0.3562E+02   0.1371E+01
   -.1079E+03   0.3547E+02   0.6490E-01
   -.1072E+03   0.3778E+02   -.6319E+00
   -.1081E+03   0.3807E+02   -.1695E+01
   -.1095E+03   0.3599E+02   -.1933E+01
   -.1108E+03   0.3641E+02   -.1692E+01
   -.1105E+03   0.3892E+02   -.1242E+01
   -.1125E+03   0.3436E+02   0.6800E-01
   -.1131E+03   0.3195E+02   0.7649E+00
   -.1122E+03   0.3171E+02   0.1828E+01
   -.1109E+03   0.3388E+02   0.2066E+01
   -.1096E+03   0.3348E+02   0.1826E+01
   -.1097E+03   0.3101E+02   0.1376E+01
   -.1093E+03   0.3089E+02   0.7060E-01
   -.1087E+03   0.3322E+02   -.6262E+00
   -.1096E+03   0.3348E+02   -.1689E+01
   -.1109E+03   0.3134E+02   -.1927E+01
   -.1122E+03   0.3171E+02   -.1686E+01
   -.1120E+03   0.3423E+02   -.1236E+01
   -.1138E+03   0.2959E+02   0.7450E-01
   -.1143E+03   0.2715E+02   0.7733E+00
   -.1134E+03   0.2695E+02   0.1836E+01
   -.1122E+03   0.2917E+02   0.2073E+01
   -.1109E+03   0.2883E+02   0.1833E+01
   -.1109E+03   0.2636E+02   0.1385E+01
   -.1105E+03   0.2625E+02   0.7900E-01
   -.1100E+03   0.2860E+02   -.6196E+00
   -.1109E+03   0.2883E+02   -.1683E+01
   -.1121E+03   0.2663E+02   -.1919E+01
   -.1134E+03   0.2695E+02   -.1678E+01
   -.1134E+03   0.2947E+02   -.1230E+01
   -.1150E+03   0.2476E+02   0.8390E-01
   -.1153E+03   0.2231E+02   0.7827E+00
   -.1145E+03   0.2214E+02   0.1846E+01
   -.1133E+03   0.2441E+02   0.2082E+01
   -.1120E+03   0.2413E+02   0.1842E+01
   -.1119E+03   0.2166E+02   0.1394E+01
   -.1115E+03   0.2157E+02   0.8830E-01
   -.1111E+03   0.2394E+02   -.6102E+00
   -.1120E+03   0.2412E+02   -.1673E+01
   -.1131E+03   0.2188E+02   -.1909E+01
   -.1145E+03   0.2214E+02   -.1668E+01
   -.1145E+03   0.2466E+02   -.1220E+01
   -.1159E+03   0.1989E+02   0.9330E-01
   -.1162E+03   0.1743E+02   0.7920E+00
   -.1153E+03   0.1730E+02   0.1855E+01
   -.1142E+03   0.1961E+02   0.2092E+01
   -.1129E+03   0.1938E+02   0.1851E+01
   -.1127E+03   0.1692E+02   0.1403E+01
   -.1123E+03   0.1685E+02   0.9770E-01
   -.1120E+03   0.1923E+02   -.6009E+00
   -.1129E+03   0.1938E+02   -.1664E+01
   -.1139E+03   0.1709E+02   -.1900E+01
   -.1153E+03   0.1730E+02   -.1659E+01
   -.1154E+03   0.1982E+02   -.1211E+01
   -.1166E+03   0.1499E+02   0.1027E+00
   -.1168E+03   0.1252E+02   0.8014E+00
   -.1159E+03   0.1242E+02   0.1864E+01
   -.1150E+03   0.1478E+02   0.2101E+01
   -.1136E+03   0.1460E+02   0.1861E+01
   -.1133E+03   0.1215E+02   0.1413E+01
   -.1129E+03   0.1210E+02   0.1071E+00
   -.1127E+03   0.1449E+02   -.5915E+00
   -.1136E+03   0.1460E+02   -.1654E+01
   -.1145E+03   0.1228E+02   -.1891E+01
   -.1159E+03   0.1242E+02   -.1650E+01
   -.1161E+03   0.1493E+02   -.1202E+01
   -.1171E+03   0.1006E+02   0.1120E+00
   -.1172E+03   0.7581E+01   0.8107E+00
   -.1163E+03   0.7523E+01   0.1874E+01
   -.1155E+03   0.9917E+01   0.2110E+01
   -.1141E+03   0.9800E+01   0.1870E+01
   -.1137E+03   0.7357E+01   0.1422E+01
   -.1133E+03   0.7327E+01   0.1164E+00
   -.1132E+03   0.9725E+01   -.5822E+00
   -.1141E+03   0.9801E+01   -.1645E+01
   -.1149E+03   0.7436E+01   -.1881E+01
   -.1163E+03   0.7524E+01   -.1640E+01
   -.1167E+03   0.1002E+02   -.1192E+01
   -.1174E+03   0.5114E+01   0.1214E+00
   -.1174E+03   0.2634E+01   0.8201E+00
   -.1165E+03   0.2613E+01   0.1883E+01
   -.1158E+03   0.5040E+01   0.2120E+01
   -.1144E+03   0.4980E+01   0.1879E+01
   -.1139E+03   0.2554E+01   0.1431E+01
   -.1135E+03   0.2544E+01   0.1258E+00
   -.1135E+03   0.4942E+01   -.5728E+00
   -.1144E+03   0.4981E+01   -.1636E+01
   -.1151E+03   0.2583E+01   -.1872E+01
   -.1165E+03   0.2614E+01   -.1631E+01
   -.1170E+03   0.5094E+01   -.1183E+01
   -.1175E+03   0.1584E+00   0.1308E+00
   -.1174E+03   -.2318E+01   0.8303E+00
   -.1165E+03   -.2302E+01   0.1893E+01
   -.1159E+03   0.1543E+00   0.2129E+01
   -.1145E+03   0.1517E+00   0.1889E+01
   -.1139E+03   -.2253E+01   0.1442E+01
   -.1135E+03   -.2243E+01   0.1360E+00
   -.1136E+03   0.1512E+00   -.5634E+00
   -.1145E+03   0.1532E+00   -.1626E+01
   -.1151E+03   -.2274E+01   -.1862E+01
   -.1165E+03   -.2300E+01   -.1621E+01
   -.1171E+03   0.1579E+00   -.1173E+01
   -.1174E+03   -.4680E+01   0.1417E+00
   -.1172E+03   -.7149E+01   0.8412E+00
   -.1163E+03   -.7096E+01   0.1904E+01
   -.1158E+03   -.4616E+01   0.2140E+01
   -.1144E+03   -.4562E+01   0.1899E+01
   -.1137E+03   -.6941E+01   0.1452E+01
   -.1133E+03   -.6912E+01   0.1468E+00
   -.1135E+03   -.4526E+01   -.5526E+00
   -.1144E+03   -.4560E+01   -.1615E+01
   -.1149E+03   -.7012E+01   -.1851E+01
   -.1163E+03   -.7094E+01   -.1610E+01
   -.1170E+03   -.4661E+01   -.1163E+01
   -.1171E+03   -.9628E+01   0.1528E+00
   -.1168E+03   -.1208E+02   0.8523E+00
   -.1159E+03   -.1199E+02   0.1915E+01
   -.1155E+03   -.9493E+01   0.2151E+01
   -.1141E+03   -.9383E+01   0.1911E+01
   -.1133E+03   -.1173E+02   0.1464E+01
   -.1129E+03   -.1168E+02   0.1578E+00
   -.1132E+03   -.9309E+01   -.5416E+00
   -.1141E+03   -.9381E+01   -.1604E+01
   -.1145E+03   -.1185E+02   -.1840E+01
   -.1159E+03   -.1199E+02   -.1599E+01
   -.1167E+03   -.9589E+01   -.1152E+01
   -.1166E+03   -.1456E+02   0.1638E+00
   -.1162E+03   -.1700E+02   0.8635E+00
   -.1153E+03   -.1687E+02   0.1927E+01
   -.1150E+03   -.1435E+02   0.2162E+01
   -.1136E+03   -.1419E+02   0.1922E+01
   -.1128E+03   -.1650E+02   0.1475E+01
   -.1123E+03   -.1643E+02   0.1689E+00
   -.1127E+03   -.1407E+02   -.5305E+00
   -.1136E+03   -.1418E+02   -.1593E+01
   -.1139E+03   -.1667E+02   -.1829E+01
   -.1153E+03   -.1687E+02   -.1588E+01
   -.1162E+03   -.1450E+02   -.1141E+01
   -.1159E+03   -.1946E+02   0.1749E+00
   -.1153E+03   -.2188E+02   0.8746E+00
   -.1145E+03   -.2172E+02   0.1938E+01
   -.1142E+03   -.1919E+02   0.2173E+01
   -.1129E+03   -.1896E+02   0.1933E+01
   -.1120E+03   -.2124E+02   0.1486E+01
   -.1115E+03   -.2115E+02   0.1799E+00
   -.1120E+03   -.1882E+02   -.5195E+00
   -.1129E+03   -.1896E+02   -.1582E+01
   -.1131E+03   -.2146E+02   -.1818E+01
   -.1145E+03   -.2171E+02   -.1577E+01
   -.1154E+03   -.1938E+02   -.1129E+01
   -.1150E+03   -.2433E+02   0.1860E+00
   -.1143E+03   -.2673E+02   0.8857E+00
   -.1135E+03   -.2652E+02   0.1949E+01
   -.1133E+03   -.2399E+02   0.2184E+01
   -.1120E+03   -.2371E+02   0.1944E+01
   -.1110E+03   -.2594E+02   0.1497E+01
   -.1105E+03   -.2584E+02   0.1910E+00
   -.1111E+03   -.2352E+02   -.5084E+00
   -.1120E+03   -.2371E+02   -.1571E+01
   -.1121E+03   -.2621E+02   -.1806E+01
   -.1135E+03   -.2652E+02   -.1566E+01
   -.1145E+03   -.2423E+02   -.1118E+01
   -.1138E+03   -.2916E+02   0.1971E+00
   -.1131E+03   -.3152E+02   0.8966E+00
   -.1122E+03   -.3129E+02   0.1960E+01
   -.1122E+03   -.2875E+02   0.2196E+01
   -.1109E+03   -.2841E+02   0.1955E+01
   -.1098E+03   -.3060E+02   0.1508E+01
   -.1093E+03   -.3047E+02   0.2017E+00
   -.1100E+03   -.2819E+02   -.4973E+00
   -.1109E+03   -.2841E+02   -.1560E+01
   -.1109E+03   -.3092E+02   -.1796E+01
   -.1122E+03   -.3128E+02   -.1555E+01
   -.1134E+03   -.2904E+02   -.1107E+01
   -.1125E+03   -.3394E+02   0.2074E+00
   -.1117E+03   -.3626E+02   0.9065E+00
   -.1108E+03   -.3599E+02   0.1970E+01
   -.1109E+03   -.3346E+02   0.2206E+01
   -.1096E+03   -.3306E+02   0.1965E+01
   -.1084E+03   -.3520E+02   0.1518E+01
   -.1079E+03   -.3505E+02   0.2117E+00
   -.1088E+03   -.3280E+02   -.4871E+00
   -.1096E+03   -.3306E+02   -.1550E+01
   -.1095E+03   -.3557E+02   -.1786E+01
   -.1108E+03   -.3599E+02   -.1545E+01
   -.1121E+03   -.3380E+02   -.1097E+01
   -.1110E+03   -.3865E+02   0.2174E+00
   -.1100E+03   -.4094E+02   0.9165E+00
   -.1092E+03   -.4063E+02   0.1980E+01
   -.1094E+03   -.3810E+02   0.2216E+01
   -.1081E+03   -.3766E+02   0.1975E+01
   -.1068E+03   -.3974E+02   0.1528E+01
   -.1063E+03   -.3958E+02   0.2216E+00
   -.1073E+03   -.3736E+02   -.4772E+00
   -.1081E+03   -.3765E+02   -.1540E+01
   -.1079E+03   -.4016E+02   -.1776E+01
   -.1092E+03   -.4063E+02   -.1535E+01
   -.1105E+03   -.3849E+02   -.1087E+01
   -.1093E+03   -.4330E+02   0.2274E+00
   -.1082E+03   -.4555E+02   0.9264E+00
   -.1074E+03   -.4520E+02   0.1990E+01
   -.1077E+03   -.4269E+02   0.2226E+01
   -.1064E+03   -.4218E+02   0.1985E+01
   -.1050E+03   -.4421E+02   0.1538E+01
   -.1046E+03   -.4403E+02   0.2316E+00
   -.1056E+03   -.4185E+02   -.4672E+00
   -.1064E+03   -.4218E+02   -.1530E+01
   -.1061E+03   -.4467E+02   -.1766E+01
   -.1074E+03   -.4520E+02   -.1525E+01
   -.1088E+03   -.4312E+02   -.1077E+01
   -.1074E+03   -.4776E+02   0.2371E+00
   -.1063E+03   -.4996E+02   0.9361E+00
   -.1055E+03   -.4959E+02   0.1999E+01
   -.1059E+03   -.4708E+02   0.2235E+01
   -.1046E+03   -.4653E+02   0.1995E+01
   -.1031E+03   -.4850E+02   0.1547E+01
   -.1027E+03   -.4830E+02   0.2413E+00
   -.1038E+03   -.4617E+02   -.4575E+00
   -.1046E+03   -.4653E+02   -.1520E+01
   -.1042E+03   -.4901E+02   -.1756E+01
   -.1055E+03   -.4958E+02   -.1515E+01
   -.1070E+03   -.4757E+02   -.1067E+01
   -.1053E+03   -.5225E+02   0.2471E+00
   -.1041E+03   -.5440E+02   0.9461E+00
   -.1033E+03   -.5399E+02   0.2009E+01
   -.1038E+03   -.5151E+02   0.2245E+01
   -.1026E+03   -.5090E+02   0.2005E+01
   -.1010E+03   -.5281E+02   0.1557E+01
   -.1006E+03   -.5259E+02   0.2512E+00
   -.1018E+03   -.5051E+02   -.4476E+00
   -.1026E+03   -.5090E+02   -.1510E+01
   -.1021E+03   -.5336E+02   -.1746E+01
   -.1033E+03   -.5399E+02   -.1505E+01
   -.1049E+03   -.5204E+02   -.1057E+01
   -.1030E+03   -.5664E+02   0.2571E+00
   -.1017E+03   -.5874E+02   0.9561E+00
   -.1009E+03   -.5830E+02   0.2019E+01
   -.1015E+03   -.5584E+02   0.2255E+01
   -.1003E+03   -.5519E+02   0.2015E+01
   -.9868E+02   -.5702E+02   0.1567E+01
   -.9827E+02   -.5678E+02   0.2612E+00
   -.9955E+02   -.5476E+02   -.4377E+00
   -.1003E+03   -.5518E+02   -.1500E+01
   -.9972E+02   -.5762E+02   -.1736E+01
   -.1009E+03   -.5830E+02   -.1495E+01
   -.1026E+03   -.5641E+02   -.1047E+01
   -.1005E+03   -.6094E+02   0.2679E+00
   -.9912E+02   -.6298E+02   0.9677E+00
   -.9836E+02   -.6251E+02   0.2031E+01
   -.9909E+02   -.6008E+02   0.2266E+01
   -.9792E+02   -.5937E+02   0.2026E+01
   -.9619E+02   -.6113E+02   0.1579E+01
   -.9579E+02   -.6088E+02   0.2729E+00
   -.9716E+02   -.5891E+02   -.4268E+00
   -.9792E+02   -.5937E+02   -.1490E+01
   -.9721E+02   -.6177E+02   -.1725E+01
   -.9836E+02   -.6250E+02   -.1484E+01
   -.1001E+03   -.6069E+02   -.1037E+01
   -.9787E+02   -.6512E+02   0.2795E+00
   -.9638E+02   -.6711E+02   0.9794E+00
   -.9565E+02   -.6660E+02   0.2042E+01
   -.9647E+02   -.6420E+02   0.2278E+01
   -.9533E+02   -.6345E+02   0.2037E+01
   -.9353E+02   -.6514E+02   0.1590E+01
   -.9314E+02   -.6487E+02   0.2846E+00
   -.9459E+02   -.6295E+02   -.4151E+00
   -.9533E+02   -.6345E+02   -.1478E+01
   -.9452E+02   -.6582E+02   -.1713E+01
   -.9565E+02   -.6660E+02   -.1472E+01
   -.9748E+02   -.6486E+02   -.1025E+01
   -.9505E+02   -.6920E+02   0.2912E+00
   -.9347E+02   -.7111E+02   0.9910E+00
   -.9276E+02   -.7058E+02   0.2054E+01
   -.9369E+02   -.6822E+02   0.2289E+01
   -.9258E+02   -.6742E+02   0.2049E+01
   -.9071E+02   -.6903E+02   0.1602E+01
   -.9033E+02   -.6874E+02   0.2964E+00
   -.9186E+02   -.6689E+02   -.4034E+00
   -.9258E+02   -.6741E+02   -.1466E+01
   -.9167E+02   -.6975E+02   -.1701E+01
   -.9276E+02   -.7058E+02   -.1460E+01
   -.9466E+02   -.6892E+02   -.1013E+01
   -.9205E+02   -.7315E+02   0.3028E+00
   -.9040E+02   -.7500E+02   0.1003E+01
   -.8971E+02   -.7443E+02   0.2066E+01
   -.9073E+02   -.7211E+02   0.2301E+01
   -.8966E+02   -.7126E+02   0.2061E+01
   -.8773E+02   -.7280E+02   0.1614E+01
   -.8736E+02   -.7249E+02   0.3081E+00
   -.8896E+02   -.7071E+02   -.3916E+00
   -.8966E+02   -.7126E+02   -.1454E+01
   -.8866E+02   -.7356E+02   -.1690E+01
   -.8971E+02   -.7443E+02   -.1448E+01
   -.9168E+02   -.7285E+02   -.1002E+01
   -.8889E+02   -.7697E+02   0.3144E+00
   -.8716E+02   -.7875E+02   0.1014E+01
   -.8650E+02   -.7815E+02   0.2077E+01
   -.8762E+02   -.7588E+02   0.2313E+01
   -.8658E+02   -.7498E+02   0.2072E+01
   -.8459E+02   -.7644E+02   0.1626E+01
   -.8423E+02   -.7612E+02   0.3199E+00
   -.8591E+02   -.7440E+02   -.3799E+00
   -.8659E+02   -.7498E+02   -.1443E+01
   -.8548E+02   -.7724E+02   -.1678E+01
   -.8650E+02   -.7815E+02   -.1437E+01
   -.8853E+02   -.7666E+02   -.9898E+00
   -.8558E+02   -.8065E+02   0.3261E+00
   -.8378E+02   -.8236E+02   0.1026E+01
   -.8314E+02   -.8173E+02   0.2089E+01
   -.8435E+02   -.7951E+02   0.2324E+01
   -.8335E+02   -.7857E+02   0.2084E+01
   -.8130E+02   -.7994E+02   0.1637E+01
   -.8096E+02   -.7961E+02   0.3316E+00
   -.8270E+02   -.7796E+02   -.3682E+00
   -.8336E+02   -.7857E+02   -.1431E+01
   -.8216E+02   -.8078E+02   -.1666E+01
   -.8314E+02   -.8173E+02   -.1425E+01
   -.8523E+02   -.8033E+02   -.9781E+00
   -.8219E+02   -.8411E+02   0.3374E+00
   -.8032E+02   -.8574E+02   0.1037E+01
   -.7971E+02   -.8509E+02   0.2100E+01
   -.8102E+02   -.8292E+02   0.2336E+01
   -.8006E+02   -.8194E+02   0.2095E+01
   -.7795E+02   -.8322E+02   0.1649E+01
   -.7762E+02   -.8288E+02   0.3429E+00
   -.7943E+02   -.8131E+02   -.3568E+00
   -.8006E+02   -.8194E+02   -.1420E+01
   -.7877E+02   -.8410E+02   -.1655E+01
   -.7971E+02   -.8509E+02   -.1414E+01
   -.8186E+02   -.8377E+02   -.9667E+00
   -.7858E+02   -.8751E+02   0.3491E+00
   -.7664E+02   -.8906E+02   0.1049E+01
   -.7606E+02   -.8838E+02   0.2112E+01
   -.7746E+02   -.8627E+02   0.2347E+01
   -.7654E+02   -.8525E+02   0.2107E+01
   -.7438E+02   -.8644E+02   0.1660E+01
   -.7406E+02   -.8608E+02   0.3545E+00
   -.7594E+02   -.8459E+02   -.3452E+00
   -.7654E+02   -.8525E+02   -.1408E+01
   -.7517E+02   -.8735E+02   -.1643E+01
   -.7606E+02   -.8838E+02   -.1402E+01
   -.7827E+02   -.8716E+02   -.9551E+00
   -.7483E+02   -.9075E+02   0.3607E+00
   -.7283E+02   -.9222E+02   0.1061E+01
   -.7228E+02   -.9152E+02   0.2124E+01
   -.7376E+02   -.8946E+02   0.2359E+01
   -.7289E+02   -.8841E+02   0.2119E+01
   -.7067E+02   -.8951E+02   0.1672E+01
   -.7038E+02   -.8914E+02   0.3661E+00
   -.7232E+02   -.8772E+02   -.3336E+00
   -.7289E+02   -.8841E+02   -.1396E+01
   -.7142E+02   -.9045E+02   -.1631E+01
   -.7228E+02   -.9152E+02   -.1391E+01
   -.7453E+02   -.9038E+02   -.9435E+00
   -.7095E+02   -.9383E+02   0.3723E+00
   -.6889E+02   -.9521E+02   0.1072E+01
   -.6836E+02   -.9449E+02   0.2135E+01
   -.6993E+02   -.9250E+02   0.2371E+01
   -.6910E+02   -.9141E+02   0.2130E+01
   -.6685E+02   -.9242E+02   0.1683E+01
   -.6657E+02   -.9203E+02   0.3777E+00
   -.6856E+02   -.9070E+02   -.3220E+00
   -.6911E+02   -.9141E+02   -.1385E+01
   -.6756E+02   -.9339E+02   -.1620E+01
   -.6836E+02   -.9449E+02   -.1379E+01
   -.7066E+02   -.9345E+02   -.9319E+00
   -.6694E+02   -.9675E+02   0.3839E+00
   -.6482E+02   -.9804E+02   0.1084E+01
   -.6433E+02   -.9730E+02   0.2147E+01
   -.6598E+02   -.9537E+02   0.2382E+01
   -.6520E+02   -.9425E+02   0.2142E+01
   -.6290E+02   -.9516E+02   0.1695E+01
   -.6264E+02   -.9477E+02   0.3892E+00
   -.6469E+02   -.9352E+02   -.3104E+00
   -.6520E+02   -.9425E+02   -.1373E+01
   -.6357E+02   -.9616E+02   -.1608E+01
   -.6433E+02   -.9730E+02   -.1367E+01
   -.6667E+02   -.9636E+02   -.9203E+00
   -.6281E+02   -.9949E+02   0.3955E+00
   -.6064E+02   -.1007E+03   0.1095E+01
   -.6018E+02   -.9993E+02   0.2159E+01
   -.6191E+02   -.9808E+02   0.2394E+01
   -.6118E+02   -.9693E+02   0.2154E+01
   -.5884E+02   -.9774E+02   0.1707E+01
   -.5860E+02   -.9733E+02   0.4008E+00
   -.6070E+02   -.9617E+02   -.2988E+00
   -.6118E+02   -.9693E+02   -.1362E+01
   -.5947E+02   -.9876E+02   -.1597E+01
   -.6018E+02   -.9993E+02   -.1356E+01
   -.6256E+02   -.9909E+02   -.9087E+00
   -.5858E+02   -.1021E+03   0.4071E+00
   -.5636E+02   -.1032E+03   0.1105E+01
   -.5592E+02   -.1024E+03   0.2168E+01
   -.5773E+02   -.1006E+03   0.2405E+01
   -.5705E+02   -.9943E+02   0.2165E+01
   -.5468E+02   -.1001E+03   0.1716E+01
   -.5445E+02   -.9972E+02   0.4105E+00
   -.5660E+02   -.9866E+02   -.2872E+00
   -.5705E+02   -.9943E+02   -.1350E+01
   -.5527E+02   -.1012E+03   -.1587E+01
   -.5593E+02   -.1024E+03   -.1346E+01
   -.5834E+02   -.1017E+03   -.8972E+00
   -.5423E+02   -.1045E+03   0.4149E+00
   -.5197E+02   -.1055E+03   0.1113E+01
   -.5157E+02   -.1047E+03   0.2176E+01
   -.5345E+02   -.1030E+03   0.2413E+01
   -.5282E+02   -.1018E+03   0.2173E+01
   -.5042E+02   -.1024E+03   0.1724E+01
   -.5021E+02   -.1019E+03   0.4183E+00
   -.5240E+02   -.1010E+03   -.2794E+00
   -.5282E+02   -.1018E+03   -.1342E+01
   -.5096E+02   -.1034E+03   -.1579E+01
   -.5157E+02   -.1047E+03   -.1338E+01
   -.5401E+02   -.1040E+03   -.8893E+00
   -.4979E+02   -.1067E+03   0.4227E+00
   -.4749E+02   -.1076E+03   0.1121E+01
   -.4712E+02   -.1068E+03   0.2184E+01
   -.4907E+02   -.1051E+03   0.2421E+01
   -.4849E+02   -.1039E+03   0.2180E+01
   -.4607E+02   -.1044E+03   0.1732E+01
   -.4588E+02   -.1040E+03   0.4261E+00
   -.4811E+02   -.1031E+03   -.2716E+00
   -.4849E+02   -.1039E+03   -.1334E+01
   -.4656E+02   -.1055E+03   -.1571E+01
   -.4712E+02   -.1068E+03   -.1330E+01
   -.4959E+02   -.1062E+03   -.8815E+00
   -.4537E+02   -.1086E+03   0.4303E+00
   -.4303E+02   -.1095E+03   0.1128E+01
   -.4270E+02   -.1086E+03   0.2191E+01
   -.4472E+02   -.1071E+03   0.2429E+01
   -.4418E+02   -.1058E+03   0.2188E+01
   -.4175E+02   -.1062E+03   0.1739E+01
   -.4157E+02   -.1058E+03   0.4338E+00
   -.4384E+02   -.1050E+03   -.2640E+00
   -.4418E+02   -.1058E+03   -.1327E+01
   -.4219E+02   -.1073E+03   -.1564E+01
   -.4270E+02   -.1086E+03   -.1323E+01
   -.4518E+02   -.1082E+03   -.8739E+00
   -.4076E+02   -.1105E+03   0.4381E+00
   -.3839E+02   -.1112E+03   0.1136E+01
   -.3809E+02   -.1103E+03   0.2199E+01
   -.4017E+02   -.1089E+03   0.2436E+01
   -.3970E+02   -.1076E+03   0.2196E+01
   -.3725E+02   -.1079E+03   0.1747E+01
   -.3709E+02   -.1075E+03   0.4416E+00
   -.3938E+02   -.1068E+03   -.2561E+00
   -.3970E+02   -.1076E+03   -.1319E+01
   -.3764E+02   -.1090E+03   -.1556E+01
   -.3809E+02   -.1103E+03   -.1315E+01
   -.4059E+02   -.1100E+03   -.8661E+00
   -.3608E+02   -.1121E+03   0.4458E+00
   -.3368E+02   -.1127E+03   0.1144E+01
   -.3342E+02   -.1118E+03   0.2207E+01
   -.3556E+02   -.1105E+03   0.2444E+01
   -.3514E+02   -.1092E+03   0.2204E+01
   -.3267E+02   -.1094E+03   0.1755E+01
   -.3254E+02   -.1089E+03   0.4494E+00
   -.3486E+02   -.1083E+03   -.2483E+00
   -.3513E+02   -.1092E+03   -.1311E+01
   -.3302E+02   -.1105E+03   -.1548E+01
   -.3342E+02   -.1118E+03   -.1307E+01
   -.3593E+02   -.1116E+03   -.8582E+00
   -.3134E+02   -.1135E+03   0.4536E+00
   -.2891E+02   -.1140E+03   0.1149E+01
   -.2869E+02   -.1132E+03   0.2212E+01
   -.3088E+02   -.1119E+03   0.2452E+01
   -.3051E+02   -.1106E+03   0.2211E+01
   -.2805E+02   -.1107E+03   0.1760E+01
   -.2793E+02   -.1102E+03   0.4548E+00
   -.3027E+02   -.1097E+03   -.2405E+00
   -.3051E+02   -.1106E+03   -.1303E+01
   -.2835E+02   -.1118E+03   -.1543E+01
   -.2869E+02   -.1132E+03   -.1302E+01
   -.3121E+02   -.1131E+03   -.8504E+00
   -.2653E+02   -.1148E+03   0.4543E+00
   -.2409E+02   -.1152E+03   0.1147E+01
   -.2390E+02   -.1143E+03   0.2211E+01
   -.2615E+02   -.1131E+03   0.2453E+01
   -.2584E+02   -.1118E+03   0.2212E+01
   -.2337E+02   -.1118E+03   0.1759E+01
   -.2327E+02   -.1113E+03   0.4530E+00
   -.2563E+02   -.1109E+03   -.2399E+00
   -.2584E+02   -.1118E+03   -.1303E+01
   -.2362E+02   -.1130E+03   -.1544E+01
   -.2390E+02   -.1143E+03   -.1304E+01
   -.2642E+02   -.1143E+03   -.8498E+00
   -.2168E+02   -.1158E+03   0.4527E+00
   -.1922E+02   -.1161E+03   0.1146E+01
   -.1907E+02   -.1152E+03   0.2209E+01
   -.2137E+02   -.1141E+03   0.2451E+01
   -.2111E+02   -.1128E+03   0.2211E+01
   -.1865E+02   -.1127E+03   0.1757E+01
   -.1857E+02   -.1122E+03   0.4512E+00
   -.2095E+02   -.1119E+03   -.2417E+00
   -.2111E+02   -.1128E+03   -.1304E+01
   -.1885E+02   -.1139E+03   -.1546E+01
   -.1907E+02   -.1152E+03   -.1305E+01
   -.2159E+02   -.1153E+03   -.8516E+00
   -.1679E+02   -.1166E+03   0.4510E+00
   -.1432E+02   -.1168E+03   0.1144E+01
   -.1421E+02   -.1159E+03   0.2207E+01
   -.1655E+02   -.1149E+03   0.2449E+01
   -.1635E+02   -.1136E+03   0.2209E+01
   -.1389E+02   -.1134E+03   0.1755E+01
   -.1383E+02   -.1129E+03   0.4494E+00
   -.1622E+02   -.1127E+03   -.2436E+00
   -.1635E+02   -.1136E+03   -.1306E+01
   -.1404E+02   -.1146E+03   -.1548E+01
   -.1421E+02   -.1159E+03   -.1307E+01
   -.1672E+02   -.1161E+03   -.8534E+00
   -.1188E+02   -.1172E+03   0.4493E+00
   -.9397E+01   -.1173E+03   0.1143E+01
   -.9324E+01   -.1164E+03   0.2206E+01
   -.1170E+02   -.1155E+03   0.2448E+01
   -.1156E+02   -.1142E+03   0.2207E+01
   -.9113E+01   -.1139E+03   0.1754E+01
   -.9073E+01   -.1134E+03   0.4476E+00
   -.1147E+02   -.1133E+03   -.2454E+00
   -.1156E+02   -.1142E+03   -.1308E+01
   -.9210E+01   -.1151E+03   -.1550E+01
   -.9322E+01   -.1164E+03   -.1309E+01
   -.1182E+02   -.1167E+03   -.8552E+00
   -.6934E+01   -.1176E+03   0.4476E+00
   -.4454E+01   -.1176E+03   0.1141E+01
   -.4419E+01   -.1167E+03   0.2204E+01
   -.6833E+01   -.1160E+03   0.2446E+01
   -.6750E+01   -.1146E+03   0.2206E+01
   -.4316E+01   -.1142E+03   0.1752E+01
   -.4297E+01   -.1137E+03   0.4458E+00
   -.6693E+01   -.1137E+03   -.2472E+00
   -.6747E+01   -.1146E+03   -.1310E+01
   -.4362E+01   -.1154E+03   -.1552E+01
   -.4416E+01   -.1167E+03   -.1311E+01
   -.6904E+01   -.1172E+03   -.8571E+00
   -.2098E+01   -.1178E+03   0.4460E+00
   0.3801E+00   -.1177E+03   0.1139E+01
   0.3777E+00   -.1168E+03   0.2203E+01
   -.2067E+01   -.1162E+03   0.2445E+01
   -.2040E+01   -.1148E+03   0.2204E+01
   0.3739E+00   -.1143E+03   0.1751E+01
   0.3741E+00   -.1138E+03   0.4440E+00
   -.2021E+01   -.1139E+03   -.2490E+00
   -.2037E+01   -.1148E+03   -.1312E+01
   0.3787E+00   -.1155E+03   -.1554E+01
   0.3809E+00   -.1168E+03   -.1313E+01
   -.2088E+01   -.1173E+03   -.8588E+00
   0.2860E+01   -.1178E+03   0.4366E+00
   0.5331E+01   -.1176E+03   0.1122E+01
   0.5291E+01   -.1167E+03   0.2185E+01
   0.2819E+01   -.1162E+03   0.2435E+01
   0.2788E+01   -.1148E+03   0.2195E+01
   0.5178E+01   -.1142E+03   0.1733E+01
   0.5158E+01   -.1137E+03   0.4269E+00
   0.2770E+01   -.1139E+03   -.2584E+00
   0.2791E+01   -.1148E+03   -.1321E+01
   0.5234E+01   -.1154E+03   -.1571E+01
   0.5294E+01   -.1167E+03   -.1330E+01
   0.2850E+01   -.1173E+03   -.8682E+00
   0.7813E+01   -.1176E+03   0.4191E+00
   0.1027E+02   -.1173E+03   0.1105E+01
   0.1020E+02   -.1164E+03   0.2168E+01
   0.7701E+01   -.1159E+03   0.2418E+01
   0.7612E+01   -.1146E+03   0.2177E+01
   0.9973E+01   -.1139E+03   0.1716E+01
   0.9934E+01   -.1134E+03   0.4096E+00
   0.7556E+01   -.1137E+03   -.2756E+00
   0.7615E+01   -.1146E+03   -.1338E+01
   0.1008E+02   -.1150E+03   -.1588E+01
   0.1020E+02   -.1164E+03   -.1347E+01
   0.7783E+01   -.1171E+03   -.8855E+00
   0.1275E+02   -.1172E+03   0.4017E+00
   0.1520E+02   -.1168E+03   0.1087E+01
   0.1508E+02   -.1159E+03   0.2150E+01
   0.1257E+02   -.1155E+03   0.2400E+01
   0.1242E+02   -.1142E+03   0.2160E+01
   0.1475E+02   -.1133E+03   0.1698E+01
   0.1469E+02   -.1129E+03   0.3924E+00
   0.1233E+02   -.1133E+03   -.2929E+00
   0.1243E+02   -.1142E+03   -.1356E+01
   0.1491E+02   -.1145E+03   -.1605E+01
   0.1509E+02   -.1159E+03   -.1364E+01
   0.1270E+02   -.1167E+03   -.9028E+00
   0.1767E+02   -.1166E+03   0.3842E+00
   0.2010E+02   -.1160E+03   0.1070E+01
   0.1994E+02   -.1152E+03   0.2133E+01
   0.1742E+02   -.1149E+03   0.2383E+01
   0.1721E+02   -.1136E+03   0.2142E+01
   0.1951E+02   -.1126E+03   0.1681E+01
   0.1943E+02   -.1122E+03   0.3751E+00
   0.1708E+02   -.1127E+03   -.3101E+00
   0.1722E+02   -.1136E+03   -.1373E+01
   0.1971E+02   -.1138E+03   -.1623E+01
   0.1995E+02   -.1152E+03   -.1381E+01
   0.1760E+02   -.1161E+03   -.9201E+00
   0.2256E+02   -.1157E+03   0.3668E+00
   0.2496E+02   -.1151E+03   0.1052E+01
   0.2477E+02   -.1142E+03   0.2115E+01
   0.2223E+02   -.1141E+03   0.2365E+01
   0.2197E+02   -.1128E+03   0.2125E+01
   0.2423E+02   -.1117E+03   0.1663E+01
   0.2413E+02   -.1113E+03   0.3579E+00
   0.2180E+02   -.1119E+03   -.3274E+00
   0.2198E+02   -.1128E+03   -.1390E+01
   0.2448E+02   -.1129E+03   -.1640E+01
   0.2477E+02   -.1142E+03   -.1399E+01
   0.2247E+02   -.1153E+03   -.9374E+00
   0.2741E+02   -.1147E+03   0.3493E+00
   0.2978E+02   -.1140E+03   0.1035E+01
   0.2955E+02   -.1131E+03   0.2098E+01
   0.2701E+02   -.1131E+03   0.2348E+01
   0.2670E+02   -.1117E+03   0.2107E+01
   0.2890E+02   -.1106E+03   0.1646E+01
   0.2878E+02   -.1102E+03   0.3406E+00
   0.2649E+02   -.1109E+03   -.3446E+00
   0.2670E+02   -.1117E+03   -.1407E+01
   0.2921E+02   -.1118E+03   -.1657E+01
   0.2956E+02   -.1131E+03   -.1416E+01
   0.2730E+02   -.1142E+03   -.9547E+00
   0.3221E+02   -.1135E+03   0.3294E+00
   0.3455E+02   -.1126E+03   0.1010E+01
   0.3429E+02   -.1118E+03   0.2073E+01
   0.3175E+02   -.1118E+03   0.2328E+01
   0.3137E+02   -.1105E+03   0.2087E+01
   0.3353E+02   -.1093E+03   0.1621E+01
   0.3339E+02   -.1089E+03   0.3156E+00
   0.3113E+02   -.1097E+03   -.3645E+00
   0.3138E+02   -.1105E+03   -.1427E+01
   0.3389E+02   -.1105E+03   -.1682E+01
   0.3429E+02   -.1118E+03   -.1441E+01
   0.3208E+02   -.1130E+03   -.9746E+00
   0.3695E+02   -.1120E+03   0.3020E+00
   0.3915E+02   -.1112E+03   0.9830E+00
   0.3885E+02   -.1103E+03   0.2046E+01
   0.3642E+02   -.1104E+03   0.2300E+01
   0.3599E+02   -.1091E+03   0.2060E+01
   0.3799E+02   -.1079E+03   0.1594E+01
   0.3783E+02   -.1074E+03   0.2888E+00
   0.3571E+02   -.1083E+03   -.3920E+00
   0.3599E+02   -.1091E+03   -.1455E+01
   0.3840E+02   -.1090E+03   -.1709E+01
   0.3885E+02   -.1103E+03   -.1468E+01
   0.3680E+02   -.1116E+03   -.1002E+01
   0.4152E+02   -.1104E+03   0.2754E+00
   0.4379E+02   -.1094E+03   0.9557E+00
   0.4345E+02   -.1086E+03   0.2019E+01
   0.4092E+02   -.1088E+03   0.2274E+01
   0.4044E+02   -.1076E+03   0.2033E+01
   0.4249E+02   -.1062E+03   0.1567E+01
   0.4232E+02   -.1058E+03   0.2613E+00
   0.4013E+02   -.1067E+03   -.4188E+00
   0.4045E+02   -.1076E+03   -.1482E+01
   0.4295E+02   -.1073E+03   -.1736E+01
   0.4346E+02   -.1086E+03   -.1495E+01
   0.4135E+02   -.1100E+03   -.1029E+01
   0.4613E+02   -.1086E+03   0.2480E+00
   0.4835E+02   -.1075E+03   0.9284E+00
   0.4798E+02   -.1067E+03   0.1992E+01
   0.4547E+02   -.1070E+03   0.2246E+01
   0.4493E+02   -.1058E+03   0.2006E+01
   0.4692E+02   -.1043E+03   0.1540E+01
   0.4673E+02   -.1039E+03   0.2338E+00
   0.4458E+02   -.1050E+03   -.4463E+00
   0.4493E+02   -.1058E+03   -.1509E+01
   0.4742E+02   -.1054E+03   -.1764E+01
   0.4798E+02   -.1067E+03   -.1523E+01
   0.4594E+02   -.1082E+03   -.1056E+01
   0.5065E+02   -.1066E+03   0.2207E+00
   0.5283E+02   -.1054E+03   0.9011E+00
   0.5243E+02   -.1046E+03   0.1964E+01
   0.4993E+02   -.1051E+03   0.2219E+01
   0.4934E+02   -.1038E+03   0.1979E+01
   0.5127E+02   -.1023E+03   0.1512E+01
   0.5106E+02   -.1019E+03   0.2064E+00
   0.4896E+02   -.1030E+03   -.4738E+00
   0.4934E+02   -.1038E+03   -.1537E+01
   0.5181E+02   -.1034E+03   -.1791E+01
   0.5243E+02   -.1046E+03   -.1550E+01
   0.5045E+02   -.1061E+03   -.1084E+01
   0.5509E+02   -.1044E+03   0.1934E+00
   0.5722E+02   -.1031E+03   0.8738E+00
   0.5678E+02   -.1023E+03   0.1937E+01
   0.5430E+02   -.1029E+03   0.2192E+01
   0.5366E+02   -.1017E+03   0.1951E+01
   0.5553E+02   -.1001E+03   0.1485E+01
   0.5530E+02   -.9965E+02   0.1789E+00
   0.5325E+02   -.1009E+03   -.5013E+00
   0.5367E+02   -.1017E+03   -.1564E+01
   0.5612E+02   -.1011E+03   -.1819E+01
   0.5678E+02   -.1023E+03   -.1578E+01
   0.5487E+02   -.1039E+03   -.1111E+01
   0.5944E+02   -.1020E+03   0.1661E+00
   0.6150E+02   -.1006E+03   0.8445E+00
   0.6103E+02   -.9984E+02   0.1908E+01
   0.5859E+02   -.1005E+03   0.2164E+01
   0.5790E+02   -.9935E+02   0.1924E+01
   0.5969E+02   -.9766E+02   0.1456E+01
   0.5944E+02   -.9725E+02   0.1495E+00
   0.5745E+02   -.9858E+02   -.5288E+00
   0.5790E+02   -.9934E+02   -.1592E+01
   0.6032E+02   -.9868E+02   -.1848E+01
   0.6104E+02   -.9984E+02   -.1607E+01
   0.5920E+02   -.1016E+03   -.1139E+01
   0.6367E+02   -.9940E+02   0.1347E+00
   0.6568E+02   -.9795E+02   0.8131E+00
   0.6518E+02   -.9721E+02   0.1876E+01
   0.6276E+02   -.9799E+02   0.2133E+01
   0.6202E+02   -.9684E+02   0.1893E+01
   0.6375E+02   -.9508E+02   0.1424E+01
   0.6348E+02   -.9468E+02   0.1181E+00
   0.6154E+02   -.9609E+02   -.5601E+00
   0.6202E+02   -.9684E+02   -.1623E+01
   0.6442E+02   -.9607E+02   -.1880E+01
   0.6518E+02   -.9720E+02   -.1639E+01
   0.6342E+02   -.9900E+02   -.1170E+01
   0.6780E+02   -.9665E+02   0.1034E+00
   0.6974E+02   -.9511E+02   0.7818E+00
   0.6921E+02   -.9440E+02   0.1845E+01
   0.6683E+02   -.9528E+02   0.2102E+01
   0.6604E+02   -.9417E+02   0.1861E+01
   0.6769E+02   -.9233E+02   0.1393E+01
   0.6741E+02   -.9195E+02   0.8680E-01
   0.6553E+02   -.9343E+02   -.5915E+00
   0.6605E+02   -.9416E+02   -.1654E+01
   0.6841E+02   -.9330E+02   -.1911E+01
   0.6922E+02   -.9439E+02   -.1670E+01
   0.6753E+02   -.9626E+02   -.1201E+01
   0.7181E+02   -.9373E+02   0.7200E-01
   0.7368E+02   -.9212E+02   0.7505E+00
   0.7312E+02   -.9142E+02   0.1814E+01
   0.7078E+02   -.9241E+02   0.2070E+01
   0.6995E+02   -.9132E+02   0.1830E+01
   0.7152E+02   -.8942E+02   0.1361E+01
   0.7122E+02   -.8905E+02   0.5540E-01
   0.6940E+02   -.9061E+02   -.6228E+00
   0.6995E+02   -.9132E+02   -.1686E+01
   0.7227E+02   -.9035E+02   -.1942E+01
   0.7313E+02   -.9142E+02   -.1701E+01
   0.7152E+02   -.9336E+02   -.1233E+01
   0.7569E+02   -.9065E+02   0.4060E-01
   0.7741E+02   -.8903E+02   0.7199E+00
   0.7682E+02   -.8836E+02   0.1783E+01
   0.7461E+02   -.8937E+02   0.2039E+01
   0.7373E+02   -.8832E+02   0.1798E+01
   0.7513E+02   -.8643E+02   0.1331E+01
   0.7481E+02   -.8607E+02   0.2480E-01
   0.7316E+02   -.8763E+02   -.6542E+00
   0.7373E+02   -.8832E+02   -.1717E+01
   0.7592E+02   -.8733E+02   -.1973E+01
   0.7682E+02   -.8836E+02   -.1732E+01
   0.7538E+02   -.9028E+02   -.1264E+01
   0.7935E+02   -.8748E+02   0.1000E-01
   0.8108E+02   -.8572E+02   0.6885E+00
   0.8047E+02   -.8507E+02   0.1752E+01
   0.7822E+02   -.8625E+02   0.2009E+01
   0.7729E+02   -.8523E+02   0.1768E+01
   0.7870E+02   -.8321E+02   0.1300E+01
   0.7837E+02   -.8286E+02   -.6600E-02
   0.7669E+02   -.8457E+02   -.6848E+00
   0.7730E+02   -.8523E+02   -.1748E+01
   0.7953E+02   -.8408E+02   -.2004E+01
   0.8047E+02   -.8507E+02   -.1763E+01
   0.7903E+02   -.8713E+02   -.1295E+01
   0.8296E+02   -.8409E+02   -.2130E-01
   0.8462E+02   -.8225E+02   0.6574E+00
   0.8398E+02   -.8163E+02   0.1721E+01
   0.8178E+02   -.8290E+02   0.1977E+01
   0.8081E+02   -.8193E+02   0.1737E+01
   0.8213E+02   -.7984E+02   0.1268E+01
   0.8179E+02   -.7951E+02   -.3770E-01
   0.8019E+02   -.8129E+02   -.7162E+00
   0.8081E+02   -.8193E+02   -.1779E+01
   0.8300E+02   -.8068E+02   -.2036E+01
   0.8398E+02   -.8163E+02   -.1794E+01
   0.8262E+02   -.8375E+02   -.1326E+01
   0.8642E+02   -.8054E+02   -.5200E-01
   0.8801E+02   -.7864E+02   0.6270E+00
   0.8734E+02   -.7805E+02   0.1690E+01
   0.8519E+02   -.7941E+02   0.1947E+01
   0.8419E+02   -.7848E+02   0.1706E+01
   0.8542E+02   -.7634E+02   0.1238E+01
   0.8506E+02   -.7602E+02   -.6810E-01
   0.8354E+02   -.7787E+02   -.7468E+00
   0.8419E+02   -.7847E+02   -.1810E+01
   0.8632E+02   -.7714E+02   -.2066E+01
   0.8734E+02   -.7804E+02   -.1825E+01
   0.8608E+02   -.8022E+02   -.1357E+01
   0.8974E+02   -.7686E+02   -.8240E-01
   0.9124E+02   -.7489E+02   0.5967E+00
   0.9055E+02   -.7432E+02   0.1660E+01
   0.8846E+02   -.7577E+02   0.1916E+01
   0.8742E+02   -.7489E+02   0.1676E+01
   0.8856E+02   -.7270E+02   0.1208E+01
   0.8819E+02   -.7240E+02   -.9850E-01
   0.8674E+02   -.7431E+02   -.7773E+00
   0.8742E+02   -.7488E+02   -.1840E+01
   0.8949E+02   -.7346E+02   -.2096E+01
   0.9055E+02   -.7432E+02   -.1855E+01
   0.8938E+02   -.7655E+02   -.1387E+01
   0.9289E+02   -.7304E+02   -.1128E+00
   0.9431E+02   -.7100E+02   0.5663E+00
   0.9360E+02   -.7047E+02   0.1630E+01
   0.9157E+02   -.7200E+02   0.1886E+01
   0.9049E+02   -.7116E+02   0.1645E+01
   0.9154E+02   -.6893E+02   0.1177E+01
   0.9116E+02   -.6864E+02   -.1289E+00
   0.8979E+02   -.7061E+02   -.8077E+00
   0.9050E+02   -.7116E+02   -.1871E+01
   0.9250E+02   -.6965E+02   -.2127E+01
   0.9360E+02   -.7047E+02   -.1886E+01
   0.9252E+02   -.7274E+02   -.1417E+01
   0.9589E+02   -.6909E+02   -.1432E+00
   0.9722E+02   -.6700E+02   0.5359E+00
   0.9648E+02   -.6649E+02   0.1599E+01
   0.9452E+02   -.6811E+02   0.1855E+01
   0.9341E+02   -.6731E+02   0.1615E+01
   0.9436E+02   -.6504E+02   0.1147E+01
   0.9397E+02   -.6477E+02   -.1593E+00
   0.9269E+02   -.6679E+02   -.8381E+00
   0.9341E+02   -.6731E+02   -.1901E+01
   0.9536E+02   -.6572E+02   -.2157E+01
   0.9648E+02   -.6649E+02   -.1916E+01
   0.9550E+02   -.6881E+02   -.1448E+01
   0.9871E+02   -.6501E+02   -.1736E+00
   0.9995E+02   -.6287E+02   0.5056E+00
   0.9920E+02   -.6240E+02   0.1569E+01
   0.9731E+02   -.6410E+02   0.1825E+01
   0.9616E+02   -.6335E+02   0.1585E+01
   0.9702E+02   -.6103E+02   0.1117E+01
   0.9662E+02   -.6078E+02   -.1897E+00
   0.9542E+02   -.6285E+02   -.8685E+00
   0.9616E+02   -.6334E+02   -.1932E+01
   0.9804E+02   -.6167E+02   -.2188E+01
   0.9920E+02   -.6239E+02   -.1946E+01
   0.9831E+02   -.6475E+02   -.1478E+01
   0.1014E+03   -.6083E+02   -.2040E+00
   0.1025E+03   -.5863E+02   0.4753E+00
   0.1017E+03   -.5819E+02   0.1539E+01
   0.9992E+02   -.5997E+02   0.1795E+01
   0.9875E+02   -.5927E+02   0.1554E+01
   0.9950E+02   -.5692E+02   0.1086E+01
   0.9909E+02   -.5668E+02   -.2201E+00
   0.9798E+02   -.5881E+02   -.8990E+00
   0.9875E+02   -.5926E+02   -.1962E+01
   0.1005E+03   -.5751E+02   -.2218E+01
   0.1017E+03   -.5819E+02   -.1977E+01
   0.1010E+03   -.6058E+02   -.1509E+01
   0.1038E+03   -.5653E+02   -.2306E+00
   0.1048E+03   -.5439E+02   0.4529E+00
   0.1040E+03   -.5398E+02   0.1516E+01
   0.1024E+03   -.5573E+02   0.1768E+01
   0.1012E+03   -.5508E+02   0.1528E+01
   0.1018E+03   -.5281E+02   0.1064E+01
   0.1013E+03   -.5259E+02   -.2425E+00
   0.1004E+03   -.5466E+02   -.9255E+00
   0.1012E+03   -.5508E+02   -.1989E+01
   0.1028E+03   -.5336E+02   -.2240E+01
   0.1040E+03   -.5398E+02   -.1999E+01
   0.1034E+03   -.5630E+02   -.1535E+01
   0.1061E+03   -.5224E+02   -.2529E+00
   0.1070E+03   -.4996E+02   0.4299E+00
   0.1062E+03   -.4958E+02   0.1493E+01
   0.1046E+03   -.5151E+02   0.1746E+01
   0.1033E+03   -.5090E+02   0.1505E+01
   0.1039E+03   -.4850E+02   0.1041E+01
   0.1035E+03   -.4830E+02   -.2654E+00
   0.1025E+03   -.5051E+02   -.9479E+00
   0.1033E+03   -.5090E+02   -.2011E+01
   0.1050E+03   -.4901E+02   -.2263E+01
   0.1062E+03   -.4958E+02   -.2022E+01
   0.1057E+03   -.5203E+02   -.1558E+01
   0.1082E+03   -.4776E+02   -.2758E+00
   0.1090E+03   -.4544E+02   0.4070E+00
   0.1082E+03   -.4509E+02   0.1470E+01
   0.1067E+03   -.4708E+02   0.1723E+01
   0.1054E+03   -.4653E+02   0.1482E+01
   0.1059E+03   -.4411E+02   0.1018E+01
   0.1054E+03   -.4393E+02   -.2883E+00
   0.1046E+03   -.4617E+02   -.9708E+00
   0.1054E+03   -.4653E+02   -.2034E+01
   0.1070E+03   -.4457E+02   -.2286E+01
   0.1082E+03   -.4509E+02   -.2045E+01
   0.1078E+03   -.4757E+02   -.1581E+01
   0.1101E+03   -.4319E+02   -.2987E+00
   0.1109E+03   -.4083E+02   0.3840E+00
   0.1100E+03   -.4052E+02   0.1447E+01
   0.1085E+03   -.4258E+02   0.1700E+01
   0.1073E+03   -.4208E+02   0.1459E+01
   0.1076E+03   -.3964E+02   0.9949E+00
   0.1072E+03   -.3948E+02   -.3112E+00
   0.1064E+03   -.4176E+02   -.9937E+00
   0.1073E+03   -.4208E+02   -.2057E+01
   0.1088E+03   -.4005E+02   -.2309E+01
   0.1100E+03   -.4052E+02   -.2068E+01
   0.1097E+03   -.4302E+02   -.1603E+01
   0.1118E+03   -.3854E+02   -.3217E+00
   0.1125E+03   -.3616E+02   0.3611E+00
   0.1117E+03   -.3588E+02   0.1424E+01
   0.1102E+03   -.3800E+02   0.1677E+01
   0.1090E+03   -.3755E+02   0.1436E+01
   0.1092E+03   -.3510E+02   0.9719E+00
   0.1088E+03   -.3495E+02   -.3341E+00
   0.1081E+03   -.3726E+02   -.1017E+01
   0.1090E+03   -.3755E+02   -.2080E+01
   0.1103E+03   -.3547E+02   -.2332E+01
   0.1117E+03   -.3588E+02   -.2091E+01
   0.1114E+03   -.3839E+02   -.1626E+01
   0.1134E+03   -.3383E+02   -.3446E+00
   0.1139E+03   -.3142E+02   0.3381E+00
   0.1131E+03   -.3118E+02   0.1401E+01
   0.1118E+03   -.3335E+02   0.1654E+01
   0.1104E+03   -.3296E+02   0.1413E+01
   0.1106E+03   -.3050E+02   0.9490E+00
   0.1101E+03   -.3037E+02   -.3570E+00
   0.1096E+03   -.3270E+02   -.1040E+01
   0.1104E+03   -.3296E+02   -.2103E+01
   0.1118E+03   -.3082E+02   -.2355E+01
   0.1131E+03   -.3118E+02   -.2114E+01
   0.1129E+03   -.3369E+02   -.1649E+01
   0.1147E+03   -.2905E+02   -.3634E+00
   0.1152E+03   -.2662E+02   0.3274E+00
   0.1143E+03   -.2642E+02   0.1391E+01
   0.1131E+03   -.2864E+02   0.1635E+01
   0.1117E+03   -.2831E+02   0.1394E+01
   0.1118E+03   -.2584E+02   0.9382E+00
   0.1113E+03   -.2573E+02   -.3677E+00
   0.1109E+03   -.2809E+02   -.1058E+01
   0.1117E+03   -.2831E+02   -.2122E+01
   0.1130E+03   -.2611E+02   -.2366E+01
   0.1143E+03   -.2642E+02   -.2125E+01
   0.1142E+03   -.2894E+02   -.1668E+01
   0.1158E+03   -.2423E+02   -.3702E+00
   0.1162E+03   -.2178E+02   0.3206E+00
   0.1153E+03   -.2161E+02   0.1384E+01
   0.1142E+03   -.2389E+02   0.1628E+01
   0.1128E+03   -.2361E+02   0.1387E+01
   0.1128E+03   -.2114E+02   0.9315E+00
   0.1123E+03   -.2105E+02   -.3744E+00
   0.1120E+03   -.2342E+02   -.1065E+01
   0.1128E+03   -.2361E+02   -.2128E+01
   0.1140E+03   -.2136E+02   -.2373E+01
   0.1153E+03   -.2161E+02   -.2131E+01
   0.1154E+03   -.2413E+02   -.1675E+01
   0.1168E+03   -.1936E+02   -.3769E+00
   0.1170E+03   -.1690E+02   0.3138E+00
   0.1161E+03   -.1677E+02   0.1377E+01
   0.1151E+03   -.1909E+02   0.1621E+01
   0.1138E+03   -.1886E+02   0.1381E+01
   0.1136E+03   -.1640E+02   0.9247E+00
   0.1131E+03   -.1633E+02   -.3811E+00
   0.1129E+03   -.1871E+02   -.1072E+01
   0.1138E+03   -.1886E+02   -.2135E+01
   0.1148E+03   -.1657E+02   -.2379E+01
   0.1161E+03   -.1677E+02   -.2138E+01
   0.1163E+03   -.1929E+02   -.1682E+01
   0.1175E+03   -.1446E+02   -.3837E+00
   0.1176E+03   -.1210E+02   0.3072E+00
   0.1167E+03   -.1201E+02   0.1370E+01
   0.1158E+03   -.1425E+02   0.1615E+01
   0.1145E+03   -.1408E+02   0.1374E+01
   0.1142E+03   -.1174E+02   0.9182E+00
   0.1137E+03   -.1169E+02   -.3877E+00
   0.1136E+03   -.1397E+02   -.1079E+01
   0.1145E+03   -.1409E+02   -.2142E+01
   0.1154E+03   -.1187E+02   -.2386E+01
   0.1167E+03   -.1201E+02   -.2144E+01
   0.1170E+03   -.1440E+02   -.1688E+01
   0.1180E+03   -.9649E+01   -.3903E+00
   0.1180E+03   -.7170E+01   0.3005E+00
   0.1172E+03   -.7114E+01   0.1364E+01
   0.1163E+03   -.9509E+01   0.1608E+01
   0.1150E+03   -.9395E+01   0.1367E+01
   0.1146E+03   -.6953E+01   0.9114E+00
   0.1141E+03   -.6924E+01   -.3944E+00
   0.1141E+03   -.9322E+01   -.1085E+01
   0.1150E+03   -.9397E+01   -.2148E+01
   0.1158E+03   -.7030E+01   -.2393E+01
   0.1172E+03   -.7116E+01   -.2151E+01
   0.1175E+03   -.9611E+01   -.1695E+01
   0.1183E+03   -.4704E+01   -.3971E+00
   0.1183E+03   -.2225E+01   0.2937E+00
   0.1174E+03   -.2205E+01   0.1357E+01
   0.1166E+03   -.4632E+01   0.1601E+01
   0.1153E+03   -.4575E+01   0.1361E+01
   0.1148E+03   -.2150E+01   0.9047E+00
   0.1143E+03   -.2141E+01   -.4011E+00
   0.1144E+03   -.4539E+01   -.1092E+01
   0.1153E+03   -.4577E+01   -.2155E+01
   0.1160E+03   -.2178E+01   -.2399E+01
   0.1174E+03   -.2207E+01   -.2158E+01
   0.1178E+03   -.4685E+01   -.1702E+01