   0.4591D+02   0.0000D+00   0.0000D+00
   0.4574D+02   0.1438D+01   0.1407D+01
   0.4460D+02   0.1402D+01   0.3976D+01
   0.4368D+02   0.0000D+00   0.5027D+01
   0.4124D+02   0.0000D+00   0.6434D+01
   0.3984D+02   0.1252D+01   0.6728D+01
   0.3704D+02   0.1164D+01   0.6434D+01
   0.3577D+02   0.0000D+00   0.5859D+01
   0.3368D+02   0.0000D+00   0.3976D+01
   0.3295D+02   0.1036D+01   0.2752D+01
   0.3237D+02   0.1017D+01   0.8285D-15
   0.3253D+02   0.0000D+00   -.1407D+01
   0.3368D+02   0.0000D+00   -.3976D+01
   0.3461D+02   0.1088D+01   -.5027D+01
   0.3704D+02   0.1164D+01   -.6434D+01
   0.3844D+02   0.0000D+00   -.6728D+01
   0.4124D+02   0.0000D+00   -.6434D+01
   0.4251D+02   0.1336D+01   -.5859D+01
   0.4460D+02   0.1402D+01   -.3976D+01
   0.4533D+02   0.0000D+00   -.2752D+01
   0.4582D+02   0.2883D+01   0.0000D+00
   0.4556D+02   0.4307D+01   0.1407D+01
   0.4442D+02   0.4199D+01   0.3976D+01
   0.4359D+02   0.2742D+01   0.5027D+01
   0.4116D+02   0.2590D+01   0.6434D+01
   0.3968D+02   0.3751D+01   0.6728D+01
   0.3690D+02   0.3488D+01   0.6434D+01
   0.3570D+02   0.2246D+01   0.5859D+01
   0.3361D+02   0.2115D+01   0.3976D+01
   0.3282D+02   0.3103D+01   0.2752D+01
   0.3224D+02   0.3048D+01   0.8285D-15
   0.3247D+02   0.2043D+01   -.1407D+01
   0.3361D+02   0.2115D+01   -.3976D+01
   0.3447D+02   0.3258D+01   -.5027D+01
   0.3690D+02   0.3488D+01   -.6434D+01
   0.3837D+02   0.2414D+01   -.6728D+01
   0.4116D+02   0.2590D+01   -.6434D+01
   0.4234D+02   0.4003D+01   -.5859D+01
   0.4442D+02   0.4199D+01   -.3976D+01
   0.4524D+02   0.2846D+01   -.2752D+01
   0.4555D+02   0.5755D+01   0.0000D+00
   0.4520D+02   0.7160D+01   0.1407D+01
   0.4407D+02   0.6981D+01   0.3976D+01
   0.4333D+02   0.5474D+01   0.5027D+01
   0.4092D+02   0.5169D+01   0.6434D+01
   0.3937D+02   0.6235D+01   0.6728D+01
   0.3660D+02   0.5797D+01   0.6434D+01
   0.3549D+02   0.4483D+01   0.5859D+01
   0.3341D+02   0.4221D+01   0.3976D+01
   0.3256D+02   0.5158D+01   0.2752D+01
   0.3199D+02   0.5066D+01   0.8285D-15
   0.3228D+02   0.4077D+01   -.1407D+01
   0.3341D+02   0.4221D+01   -.3976D+01
   0.3420D+02   0.5416D+01   -.5027D+01
   0.3660D+02   0.5797D+01   -.6434D+01
   0.3814D+02   0.4818D+01   -.6728D+01
   0.4092D+02   0.5169D+01   -.6434D+01
   0.4201D+02   0.6654D+01   -.5859D+01
   0.4407D+02   0.6981D+01   -.3976D+01
   0.4497D+02   0.5681D+01   -.2752D+01
   0.4510D+02   0.8604D+01   0.0000D+00
   0.4466D+02   0.9984D+01   0.1407D+01
   0.4355D+02   0.9734D+01   0.3976D+01
   0.4290D+02   0.8184D+01   0.5027D+01
   0.4051D+02   0.7728D+01   0.6434D+01
   0.3890D+02   0.8695D+01   0.6728D+01
   0.3617D+02   0.8084D+01   0.6434D+01
   0.3513D+02   0.6702D+01   0.5859D+01
   0.3308D+02   0.6310D+01   0.3976D+01
   0.3218D+02   0.7192D+01   0.2752D+01
   0.3161D+02   0.7065D+01   0.8285D-15
   0.3196D+02   0.6096D+01   -.1407D+01
   0.3308D+02   0.6310D+01   -.3976D+01
   0.3379D+02   0.7553D+01   -.5027D+01
   0.3617D+02   0.8084D+01   -.6434D+01
   0.3776D+02   0.7203D+01   -.6728D+01
   0.4051D+02   0.7728D+01   -.6434D+01
   0.4151D+02   0.9278D+01   -.5859D+01
   0.4355D+02   0.9734D+01   -.3976D+01
   0.4453D+02   0.8494D+01   -.2752D+01
   0.4447D+02   0.1142D+02   0.0000D+00
   0.4395D+02   0.1277D+02   0.1407D+01
   0.4285D+02   0.1245D+02   0.3976D+01
   0.4230D+02   0.1086D+02   0.5027D+01
   0.3994D+02   0.1026D+02   0.6434D+01
   0.3827D+02   0.1112D+02   0.6728D+01
   0.3559D+02   0.1034D+02   0.6434D+01
   0.3464D+02   0.8895D+01   0.5859D+01
   0.3262D+02   0.8375D+01   0.3976D+01
   0.3166D+02   0.9198D+01   0.2752D+01
   0.3110D+02   0.9035D+01   0.8285D-15
   0.3151D+02   0.8091D+01   -.1407D+01
   0.3262D+02   0.8375D+01   -.3976D+01
   0.3325D+02   0.9660D+01   -.5027D+01
   0.3559D+02   0.1034D+02   -.6434D+01
   0.3724D+02   0.9560D+01   -.6728D+01
   0.3994D+02   0.1026D+02   -.6434D+01
   0.4084D+02   0.1187D+02   -.5859D+01
   0.4285D+02   0.1245D+02   -.3976D+01
   0.4391D+02   0.1127D+02   -.2752D+01
   0.4367D+02   0.1419D+02   0.0000D+00
   0.4306D+02   0.1550D+02   0.1407D+01
   0.4198D+02   0.1512D+02   0.3976D+01
   0.4154D+02   0.1350D+02   0.5027D+01
   0.3922D+02   0.1274D+02   0.6434D+01
   0.3750D+02   0.1350D+02   0.6728D+01
   0.3487D+02   0.1255D+02   0.6434D+01
   0.3402D+02   0.1105D+02   0.5859D+01
   0.3203D+02   0.1041D+02   0.3976D+01
   0.3102D+02   0.1117D+02   0.2752D+01
   0.3047D+02   0.1097D+02   0.8285D-15
   0.3094D+02   0.1005D+02   -.1407D+01
   0.3203D+02   0.1041D+02   -.3976D+01
   0.3258D+02   0.1173D+02   -.5027D+01
   0.3487D+02   0.1255D+02   -.6434D+01
   0.3656D+02   0.1188D+02   -.6728D+01
   0.3922D+02   0.1274D+02   -.6434D+01
   0.4002D+02   0.1441D+02   -.5859D+01
   0.4198D+02   0.1512D+02   -.3976D+01
   0.4311D+02   0.1401D+02   -.2752D+01
   0.4269D+02   0.1690D+02   0.0000D+00
   0.4200D+02   0.1818D+02   0.1407D+01
   0.4095D+02   0.1772D+02   0.3976D+01
   0.4061D+02   0.1608D+02   0.5027D+01
   0.3834D+02   0.1518D+02   0.6434D+01
   0.3658D+02   0.1583D+02   0.6728D+01
   0.3401D+02   0.1472D+02   0.6434D+01
   0.3326D+02   0.1317D+02   0.5859D+01
   0.3131D+02   0.1240D+02   0.3976D+01
   0.3026D+02   0.1309D+02   0.2752D+01
   0.2972D+02   0.1286D+02   0.8285D-15
   0.3025D+02   0.1198D+02   -.1407D+01
   0.3131D+02   0.1240D+02   -.3976D+01
   0.3178D+02   0.1375D+02   -.5027D+01
   0.3401D+02   0.1472D+02   -.6434D+01
   0.3574D+02   0.1415D+02   -.6728D+01
   0.3834D+02   0.1518D+02   -.6434D+01
   0.3903D+02   0.1689D+02   -.5859D+01
   0.4095D+02   0.1772D+02   -.3976D+01
   0.4215D+02   0.1669D+02   -.2752D+01
   0.4155D+02   0.1955D+02   0.0000D+00
   0.4078D+02   0.2078D+02   0.1407D+01
   0.3976D+02   0.2026D+02   0.3976D+01
   0.3952D+02   0.1860D+02   0.5027D+01
   0.3732D+02   0.1756D+02   0.6434D+01
   0.3551D+02   0.1809D+02   0.6728D+01
   0.3302D+02   0.1682D+02   0.6434D+01
   0.3236D+02   0.1523D+02   0.5859D+01
   0.3047D+02   0.1434D+02   0.3976D+01
   0.2938D+02   0.1497D+02   0.2752D+01
   0.2886D+02   0.1470D+02   0.8285D-15
   0.2944D+02   0.1385D+02   -.1407D+01
   0.3047D+02   0.1434D+02   -.3976D+01
   0.3085D+02   0.1572D+02   -.5027D+01
   0.3302D+02   0.1682D+02   -.6434D+01
   0.3478D+02   0.1637D+02   -.6728D+01
   0.3732D+02   0.1756D+02   -.6434D+01
   0.3790D+02   0.1931D+02   -.5859D+01
   0.3976D+02   0.2026D+02   -.3976D+01
   0.4102D+02   0.1930D+02   -.2752D+01
   0.4024D+02   0.2212D+02   0.0000D+00
   0.3939D+02   0.2330D+02   0.1407D+01
   0.3841D+02   0.2271D+02   0.3976D+01
   0.3827D+02   0.2104D+02   0.5027D+01
   0.3614D+02   0.1987D+02   0.6434D+01
   0.3431D+02   0.2029D+02   0.6728D+01
   0.3190D+02   0.1886D+02   0.6434D+01
   0.3134D+02   0.1723D+02   0.5859D+01
   0.2951D+02   0.1622D+02   0.3976D+01
   0.2838D+02   0.1678D+02   0.2752D+01
   0.2788D+02   0.1649D+02   0.8285D-15
   0.2851D+02   0.1567D+02   -.1407D+01
   0.2951D+02   0.1622D+02   -.3976D+01
   0.2980D+02   0.1762D+02   -.5027D+01
   0.3190D+02   0.1886D+02   -.6434D+01
   0.3369D+02   0.1852D+02   -.6728D+01
   0.3614D+02   0.1987D+02   -.6434D+01
   0.3661D+02   0.2165D+02   -.5859D+01
   0.3841D+02   0.2271D+02   -.3976D+01
   0.3972D+02   0.2184D+02   -.2752D+01
   0.3877D+02   0.2460D+02   0.0000D+00
   0.3785D+02   0.2572D+02   0.1407D+01
   0.3691D+02   0.2508D+02   0.3976D+01
   0.3688D+02   0.2340D+02   0.5027D+01
   0.3482D+02   0.2210D+02   0.6434D+01
   0.3297D+02   0.2240D+02   0.6728D+01
   0.3065D+02   0.2083D+02   0.6434D+01
   0.3020D+02   0.1917D+02   0.5859D+01
   0.2843D+02   0.1805D+02   0.3976D+01
   0.2727D+02   0.1853D+02   0.2752D+01
   0.2679D+02   0.1820D+02   0.8285D-15
   0.2747D+02   0.1743D+02   -.1407D+01
   0.2843D+02   0.1805D+02   -.3976D+01
   0.2864D+02   0.1946D+02   -.5027D+01
   0.3065D+02   0.2083D+02   -.6434D+01
   0.3246D+02   0.2060D+02   -.6728D+01
   0.3482D+02   0.2210D+02   -.6434D+01
   0.3518D+02   0.2391D+02   -.5859D+01
   0.3691D+02   0.2508D+02   -.3976D+01
   0.3827D+02   0.2429D+02   -.2752D+01
   0.3715D+02   0.2699D+02   0.0000D+00
   0.3616D+02   0.2805D+02   0.1407D+01
   0.3526D+02   0.2735D+02   0.3976D+01
   0.3534D+02   0.2567D+02   0.5027D+01
   0.3336D+02   0.2424D+02   0.6434D+01
   0.3149D+02   0.2443D+02   0.6728D+01
   0.2928D+02   0.2271D+02   0.6434D+01
   0.2894D+02   0.2102D+02   0.5859D+01
   0.2725D+02   0.1979D+02   0.3976D+01
   0.2605D+02   0.2021D+02   0.2752D+01
   0.2559D+02   0.1985D+02   0.8285D-15
   0.2632D+02   0.1912D+02   -.1407D+01
   0.2725D+02   0.1979D+02   -.3976D+01
   0.2736D+02   0.2122D+02   -.5027D+01
   0.2928D+02   0.2271D+02   -.6434D+01
   0.3110D+02   0.2260D+02   -.6728D+01
   0.3336D+02   0.2424D+02   -.6434D+01
   0.3361D+02   0.2607D+02   -.5859D+01
   0.3526D+02   0.2735D+02   -.3976D+01
   0.3667D+02   0.2664D+02   -.2752D+01
   0.3538D+02   0.2927D+02   0.0000D+00
   0.3433D+02   0.3027D+02   0.1407D+01
   0.3347D+02   0.2951D+02   0.3976D+01
   0.3365D+02   0.2784D+02   0.5027D+01
   0.3178D+02   0.2629D+02   0.6434D+01
   0.2990D+02   0.2636D+02   0.6728D+01
   0.2780D+02   0.2451D+02   0.6434D+01
   0.2756D+02   0.2280D+02   0.5859D+01
   0.2595D+02   0.2147D+02   0.3976D+01
   0.2473D+02   0.2180D+02   0.2752D+01
   0.2429D+02   0.2142D+02   0.8285D-15
   0.2507D+02   0.2074D+02   -.1407D+01
   0.2595D+02   0.2147D+02   -.3976D+01
   0.2597D+02   0.2290D+02   -.5027D+01
   0.2780D+02   0.2451D+02   -.6434D+01
   0.2962D+02   0.2450D+02   -.6728D+01
   0.3178D+02   0.2629D+02   -.6434D+01
   0.3190D+02   0.2813D+02   -.5859D+01
   0.3347D+02   0.2951D+02   -.3976D+01
   0.3493D+02   0.2889D+02   -.2752D+01
   0.3347D+02   0.3143D+02   0.0000D+00
   0.3236D+02   0.3236D+02   0.1407D+01
   0.3155D+02   0.3155D+02   0.3976D+01
   0.3184D+02   0.2990D+02   0.5027D+01
   0.3006D+02   0.2823D+02   0.6434D+01
   0.2818D+02   0.2818D+02   0.6728D+01
   0.2621D+02   0.2621D+02   0.6434D+01
   0.2607D+02   0.2448D+02   0.5859D+01
   0.2455D+02   0.2305D+02   0.3976D+01
   0.2331D+02   0.2331D+02   0.2752D+01
   0.2290D+02   0.2290D+02   0.8285D-15
   0.2372D+02   0.2227D+02   -.1407D+01
   0.2455D+02   0.2305D+02   -.3976D+01
   0.2448D+02   0.2448D+02   -.5027D+01
   0.2621D+02   0.2621D+02   -.6434D+01
   0.2802D+02   0.2632D+02   -.6728D+01
   0.3006D+02   0.2823D+02   -.6434D+01
   0.3008D+02   0.3008D+02   -.5859D+01
   0.3155D+02   0.3155D+02   -.3976D+01
   0.3304D+02   0.3103D+02   -.2752D+01
   0.3143D+02   0.3347D+02   0.0000D+00
   0.3027D+02   0.3433D+02   0.1407D+01
   0.2951D+02   0.3347D+02   0.3976D+01
   0.2990D+02   0.3184D+02   0.5027D+01
   0.2823D+02   0.3006D+02   0.6434D+01
   0.2636D+02   0.2990D+02   0.6728D+01
   0.2451D+02   0.2780D+02   0.6434D+01
   0.2448D+02   0.2607D+02   0.5859D+01
   0.2305D+02   0.2455D+02   0.3976D+01
   0.2180D+02   0.2473D+02   0.2752D+01
   0.2142D+02   0.2429D+02   0.8285D-15
   0.2227D+02   0.2372D+02   -.1407D+01
   0.2305D+02   0.2455D+02   -.3976D+01
   0.2290D+02   0.2597D+02   -.5027D+01
   0.2451D+02   0.2780D+02   -.6434D+01
   0.2632D+02   0.2802D+02   -.6728D+01
   0.2823D+02   0.3006D+02   -.6434D+01
   0.2813D+02   0.3190D+02   -.5859D+01
   0.2951D+02   0.3347D+02   -.3976D+01
   0.3103D+02   0.3304D+02   -.2752D+01
   0.2927D+02   0.3538D+02   0.0000D+00
   0.2805D+02   0.3616D+02   0.1407D+01
   0.2735D+02   0.3526D+02   0.3976D+01
   0.2784D+02   0.3365D+02   0.5027D+01
   0.2629D+02   0.3178D+02   0.6434D+01
   0.2443D+02   0.3149D+02   0.6728D+01
   0.2271D+02   0.2928D+02   0.6434D+01
   0.2280D+02   0.2756D+02   0.5859D+01
   0.2147D+02   0.2595D+02   0.3976D+01
   0.2021D+02   0.2605D+02   0.2752D+01
   0.1985D+02   0.2559D+02   0.8285D-15
   0.2074D+02   0.2507D+02   -.1407D+01
   0.2147D+02   0.2595D+02   -.3976D+01
   0.2122D+02   0.2736D+02   -.5027D+01
   0.2271D+02   0.2928D+02   -.6434D+01
   0.2450D+02   0.2962D+02   -.6728D+01
   0.2629D+02   0.3178D+02   -.6434D+01
   0.2607D+02   0.3361D+02   -.5859D+01
   0.2735D+02   0.3526D+02   -.3976D+01
   0.2889D+02   0.3493D+02   -.2752D+01
   0.2699D+02   0.3715D+02   0.0000D+00
   0.2572D+02   0.3785D+02   0.1407D+01
   0.2508D+02   0.3691D+02   0.3976D+01
   0.2567D+02   0.3534D+02   0.5027D+01
   0.2424D+02   0.3336D+02   0.6434D+01
   0.2240D+02   0.3297D+02   0.6728D+01
   0.2083D+02   0.3065D+02   0.6434D+01
   0.2102D+02   0.2894D+02   0.5859D+01
   0.1979D+02   0.2725D+02   0.3976D+01
   0.1853D+02   0.2727D+02   0.2752D+01
   0.1820D+02   0.2679D+02   0.8285D-15
   0.1912D+02   0.2632D+02   -.1407D+01
   0.1979D+02   0.2725D+02   -.3976D+01
   0.1946D+02   0.2864D+02   -.5027D+01
   0.2083D+02   0.3065D+02   -.6434D+01
   0.2260D+02   0.3110D+02   -.6728D+01
   0.2424D+02   0.3336D+02   -.6434D+01
   0.2391D+02   0.3518D+02   -.5859D+01
   0.2508D+02   0.3691D+02   -.3976D+01
   0.2664D+02   0.3667D+02   -.2752D+01
   0.2460D+02   0.3877D+02   0.0000D+00
   0.2330D+02   0.3939D+02   0.1407D+01
   0.2271D+02   0.3841D+02   0.3976D+01
   0.2340D+02   0.3688D+02   0.5027D+01
   0.2210D+02   0.3482D+02   0.6434D+01
   0.2029D+02   0.3431D+02   0.6728D+01
   0.1886D+02   0.3190D+02   0.6434D+01
   0.1917D+02   0.3020D+02   0.5859D+01
   0.1805D+02   0.2843D+02   0.3976D+01
   0.1678D+02   0.2838D+02   0.2752D+01
   0.1649D+02   0.2788D+02   0.8285D-15
   0.1743D+02   0.2747D+02   -.1407D+01
   0.1805D+02   0.2843D+02   -.3976D+01
   0.1762D+02   0.2980D+02   -.5027D+01
   0.1886D+02   0.3190D+02   -.6434D+01
   0.2060D+02   0.3246D+02   -.6728D+01
   0.2210D+02   0.3482D+02   -.6434D+01
   0.2165D+02   0.3661D+02   -.5859D+01
   0.2271D+02   0.3841D+02   -.3976D+01
   0.2429D+02   0.3827D+02   -.2752D+01
   0.2212D+02   0.4024D+02   0.0000D+00
   0.2078D+02   0.4078D+02   0.1407D+01
   0.2026D+02   0.3976D+02   0.3976D+01
   0.2104D+02   0.3827D+02   0.5027D+01
   0.1987D+02   0.3614D+02   0.6434D+01
   0.1809D+02   0.3551D+02   0.6728D+01
   0.1682D+02   0.3302D+02   0.6434D+01
   0.1723D+02   0.3134D+02   0.5859D+01
   0.1622D+02   0.2951D+02   0.3976D+01
   0.1497D+02   0.2938D+02   0.2752D+01
   0.1470D+02   0.2886D+02   0.8285D-15
   0.1567D+02   0.2851D+02   -.1407D+01
   0.1622D+02   0.2951D+02   -.3976D+01
   0.1572D+02   0.3085D+02   -.5027D+01
   0.1682D+02   0.3302D+02   -.6434D+01
   0.1852D+02   0.3369D+02   -.6728D+01
   0.1987D+02   0.3614D+02   -.6434D+01
   0.1931D+02   0.3790D+02   -.5859D+01
   0.2026D+02   0.3976D+02   -.3976D+01
   0.2184D+02   0.3972D+02   -.2752D+01
   0.1955D+02   0.4155D+02   0.0000D+00
   0.1818D+02   0.4200D+02   0.1407D+01
   0.1772D+02   0.4095D+02   0.3976D+01
   0.1860D+02   0.3952D+02   0.5027D+01
   0.1756D+02   0.3732D+02   0.6434D+01
   0.1583D+02   0.3658D+02   0.6728D+01
   0.1472D+02   0.3401D+02   0.6434D+01
   0.1523D+02   0.3236D+02   0.5859D+01
   0.1434D+02   0.3047D+02   0.3976D+01
   0.1309D+02   0.3026D+02   0.2752D+01
   0.1286D+02   0.2972D+02   0.8285D-15
   0.1385D+02   0.2944D+02   -.1407D+01
   0.1434D+02   0.3047D+02   -.3976D+01
   0.1375D+02   0.3178D+02   -.5027D+01
   0.1472D+02   0.3401D+02   -.6434D+01
   0.1637D+02   0.3478D+02   -.6728D+01
   0.1756D+02   0.3732D+02   -.6434D+01
   0.1689D+02   0.3903D+02   -.5859D+01
   0.1772D+02   0.4095D+02   -.3976D+01
   0.1930D+02   0.4102D+02   -.2752D+01
   0.1690D+02   0.4269D+02   0.0000D+00
   0.1550D+02   0.4306D+02   0.1407D+01
   0.1512D+02   0.4198D+02   0.3976D+01
   0.1608D+02   0.4061D+02   0.5027D+01
   0.1518D+02   0.3834D+02   0.6434D+01
   0.1350D+02   0.3750D+02   0.6728D+01
   0.1255D+02   0.3487D+02   0.6434D+01
   0.1317D+02   0.3326D+02   0.5859D+01
   0.1240D+02   0.3131D+02   0.3976D+01
   0.1117D+02   0.3102D+02   0.2752D+01
   0.1097D+02   0.3047D+02   0.8285D-15
   0.1198D+02   0.3025D+02   -.1407D+01
   0.1240D+02   0.3131D+02   -.3976D+01
   0.1173D+02   0.3258D+02   -.5027D+01
   0.1255D+02   0.3487D+02   -.6434D+01
   0.1415D+02   0.3574D+02   -.6728D+01
   0.1518D+02   0.3834D+02   -.6434D+01
   0.1441D+02   0.4002D+02   -.5859D+01
   0.1512D+02   0.4198D+02   -.3976D+01
   0.1669D+02   0.4215D+02   -.2752D+01
   0.1419D+02   0.4367D+02   0.0000D+00
   0.1277D+02   0.4395D+02   0.1407D+01
   0.1245D+02   0.4285D+02   0.3976D+01
   0.1350D+02   0.4154D+02   0.5027D+01
   0.1274D+02   0.3922D+02   0.6434D+01
   0.1112D+02   0.3827D+02   0.6728D+01
   0.1034D+02   0.3559D+02   0.6434D+01
   0.1105D+02   0.3402D+02   0.5859D+01
   0.1041D+02   0.3203D+02   0.3976D+01
   0.9198D+01   0.3166D+02   0.2752D+01
   0.9035D+01   0.3110D+02   0.8285D-15
   0.1005D+02   0.3094D+02   -.1407D+01
   0.1041D+02   0.3203D+02   -.3976D+01
   0.9660D+01   0.3325D+02   -.5027D+01
   0.1034D+02   0.3559D+02   -.6434D+01
   0.1188D+02   0.3656D+02   -.6728D+01
   0.1274D+02   0.3922D+02   -.6434D+01
   0.1187D+02   0.4084D+02   -.5859D+01
   0.1245D+02   0.4285D+02   -.3976D+01
   0.1401D+02   0.4311D+02   -.2752D+01
   0.1142D+02   0.4447D+02   0.0000D+00
   0.9984D+01   0.4466D+02   0.1407D+01
   0.9734D+01   0.4355D+02   0.3976D+01
   0.1086D+02   0.4230D+02   0.5027D+01
   0.1026D+02   0.3994D+02   0.6434D+01
   0.8695D+01   0.3890D+02   0.6728D+01
   0.8084D+01   0.3617D+02   0.6434D+01
   0.8895D+01   0.3464D+02   0.5859D+01
   0.8375D+01   0.3262D+02   0.3976D+01
   0.7192D+01   0.3218D+02   0.2752D+01
   0.7065D+01   0.3161D+02   0.8285D-15
   0.8091D+01   0.3151D+02   -.1407D+01
   0.8375D+01   0.3262D+02   -.3976D+01
   0.7553D+01   0.3379D+02   -.5027D+01
   0.8084D+01   0.3617D+02   -.6434D+01
   0.9560D+01   0.3724D+02   -.6728D+01
   0.1026D+02   0.3994D+02   -.6434D+01
   0.9278D+01   0.4151D+02   -.5859D+01
   0.9734D+01   0.4355D+02   -.3976D+01
   0.1127D+02   0.4391D+02   -.2752D+01
   0.8604D+01   0.4510D+02   0.0000D+00
   0.7160D+01   0.4520D+02   0.1407D+01
   0.6981D+01   0.4407D+02   0.3976D+01
   0.8184D+01   0.4290D+02   0.5027D+01
   0.7728D+01   0.4051D+02   0.6434D+01
   0.6235D+01   0.3937D+02   0.6728D+01
   0.5797D+01   0.3660D+02   0.6434D+01
   0.6702D+01   0.3513D+02   0.5859D+01
   0.6310D+01   0.3308D+02   0.3976D+01
   0.5158D+01   0.3256D+02   0.2752D+01
   0.5066D+01   0.3199D+02   0.8285D-15
   0.6096D+01   0.3196D+02   -.1407D+01
   0.6310D+01   0.3308D+02   -.3976D+01
   0.5416D+01   0.3420D+02   -.5027D+01
   0.5797D+01   0.3660D+02   -.6434D+01
   0.7203D+01   0.3776D+02   -.6728D+01
   0.7728D+01   0.4051D+02   -.6434D+01
   0.6654D+01   0.4201D+02   -.5859D+01
   0.6981D+01   0.4407D+02   -.3976D+01
   0.8494D+01   0.4453D+02   -.2752D+01
   0.5755D+01   0.4555D+02   0.0000D+00
   0.4307D+01   0.4556D+02   0.1407D+01
   0.4199D+01   0.4442D+02   0.3976D+01
   0.5474D+01   0.4333D+02   0.5027D+01
   0.5169D+01   0.4092D+02   0.6434D+01
   0.3751D+01   0.3968D+02   0.6728D+01
   0.3488D+01   0.3690D+02   0.6434D+01
   0.4483D+01   0.3549D+02   0.5859D+01
   0.4221D+01   0.3341D+02   0.3976D+01
   0.3103D+01   0.3282D+02   0.2752D+01
   0.3048D+01   0.3224D+02   0.8285D-15
   0.4077D+01   0.3228D+02   -.1407D+01
   0.4221D+01   0.3341D+02   -.3976D+01
   0.3258D+01   0.3447D+02   -.5027D+01
   0.3488D+01   0.3690D+02   -.6434D+01
   0.4818D+01   0.3814D+02   -.6728D+01
   0.5169D+01   0.4092D+02   -.6434D+01
   0.4003D+01   0.4234D+02   -.5859D+01
   0.4199D+01   0.4442D+02   -.3976D+01
   0.5681D+01   0.4497D+02   -.2752D+01
   0.2883D+01   0.4582D+02   0.0000D+00
   0.1438D+01   0.4574D+02   0.1407D+01
   0.1402D+01   0.4460D+02   0.3976D+01
   0.2742D+01   0.4359D+02   0.5027D+01
   0.2590D+01   0.4116D+02   0.6434D+01
   0.1252D+01   0.3984D+02   0.6728D+01
   0.1164D+01   0.3704D+02   0.6434D+01
   0.2246D+01   0.3570D+02   0.5859D+01
   0.2115D+01   0.3361D+02   0.3976D+01
   0.1036D+01   0.3295D+02   0.2752D+01
   0.1017D+01   0.3237D+02   0.8285D-15
   0.2043D+01   0.3247D+02   -.1407D+01
   0.2115D+01   0.3361D+02   -.3976D+01
   0.1088D+01   0.3461D+02   -.5027D+01
   0.1164D+01   0.3704D+02   -.6434D+01
   0.2414D+01   0.3837D+02   -.6728D+01
   0.2590D+01   0.4116D+02   -.6434D+01
   0.1336D+01   0.4251D+02   -.5859D+01
   0.1402D+01   0.4460D+02   -.3976D+01
   0.2846D+01   0.4524D+02   -.2752D+01
   -.7384D-14   0.4591D+02   0.0000D+00
   -.1438D+01   0.4574D+02   0.1407D+01
   -.1402D+01   0.4460D+02   0.3976D+01
   -.7024D-14   0.4368D+02   0.5027D+01
   -.6632D-14   0.4124D+02   0.6434D+01
   -.1252D+01   0.3984D+02   0.6728D+01
   -.1164D+01   0.3704D+02   0.6434D+01
   -.5752D-14   0.3577D+02   0.5859D+01
   -.5416D-14   0.3368D+02   0.3976D+01
   -.1036D+01   0.3295D+02   0.2752D+01
   -.1017D+01   0.3237D+02   0.8285D-15
   -.5232D-14   0.3253D+02   -.1407D+01
   -.5416D-14   0.3368D+02   -.3976D+01
   -.1088D+01   0.3461D+02   -.5027D+01
   -.1164D+01   0.3704D+02   -.6434D+01
   -.6182D-14   0.3844D+02   -.6728D+01
   -.6632D-14   0.4124D+02   -.6434D+01
   -.1336D+01   0.4251D+02   -.5859D+01
   -.1402D+01   0.4460D+02   -.3976D+01
   -.7290D-14   0.4533D+02   -.2752D+01
   -.2883D+01   0.4582D+02   0.0000D+00
   -.4307D+01   0.4556D+02   0.1407D+01
   -.4199D+01   0.4442D+02   0.3976D+01
   -.2742D+01   0.4359D+02   0.5027D+01
   -.2590D+01   0.4116D+02   0.6434D+01
   -.3751D+01   0.3968D+02   0.6728D+01
   -.3488D+01   0.3690D+02   0.6434D+01
   -.2246D+01   0.3570D+02   0.5859D+01
   -.2115D+01   0.3361D+02   0.3976D+01
   -.3103D+01   0.3282D+02   0.2752D+01
   -.3048D+01   0.3224D+02   0.8285D-15
   -.2043D+01   0.3247D+02   -.1407D+01
   -.2115D+01   0.3361D+02   -.3976D+01
   -.3258D+01   0.3447D+02   -.5027D+01
   -.3488D+01   0.3690D+02   -.6434D+01
   -.2414D+01   0.3837D+02   -.6728D+01
   -.2590D+01   0.4116D+02   -.6434D+01
   -.4003D+01   0.4234D+02   -.5859D+01
   -.4199D+01   0.4442D+02   -.3976D+01
   -.2846D+01   0.4524D+02   -.2752D+01
   -.5755D+01   0.4555D+02   0.0000D+00
   -.7160D+01   0.4520D+02   0.1407D+01
   -.6981D+01   0.4407D+02   0.3976D+01
   -.5474D+01   0.4333D+02   0.5027D+01
   -.5169D+01   0.4092D+02   0.6434D+01
   -.6235D+01   0.3937D+02   0.6728D+01
   -.5797D+01   0.3660D+02   0.6434D+01
   -.4483D+01   0.3549D+02   0.5859D+01
   -.4221D+01   0.3341D+02   0.3976D+01
   -.5158D+01   0.3256D+02   0.2752D+01
   -.5066D+01   0.3199D+02   0.8285D-15
   -.4077D+01   0.3228D+02   -.1407D+01
   -.4221D+01   0.3341D+02   -.3976D+01
   -.5416D+01   0.3420D+02   -.5027D+01
   -.5797D+01   0.3660D+02   -.6434D+01
   -.4818D+01   0.3814D+02   -.6728D+01
   -.5169D+01   0.4092D+02   -.6434D+01
   -.6654D+01   0.4201D+02   -.5859D+01
   -.6981D+01   0.4407D+02   -.3976D+01
   -.5681D+01   0.4497D+02   -.2752D+01
   -.8604D+01   0.4510D+02   0.0000D+00
   -.9984D+01   0.4466D+02   0.1407D+01
   -.9734D+01   0.4355D+02   0.3976D+01
   -.8184D+01   0.4290D+02   0.5027D+01
   -.7728D+01   0.4051D+02   0.6434D+01
   -.8695D+01   0.3890D+02   0.6728D+01
   -.8084D+01   0.3617D+02   0.6434D+01
   -.6702D+01   0.3513D+02   0.5859D+01
   -.6310D+01   0.3308D+02   0.3976D+01
   -.7192D+01   0.3218D+02   0.2752D+01
   -.7065D+01   0.3161D+02   0.8285D-15
   -.6096D+01   0.3196D+02   -.1407D+01
   -.6310D+01   0.3308D+02   -.3976D+01
   -.7553D+01   0.3379D+02   -.5027D+01
   -.8084D+01   0.3617D+02   -.6434D+01
   -.7203D+01   0.3776D+02   -.6728D+01
   -.7728D+01   0.4051D+02   -.6434D+01
   -.9278D+01   0.4151D+02   -.5859D+01
   -.9734D+01   0.4355D+02   -.3976D+01
   -.8494D+01   0.4453D+02   -.2752D+01
   -.1142D+02   0.4447D+02   0.0000D+00
   -.1277D+02   0.4395D+02   0.1407D+01
   -.1245D+02   0.4285D+02   0.3976D+01
   -.1086D+02   0.4230D+02   0.5027D+01
   -.1026D+02   0.3994D+02   0.6434D+01
   -.1112D+02   0.3827D+02   0.6728D+01
   -.1034D+02   0.3559D+02   0.6434D+01
   -.8895D+01   0.3464D+02   0.5859D+01
   -.8375D+01   0.3262D+02   0.3976D+01
   -.9198D+01   0.3166D+02   0.2752D+01
   -.9035D+01   0.3110D+02   0.8285D-15
   -.8091D+01   0.3151D+02   -.1407D+01
   -.8375D+01   0.3262D+02   -.3976D+01
   -.9660D+01   0.3325D+02   -.5027D+01
   -.1034D+02   0.3559D+02   -.6434D+01
   -.9560D+01   0.3724D+02   -.6728D+01
   -.1026D+02   0.3994D+02   -.6434D+01
   -.1187D+02   0.4084D+02   -.5859D+01
   -.1245D+02   0.4285D+02   -.3976D+01
   -.1127D+02   0.4391D+02   -.2752D+01
   -.1419D+02   0.4367D+02   0.0000D+00
   -.1550D+02   0.4306D+02   0.1407D+01
   -.1512D+02   0.4198D+02   0.3976D+01
   -.1350D+02   0.4154D+02   0.5027D+01
   -.1274D+02   0.3922D+02   0.6434D+01
   -.1350D+02   0.3750D+02   0.6728D+01
   -.1255D+02   0.3487D+02   0.6434D+01
   -.1105D+02   0.3402D+02   0.5859D+01
   -.1041D+02   0.3203D+02   0.3976D+01
   -.1117D+02   0.3102D+02   0.2752D+01
   -.1097D+02   0.3047D+02   0.8285D-15
   -.1005D+02   0.3094D+02   -.1407D+01
   -.1041D+02   0.3203D+02   -.3976D+01
   -.1173D+02   0.3258D+02   -.5027D+01
   -.1255D+02   0.3487D+02   -.6434D+01
   -.1188D+02   0.3656D+02   -.6728D+01
   -.1274D+02   0.3922D+02   -.6434D+01
   -.1441D+02   0.4002D+02   -.5859D+01
   -.1512D+02   0.4198D+02   -.3976D+01
   -.1401D+02   0.4311D+02   -.2752D+01
   -.1690D+02   0.4269D+02   0.0000D+00
   -.1818D+02   0.4200D+02   0.1407D+01
   -.1772D+02   0.4095D+02   0.3976D+01
   -.1608D+02   0.4061D+02   0.5027D+01
   -.1518D+02   0.3834D+02   0.6434D+01
   -.1583D+02   0.3658D+02   0.6728D+01
   -.1472D+02   0.3401D+02   0.6434D+01
   -.1317D+02   0.3326D+02   0.5859D+01
   -.1240D+02   0.3131D+02   0.3976D+01
   -.1309D+02   0.3026D+02   0.2752D+01
   -.1286D+02   0.2972D+02   0.8285D-15
   -.1198D+02   0.3025D+02   -.1407D+01
   -.1240D+02   0.3131D+02   -.3976D+01
   -.1375D+02   0.3178D+02   -.5027D+01
   -.1472D+02   0.3401D+02   -.6434D+01
   -.1415D+02   0.3574D+02   -.6728D+01
   -.1518D+02   0.3834D+02   -.6434D+01
   -.1689D+02   0.3903D+02   -.5859D+01
   -.1772D+02   0.4095D+02   -.3976D+01
   -.1669D+02   0.4215D+02   -.2752D+01
   -.1955D+02   0.4155D+02   0.0000D+00
   -.2078D+02   0.4078D+02   0.1407D+01
   -.2026D+02   0.3976D+02   0.3976D+01
   -.1860D+02   0.3952D+02   0.5027D+01
   -.1756D+02   0.3732D+02   0.6434D+01
   -.1809D+02   0.3551D+02   0.6728D+01
   -.1682D+02   0.3302D+02   0.6434D+01
   -.1523D+02   0.3236D+02   0.5859D+01
   -.1434D+02   0.3047D+02   0.3976D+01
   -.1497D+02   0.2938D+02   0.2752D+01
   -.1470D+02   0.2886D+02   0.8285D-15
   -.1385D+02   0.2944D+02   -.1407D+01
   -.1434D+02   0.3047D+02   -.3976D+01
   -.1572D+02   0.3085D+02   -.5027D+01
   -.1682D+02   0.3302D+02   -.6434D+01
   -.1637D+02   0.3478D+02   -.6728D+01
   -.1756D+02   0.3732D+02   -.6434D+01
   -.1931D+02   0.3790D+02   -.5859D+01
   -.2026D+02   0.3976D+02   -.3976D+01
   -.1930D+02   0.4102D+02   -.2752D+01
   -.2212D+02   0.4024D+02   0.0000D+00
   -.2330D+02   0.3939D+02   0.1407D+01
   -.2271D+02   0.3841D+02   0.3976D+01
   -.2104D+02   0.3827D+02   0.5027D+01
   -.1987D+02   0.3614D+02   0.6434D+01
   -.2029D+02   0.3431D+02   0.6728D+01
   -.1886D+02   0.3190D+02   0.6434D+01
   -.1723D+02   0.3134D+02   0.5859D+01
   -.1622D+02   0.2951D+02   0.3976D+01
   -.1678D+02   0.2838D+02   0.2752D+01
   -.1649D+02   0.2788D+02   0.8285D-15
   -.1567D+02   0.2851D+02   -.1407D+01
   -.1622D+02   0.2951D+02   -.3976D+01
   -.1762D+02   0.2980D+02   -.5027D+01
   -.1886D+02   0.3190D+02   -.6434D+01
   -.1852D+02   0.3369D+02   -.6728D+01
   -.1987D+02   0.3614D+02   -.6434D+01
   -.2165D+02   0.3661D+02   -.5859D+01
   -.2271D+02   0.3841D+02   -.3976D+01
   -.2184D+02   0.3972D+02   -.2752D+01
   -.2460D+02   0.3877D+02   0.0000D+00
   -.2572D+02   0.3785D+02   0.1407D+01
   -.2508D+02   0.3691D+02   0.3976D+01
   -.2340D+02   0.3688D+02   0.5027D+01
   -.2210D+02   0.3482D+02   0.6434D+01
   -.2240D+02   0.3297D+02   0.6728D+01
   -.2083D+02   0.3065D+02   0.6434D+01
   -.1917D+02   0.3020D+02   0.5859D+01
   -.1805D+02   0.2843D+02   0.3976D+01
   -.1853D+02   0.2727D+02   0.2752D+01
   -.1820D+02   0.2679D+02   0.8285D-15
   -.1743D+02   0.2747D+02   -.1407D+01
   -.1805D+02   0.2843D+02   -.3976D+01
   -.1946D+02   0.2864D+02   -.5027D+01
   -.2083D+02   0.3065D+02   -.6434D+01
   -.2060D+02   0.3246D+02   -.6728D+01
   -.2210D+02   0.3482D+02   -.6434D+01
   -.2391D+02   0.3518D+02   -.5859D+01
   -.2508D+02   0.3691D+02   -.3976D+01
   -.2429D+02   0.3827D+02   -.2752D+01
   -.2699D+02   0.3715D+02   0.0000D+00
   -.2805D+02   0.3616D+02   0.1407D+01
   -.2735D+02   0.3526D+02   0.3976D+01
   -.2567D+02   0.3534D+02   0.5027D+01
   -.2424D+02   0.3336D+02   0.6434D+01
   -.2443D+02   0.3149D+02   0.6728D+01
   -.2271D+02   0.2928D+02   0.6434D+01
   -.2102D+02   0.2894D+02   0.5859D+01
   -.1979D+02   0.2725D+02   0.3976D+01
   -.2021D+02   0.2605D+02   0.2752D+01
   -.1985D+02   0.2559D+02   0.8285D-15
   -.1912D+02   0.2632D+02   -.1407D+01
   -.1979D+02   0.2725D+02   -.3976D+01
   -.2122D+02   0.2736D+02   -.5027D+01
   -.2271D+02   0.2928D+02   -.6434D+01
   -.2260D+02   0.3110D+02   -.6728D+01
   -.2424D+02   0.3336D+02   -.6434D+01
   -.2607D+02   0.3361D+02   -.5859D+01
   -.2735D+02   0.3526D+02   -.3976D+01
   -.2664D+02   0.3667D+02   -.2752D+01
   -.2927D+02   0.3538D+02   0.0000D+00
   -.3027D+02   0.3433D+02   0.1407D+01
   -.2951D+02   0.3347D+02   0.3976D+01
   -.2784D+02   0.3365D+02   0.5027D+01
   -.2629D+02   0.3178D+02   0.6434D+01
   -.2636D+02   0.2990D+02   0.6728D+01
   -.2451D+02   0.2780D+02   0.6434D+01
   -.2280D+02   0.2756D+02   0.5859D+01
   -.2147D+02   0.2595D+02   0.3976D+01
   -.2180D+02   0.2473D+02   0.2752D+01
   -.2142D+02   0.2429D+02   0.8285D-15
   -.2074D+02   0.2507D+02   -.1407D+01
   -.2147D+02   0.2595D+02   -.3976D+01
   -.2290D+02   0.2597D+02   -.5027D+01
   -.2451D+02   0.2780D+02   -.6434D+01
   -.2450D+02   0.2962D+02   -.6728D+01
   -.2629D+02   0.3178D+02   -.6434D+01
   -.2813D+02   0.3190D+02   -.5859D+01
   -.2951D+02   0.3347D+02   -.3976D+01
   -.2889D+02   0.3493D+02   -.2752D+01
   -.3143D+02   0.3347D+02   0.0000D+00
   -.3236D+02   0.3236D+02   0.1407D+01
   -.3155D+02   0.3155D+02   0.3976D+01
   -.2990D+02   0.3184D+02   0.5027D+01
   -.2823D+02   0.3006D+02   0.6434D+01
   -.2818D+02   0.2818D+02   0.6728D+01
   -.2621D+02   0.2621D+02   0.6434D+01
   -.2448D+02   0.2607D+02   0.5859D+01
   -.2305D+02   0.2455D+02   0.3976D+01
   -.2331D+02   0.2331D+02   0.2752D+01
   -.2290D+02   0.2290D+02   0.8285D-15
   -.2227D+02   0.2372D+02   -.1407D+01
   -.2305D+02   0.2455D+02   -.3976D+01
   -.2448D+02   0.2448D+02   -.5027D+01
   -.2621D+02   0.2621D+02   -.6434D+01
   -.2632D+02   0.2802D+02   -.6728D+01
   -.2823D+02   0.3006D+02   -.6434D+01
   -.3008D+02   0.3008D+02   -.5859D+01
   -.3155D+02   0.3155D+02   -.3976D+01
   -.3103D+02   0.3304D+02   -.2752D+01
   -.3347D+02   0.3143D+02   0.0000D+00
   -.3433D+02   0.3027D+02   0.1407D+01
   -.3347D+02   0.2951D+02   0.3976D+01
   -.3184D+02   0.2990D+02   0.5027D+01
   -.3006D+02   0.2823D+02   0.6434D+01
   -.2990D+02   0.2636D+02   0.6728D+01
   -.2780D+02   0.2451D+02   0.6434D+01
   -.2607D+02   0.2448D+02   0.5859D+01
   -.2455D+02   0.2305D+02   0.3976D+01
   -.2473D+02   0.2180D+02   0.2752D+01
   -.2429D+02   0.2142D+02   0.8285D-15
   -.2372D+02   0.2227D+02   -.1407D+01
   -.2455D+02   0.2305D+02   -.3976D+01
   -.2597D+02   0.2290D+02   -.5027D+01
   -.2780D+02   0.2451D+02   -.6434D+01
   -.2802D+02   0.2632D+02   -.6728D+01
   -.3006D+02   0.2823D+02   -.6434D+01
   -.3190D+02   0.2813D+02   -.5859D+01
   -.3347D+02   0.2951D+02   -.3976D+01
   -.3304D+02   0.3103D+02   -.2752D+01
   -.3538D+02   0.2927D+02   0.0000D+00
   -.3616D+02   0.2805D+02   0.1407D+01
   -.3526D+02   0.2735D+02   0.3976D+01
   -.3365D+02   0.2784D+02   0.5027D+01
   -.3178D+02   0.2629D+02   0.6434D+01
   -.3149D+02   0.2443D+02   0.6728D+01
   -.2928D+02   0.2271D+02   0.6434D+01
   -.2756D+02   0.2280D+02   0.5859D+01
   -.2595D+02   0.2147D+02   0.3976D+01
   -.2605D+02   0.2021D+02   0.2752D+01
   -.2559D+02   0.1985D+02   0.8285D-15
   -.2507D+02   0.2074D+02   -.1407D+01
   -.2595D+02   0.2147D+02   -.3976D+01
   -.2736D+02   0.2122D+02   -.5027D+01
   -.2928D+02   0.2271D+02   -.6434D+01
   -.2962D+02   0.2450D+02   -.6728D+01
   -.3178D+02   0.2629D+02   -.6434D+01
   -.3361D+02   0.2607D+02   -.5859D+01
   -.3526D+02   0.2735D+02   -.3976D+01
   -.3493D+02   0.2889D+02   -.2752D+01
   -.3715D+02   0.2699D+02   0.0000D+00
   -.3785D+02   0.2572D+02   0.1407D+01
   -.3691D+02   0.2508D+02   0.3976D+01
   -.3534D+02   0.2567D+02   0.5027D+01
   -.3336D+02   0.2424D+02   0.6434D+01
   -.3297D+02   0.2240D+02   0.6728D+01
   -.3065D+02   0.2083D+02   0.6434D+01
   -.2894D+02   0.2102D+02   0.5859D+01
   -.2725D+02   0.1979D+02   0.3976D+01
   -.2727D+02   0.1853D+02   0.2752D+01
   -.2679D+02   0.1820D+02   0.8285D-15
   -.2632D+02   0.1912D+02   -.1407D+01
   -.2725D+02   0.1979D+02   -.3976D+01
   -.2864D+02   0.1946D+02   -.5027D+01
   -.3065D+02   0.2083D+02   -.6434D+01
   -.3110D+02   0.2260D+02   -.6728D+01
   -.3336D+02   0.2424D+02   -.6434D+01
   -.3518D+02   0.2391D+02   -.5859D+01
   -.3691D+02   0.2508D+02   -.3976D+01
   -.3667D+02   0.2664D+02   -.2752D+01
   -.3877D+02   0.2460D+02   0.0000D+00
   -.3939D+02   0.2330D+02   0.1407D+01
   -.3841D+02   0.2271D+02   0.3976D+01
   -.3688D+02   0.2340D+02   0.5027D+01
   -.3482D+02   0.2210D+02   0.6434D+01
   -.3431D+02   0.2029D+02   0.6728D+01
   -.3190D+02   0.1886D+02   0.6434D+01
   -.3020D+02   0.1917D+02   0.5859D+01
   -.2843D+02   0.1805D+02   0.3976D+01
   -.2838D+02   0.1678D+02   0.2752D+01
   -.2788D+02   0.1649D+02   0.8285D-15
   -.2747D+02   0.1743D+02   -.1407D+01
   -.2843D+02   0.1805D+02   -.3976D+01
   -.2980D+02   0.1762D+02   -.5027D+01
   -.3190D+02   0.1886D+02   -.6434D+01
   -.3246D+02   0.2060D+02   -.6728D+01
   -.3482D+02   0.2210D+02   -.6434D+01
   -.3661D+02   0.2165D+02   -.5859D+01
   -.3841D+02   0.2271D+02   -.3976D+01
   -.3827D+02   0.2429D+02   -.2752D+01
   -.4024D+02   0.2212D+02   0.0000D+00
   -.4078D+02   0.2078D+02   0.1407D+01
   -.3976D+02   0.2026D+02   0.3976D+01
   -.3827D+02   0.2104D+02   0.5027D+01
   -.3614D+02   0.1987D+02   0.6434D+01
   -.3551D+02   0.1809D+02   0.6728D+01
   -.3302D+02   0.1682D+02   0.6434D+01
   -.3134D+02   0.1723D+02   0.5859D+01
   -.2951D+02   0.1622D+02   0.3976D+01
   -.2938D+02   0.1497D+02   0.2752D+01
   -.2886D+02   0.1470D+02   0.8285D-15
   -.2851D+02   0.1567D+02   -.1407D+01
   -.2951D+02   0.1622D+02   -.3976D+01
   -.3085D+02   0.1572D+02   -.5027D+01
   -.3302D+02   0.1682D+02   -.6434D+01
   -.3369D+02   0.1852D+02   -.6728D+01
   -.3614D+02   0.1987D+02   -.6434D+01
   -.3790D+02   0.1931D+02   -.5859D+01
   -.3976D+02   0.2026D+02   -.3976D+01
   -.3972D+02   0.2184D+02   -.2752D+01
   -.4155D+02   0.1955D+02   0.0000D+00
   -.4200D+02   0.1818D+02   0.1407D+01
   -.4095D+02   0.1772D+02   0.3976D+01
   -.3952D+02   0.1860D+02   0.5027D+01
   -.3732D+02   0.1756D+02   0.6434D+01
   -.3658D+02   0.1583D+02   0.6728D+01
   -.3401D+02   0.1472D+02   0.6434D+01
   -.3236D+02   0.1523D+02   0.5859D+01
   -.3047D+02   0.1434D+02   0.3976D+01
   -.3026D+02   0.1309D+02   0.2752D+01
   -.2972D+02   0.1286D+02   0.8285D-15
   -.2944D+02   0.1385D+02   -.1407D+01
   -.3047D+02   0.1434D+02   -.3976D+01
   -.3178D+02   0.1375D+02   -.5027D+01
   -.3401D+02   0.1472D+02   -.6434D+01
   -.3478D+02   0.1637D+02   -.6728D+01
   -.3732D+02   0.1756D+02   -.6434D+01
   -.3903D+02   0.1689D+02   -.5859D+01
   -.4095D+02   0.1772D+02   -.3976D+01
   -.4102D+02   0.1930D+02   -.2752D+01
   -.4269D+02   0.1690D+02   0.0000D+00
   -.4306D+02   0.1550D+02   0.1407D+01
   -.4198D+02   0.1512D+02   0.3976D+01
   -.4061D+02   0.1608D+02   0.5027D+01
   -.3834D+02   0.1518D+02   0.6434D+01
   -.3750D+02   0.1350D+02   0.6728D+01
   -.3487D+02   0.1255D+02   0.6434D+01
   -.3326D+02   0.1317D+02   0.5859D+01
   -.3131D+02   0.1240D+02   0.3976D+01
   -.3102D+02   0.1117D+02   0.2752D+01
   -.3047D+02   0.1097D+02   0.8285D-15
   -.3025D+02   0.1198D+02   -.1407D+01
   -.3131D+02   0.1240D+02   -.3976D+01
   -.3258D+02   0.1173D+02   -.5027D+01
   -.3487D+02   0.1255D+02   -.6434D+01
   -.3574D+02   0.1415D+02   -.6728D+01
   -.3834D+02   0.1518D+02   -.6434D+01
   -.4002D+02   0.1441D+02   -.5859D+01
   -.4198D+02   0.1512D+02   -.3976D+01
   -.4215D+02   0.1669D+02   -.2752D+01
   -.4367D+02   0.1419D+02   0.0000D+00
   -.4395D+02   0.1277D+02   0.1407D+01
   -.4285D+02   0.1245D+02   0.3976D+01
   -.4154D+02   0.1350D+02   0.5027D+01
   -.3922D+02   0.1274D+02   0.6434D+01
   -.3827D+02   0.1112D+02   0.6728D+01
   -.3559D+02   0.1034D+02   0.6434D+01
   -.3402D+02   0.1105D+02   0.5859D+01
   -.3203D+02   0.1041D+02   0.3976D+01
   -.3166D+02   0.9198D+01   0.2752D+01
   -.3110D+02   0.9035D+01   0.8285D-15
   -.3094D+02   0.1005D+02   -.1407D+01
   -.3203D+02   0.1041D+02   -.3976D+01
   -.3325D+02   0.9660D+01   -.5027D+01
   -.3559D+02   0.1034D+02   -.6434D+01
   -.3656D+02   0.1188D+02   -.6728D+01
   -.3922D+02   0.1274D+02   -.6434D+01
   -.4084D+02   0.1187D+02   -.5859D+01
   -.4285D+02   0.1245D+02   -.3976D+01
   -.4311D+02   0.1401D+02   -.2752D+01
   -.4447D+02   0.1142D+02   0.0000D+00
   -.4466D+02   0.9984D+01   0.1407D+01
   -.4355D+02   0.9734D+01   0.3976D+01
   -.4230D+02   0.1086D+02   0.5027D+01
   -.3994D+02   0.1026D+02   0.6434D+01
   -.3890D+02   0.8695D+01   0.6728D+01
   -.3617D+02   0.8084D+01   0.6434D+01
   -.3464D+02   0.8895D+01   0.5859D+01
   -.3262D+02   0.8375D+01   0.3976D+01
   -.3218D+02   0.7192D+01   0.2752D+01
   -.3161D+02   0.7065D+01   0.8285D-15
   -.3151D+02   0.8091D+01   -.1407D+01
   -.3262D+02   0.8375D+01   -.3976D+01
   -.3379D+02   0.7553D+01   -.5027D+01
   -.3617D+02   0.8084D+01   -.6434D+01
   -.3724D+02   0.9560D+01   -.6728D+01
   -.3994D+02   0.1026D+02   -.6434D+01
   -.4151D+02   0.9278D+01   -.5859D+01
   -.4355D+02   0.9734D+01   -.3976D+01
   -.4391D+02   0.1127D+02   -.2752D+01
   -.4510D+02   0.8604D+01   0.0000D+00
   -.4520D+02   0.7160D+01   0.1407D+01
   -.4407D+02   0.6981D+01   0.3976D+01
   -.4290D+02   0.8184D+01   0.5027D+01
   -.4051D+02   0.7728D+01   0.6434D+01
   -.3937D+02   0.6235D+01   0.6728D+01
   -.3660D+02   0.5797D+01   0.6434D+01
   -.3513D+02   0.6702D+01   0.5859D+01
   -.3308D+02   0.6310D+01   0.3976D+01
   -.3256D+02   0.5158D+01   0.2752D+01
   -.3199D+02   0.5066D+01   0.8285D-15
   -.3196D+02   0.6096D+01   -.1407D+01
   -.3308D+02   0.6310D+01   -.3976D+01
   -.3420D+02   0.5416D+01   -.5027D+01
   -.3660D+02   0.5797D+01   -.6434D+01
   -.3776D+02   0.7203D+01   -.6728D+01
   -.4051D+02   0.7728D+01   -.6434D+01
   -.4201D+02   0.6654D+01   -.5859D+01
   -.4407D+02   0.6981D+01   -.3976D+01
   -.4453D+02   0.8494D+01   -.2752D+01
   -.4555D+02   0.5755D+01   0.0000D+00
   -.4556D+02   0.4307D+01   0.1407D+01
   -.4442D+02   0.4199D+01   0.3976D+01
   -.4333D+02   0.5474D+01   0.5027D+01
   -.4092D+02   0.5169D+01   0.6434D+01
   -.3968D+02   0.3751D+01   0.6728D+01
   -.3690D+02   0.3488D+01   0.6434D+01
   -.3549D+02   0.4483D+01   0.5859D+01
   -.3341D+02   0.4221D+01   0.3976D+01
   -.3282D+02   0.3103D+01   0.2752D+01
   -.3224D+02   0.3048D+01   0.8285D-15
   -.3228D+02   0.4077D+01   -.1407D+01
   -.3341D+02   0.4221D+01   -.3976D+01
   -.3447D+02   0.3258D+01   -.5027D+01
   -.3690D+02   0.3488D+01   -.6434D+01
   -.3814D+02   0.4818D+01   -.6728D+01
   -.4092D+02   0.5169D+01   -.6434D+01
   -.4234D+02   0.4003D+01   -.5859D+01
   -.4442D+02   0.4199D+01   -.3976D+01
   -.4497D+02   0.5681D+01   -.2752D+01
   -.4582D+02   0.2883D+01   0.0000D+00
   -.4574D+02   0.1438D+01   0.1407D+01
   -.4460D+02   0.1402D+01   0.3976D+01
   -.4359D+02   0.2742D+01   0.5027D+01
   -.4116D+02   0.2590D+01   0.6434D+01
   -.3984D+02   0.1252D+01   0.6728D+01
   -.3704D+02   0.1164D+01   0.6434D+01
   -.3570D+02   0.2246D+01   0.5859D+01
   -.3361D+02   0.2115D+01   0.3976D+01
   -.3295D+02   0.1036D+01   0.2752D+01
   -.3237D+02   0.1017D+01   0.8285D-15
   -.3247D+02   0.2043D+01   -.1407D+01
   -.3361D+02   0.2115D+01   -.3976D+01
   -.3461D+02   0.1088D+01   -.5027D+01
   -.3704D+02   0.1164D+01   -.6434D+01
   -.3837D+02   0.2414D+01   -.6728D+01
   -.4116D+02   0.2590D+01   -.6434D+01
   -.4251D+02   0.1336D+01   -.5859D+01
   -.4460D+02   0.1402D+01   -.3976D+01
   -.4524D+02   0.2846D+01   -.2752D+01
   -.4591D+02   -.1477D-13   0.0000D+00
   -.4574D+02   -.1438D+01   0.1407D+01
   -.4460D+02   -.1402D+01   0.3976D+01
   -.4368D+02   -.1405D-13   0.5027D+01
   -.4124D+02   -.1326D-13   0.6434D+01
   -.3984D+02   -.1252D+01   0.6728D+01
   -.3704D+02   -.1164D+01   0.6434D+01
   -.3577D+02   -.1150D-13   0.5859D+01
   -.3368D+02   -.1083D-13   0.3976D+01
   -.3295D+02   -.1036D+01   0.2752D+01
   -.3237D+02   -.1017D+01   0.8285D-15
   -.3253D+02   -.1046D-13   -.1407D+01
   -.3368D+02   -.1083D-13   -.3976D+01
   -.3461D+02   -.1088D+01   -.5027D+01
   -.3704D+02   -.1164D+01   -.6434D+01
   -.3844D+02   -.1236D-13   -.6728D+01
   -.4124D+02   -.1326D-13   -.6434D+01
   -.4251D+02   -.1336D+01   -.5859D+01
   -.4460D+02   -.1402D+01   -.3976D+01
   -.4533D+02   -.1458D-13   -.2752D+01
   -.4582D+02   -.2883D+01   0.0000D+00
   -.4556D+02   -.4307D+01   0.1407D+01
   -.4442D+02   -.4199D+01   0.3976D+01
   -.4359D+02   -.2742D+01   0.5027D+01
   -.4116D+02   -.2590D+01   0.6434D+01
   -.3968D+02   -.3751D+01   0.6728D+01
   -.3690D+02   -.3488D+01   0.6434D+01
   -.3570D+02   -.2246D+01   0.5859D+01
   -.3361D+02   -.2115D+01   0.3976D+01
   -.3282D+02   -.3103D+01   0.2752D+01
   -.3224D+02   -.3048D+01   0.8285D-15
   -.3247D+02   -.2043D+01   -.1407D+01
   -.3361D+02   -.2115D+01   -.3976D+01
   -.3447D+02   -.3258D+01   -.5027D+01
   -.3690D+02   -.3488D+01   -.6434D+01
   -.3837D+02   -.2414D+01   -.6728D+01
   -.4116D+02   -.2590D+01   -.6434D+01
   -.4234D+02   -.4003D+01   -.5859D+01
   -.4442D+02   -.4199D+01   -.3976D+01
   -.4524D+02   -.2846D+01   -.2752D+01
   -.4555D+02   -.5755D+01   0.0000D+00
   -.4520D+02   -.7160D+01   0.1407D+01
   -.4407D+02   -.6981D+01   0.3976D+01
   -.4333D+02   -.5474D+01   0.5027D+01
   -.4092D+02   -.5169D+01   0.6434D+01
   -.3937D+02   -.6235D+01   0.6728D+01
   -.3660D+02   -.5797D+01   0.6434D+01
   -.3549D+02   -.4483D+01   0.5859D+01
   -.3341D+02   -.4221D+01   0.3976D+01
   -.3256D+02   -.5158D+01   0.2752D+01
   -.3199D+02   -.5066D+01   0.8285D-15
   -.3228D+02   -.4077D+01   -.1407D+01
   -.3341D+02   -.4221D+01   -.3976D+01
   -.3420D+02   -.5416D+01   -.5027D+01
   -.3660D+02   -.5797D+01   -.6434D+01
   -.3814D+02   -.4818D+01   -.6728D+01
   -.4092D+02   -.5169D+01   -.6434D+01
   -.4201D+02   -.6654D+01   -.5859D+01
   -.4407D+02   -.6981D+01   -.3976D+01
   -.4497D+02   -.5681D+01   -.2752D+01
   -.4510D+02   -.8604D+01   0.0000D+00
   -.4466D+02   -.9984D+01   0.1407D+01
   -.4355D+02   -.9734D+01   0.3976D+01
   -.4290D+02   -.8184D+01   0.5027D+01
   -.4051D+02   -.7728D+01   0.6434D+01
   -.3890D+02   -.8695D+01   0.6728D+01
   -.3617D+02   -.8084D+01   0.6434D+01
   -.3513D+02   -.6702D+01   0.5859D+01
   -.3308D+02   -.6310D+01   0.3976D+01
   -.3218D+02   -.7192D+01   0.2752D+01
   -.3161D+02   -.7065D+01   0.8285D-15
   -.3196D+02   -.6096D+01   -.1407D+01
   -.3308D+02   -.6310D+01   -.3976D+01
   -.3379D+02   -.7553D+01   -.5027D+01
   -.3617D+02   -.8084D+01   -.6434D+01
   -.3776D+02   -.7203D+01   -.6728D+01
   -.4051D+02   -.7728D+01   -.6434D+01
   -.4151D+02   -.9278D+01   -.5859D+01
   -.4355D+02   -.9734D+01   -.3976D+01
   -.4453D+02   -.8494D+01   -.2752D+01
   -.4447D+02   -.1142D+02   0.0000D+00
   -.4395D+02   -.1277D+02   0.1407D+01
   -.4285D+02   -.1245D+02   0.3976D+01
   -.4230D+02   -.1086D+02   0.5027D+01
   -.3994D+02   -.1026D+02   0.6434D+01
   -.3827D+02   -.1112D+02   0.6728D+01
   -.3559D+02   -.1034D+02   0.6434D+01
   -.3464D+02   -.8895D+01   0.5859D+01
   -.3262D+02   -.8375D+01   0.3976D+01
   -.3166D+02   -.9198D+01   0.2752D+01
   -.3110D+02   -.9035D+01   0.8285D-15
   -.3151D+02   -.8091D+01   -.1407D+01
   -.3262D+02   -.8375D+01   -.3976D+01
   -.3325D+02   -.9660D+01   -.5027D+01
   -.3559D+02   -.1034D+02   -.6434D+01
   -.3724D+02   -.9560D+01   -.6728D+01
   -.3994D+02   -.1026D+02   -.6434D+01
   -.4084D+02   -.1187D+02   -.5859D+01
   -.4285D+02   -.1245D+02   -.3976D+01
   -.4391D+02   -.1127D+02   -.2752D+01
   -.4367D+02   -.1419D+02   0.0000D+00
   -.4306D+02   -.1550D+02   0.1407D+01
   -.4198D+02   -.1512D+02   0.3976D+01
   -.4154D+02   -.1350D+02   0.5027D+01
   -.3922D+02   -.1274D+02   0.6434D+01
   -.3750D+02   -.1350D+02   0.6728D+01
   -.3487D+02   -.1255D+02   0.6434D+01
   -.3402D+02   -.1105D+02   0.5859D+01
   -.3203D+02   -.1041D+02   0.3976D+01
   -.3102D+02   -.1117D+02   0.2752D+01
   -.3047D+02   -.1097D+02   0.8285D-15
   -.3094D+02   -.1005D+02   -.1407D+01
   -.3203D+02   -.1041D+02   -.3976D+01
   -.3258D+02   -.1173D+02   -.5027D+01
   -.3487D+02   -.1255D+02   -.6434D+01
   -.3656D+02   -.1188D+02   -.6728D+01
   -.3922D+02   -.1274D+02   -.6434D+01
   -.4002D+02   -.1441D+02   -.5859D+01
   -.4198D+02   -.1512D+02   -.3976D+01
   -.4311D+02   -.1401D+02   -.2752D+01
   -.4269D+02   -.1690D+02   0.0000D+00
   -.4200D+02   -.1818D+02   0.1407D+01
   -.4095D+02   -.1772D+02   0.3976D+01
   -.4061D+02   -.1608D+02   0.5027D+01
   -.3834D+02   -.1518D+02   0.6434D+01
   -.3658D+02   -.1583D+02   0.6728D+01
   -.3401D+02   -.1472D+02   0.6434D+01
   -.3326D+02   -.1317D+02   0.5859D+01
   -.3131D+02   -.1240D+02   0.3976D+01
   -.3026D+02   -.1309D+02   0.2752D+01
   -.2972D+02   -.1286D+02   0.8285D-15
   -.3025D+02   -.1198D+02   -.1407D+01
   -.3131D+02   -.1240D+02   -.3976D+01
   -.3178D+02   -.1375D+02   -.5027D+01
   -.3401D+02   -.1472D+02   -.6434D+01
   -.3574D+02   -.1415D+02   -.6728D+01
   -.3834D+02   -.1518D+02   -.6434D+01
   -.3903D+02   -.1689D+02   -.5859D+01
   -.4095D+02   -.1772D+02   -.3976D+01
   -.4215D+02   -.1669D+02   -.2752D+01
   -.4155D+02   -.1955D+02   0.0000D+00
   -.4078D+02   -.2078D+02   0.1407D+01
   -.3976D+02   -.2026D+02   0.3976D+01
   -.3952D+02   -.1860D+02   0.5027D+01
   -.3732D+02   -.1756D+02   0.6434D+01
   -.3551D+02   -.1809D+02   0.6728D+01
   -.3302D+02   -.1682D+02   0.6434D+01
   -.3236D+02   -.1523D+02   0.5859D+01
   -.3047D+02   -.1434D+02   0.3976D+01
   -.2938D+02   -.1497D+02   0.2752D+01
   -.2886D+02   -.1470D+02   0.8285D-15
   -.2944D+02   -.1385D+02   -.1407D+01
   -.3047D+02   -.1434D+02   -.3976D+01
   -.3085D+02   -.1572D+02   -.5027D+01
   -.3302D+02   -.1682D+02   -.6434D+01
   -.3478D+02   -.1637D+02   -.6728D+01
   -.3732D+02   -.1756D+02   -.6434D+01
   -.3790D+02   -.1931D+02   -.5859D+01
   -.3976D+02   -.2026D+02   -.3976D+01
   -.4102D+02   -.1930D+02   -.2752D+01
   -.4024D+02   -.2212D+02   0.0000D+00
   -.3939D+02   -.2330D+02   0.1407D+01
   -.3841D+02   -.2271D+02   0.3976D+01
   -.3827D+02   -.2104D+02   0.5027D+01
   -.3614D+02   -.1987D+02   0.6434D+01
   -.3431D+02   -.2029D+02   0.6728D+01
   -.3190D+02   -.1886D+02   0.6434D+01
   -.3134D+02   -.1723D+02   0.5859D+01
   -.2951D+02   -.1622D+02   0.3976D+01
   -.2838D+02   -.1678D+02   0.2752D+01
   -.2788D+02   -.1649D+02   0.8285D-15
   -.2851D+02   -.1567D+02   -.1407D+01
   -.2951D+02   -.1622D+02   -.3976D+01
   -.2980D+02   -.1762D+02   -.5027D+01
   -.3190D+02   -.1886D+02   -.6434D+01
   -.3369D+02   -.1852D+02   -.6728D+01
   -.3614D+02   -.1987D+02   -.6434D+01
   -.3661D+02   -.2165D+02   -.5859D+01
   -.3841D+02   -.2271D+02   -.3976D+01
   -.3972D+02   -.2184D+02   -.2752D+01
   -.3877D+02   -.2460D+02   0.0000D+00
   -.3785D+02   -.2572D+02   0.1407D+01
   -.3691D+02   -.2508D+02   0.3976D+01
   -.3688D+02   -.2340D+02   0.5027D+01
   -.3482D+02   -.2210D+02   0.6434D+01
   -.3297D+02   -.2240D+02   0.6728D+01
   -.3065D+02   -.2083D+02   0.6434D+01
   -.3020D+02   -.1917D+02   0.5859D+01
   -.2843D+02   -.1805D+02   0.3976D+01
   -.2727D+02   -.1853D+02   0.2752D+01
   -.2679D+02   -.1820D+02   0.8285D-15
   -.2747D+02   -.1743D+02   -.1407D+01
   -.2843D+02   -.1805D+02   -.3976D+01
   -.2864D+02   -.1946D+02   -.5027D+01
   -.3065D+02   -.2083D+02   -.6434D+01
   -.3246D+02   -.2060D+02   -.6728D+01
   -.3482D+02   -.2210D+02   -.6434D+01
   -.3518D+02   -.2391D+02   -.5859D+01
   -.3691D+02   -.2508D+02   -.3976D+01
   -.3827D+02   -.2429D+02   -.2752D+01
   -.3715D+02   -.2699D+02   0.0000D+00
   -.3616D+02   -.2805D+02   0.1407D+01
   -.3526D+02   -.2735D+02   0.3976D+01
   -.3534D+02   -.2567D+02   0.5027D+01
   -.3336D+02   -.2424D+02   0.6434D+01
   -.3149D+02   -.2443D+02   0.6728D+01
   -.2928D+02   -.2271D+02   0.6434D+01
   -.2894D+02   -.2102D+02   0.5859D+01
   -.2725D+02   -.1979D+02   0.3976D+01
   -.2605D+02   -.2021D+02   0.2752D+01
   -.2559D+02   -.1985D+02   0.8285D-15
   -.2632D+02   -.1912D+02   -.1407D+01
   -.2725D+02   -.1979D+02   -.3976D+01
   -.2736D+02   -.2122D+02   -.5027D+01
   -.2928D+02   -.2271D+02   -.6434D+01
   -.3110D+02   -.2260D+02   -.6728D+01
   -.3336D+02   -.2424D+02   -.6434D+01
   -.3361D+02   -.2607D+02   -.5859D+01
   -.3526D+02   -.2735D+02   -.3976D+01
   -.3667D+02   -.2664D+02   -.2752D+01
   -.3538D+02   -.2927D+02   0.0000D+00
   -.3433D+02   -.3027D+02   0.1407D+01
   -.3347D+02   -.2951D+02   0.3976D+01
   -.3365D+02   -.2784D+02   0.5027D+01
   -.3178D+02   -.2629D+02   0.6434D+01
   -.2990D+02   -.2636D+02   0.6728D+01
   -.2780D+02   -.2451D+02   0.6434D+01
   -.2756D+02   -.2280D+02   0.5859D+01
   -.2595D+02   -.2147D+02   0.3976D+01
   -.2473D+02   -.2180D+02   0.2752D+01
   -.2429D+02   -.2142D+02   0.8285D-15
   -.2507D+02   -.2074D+02   -.1407D+01
   -.2595D+02   -.2147D+02   -.3976D+01
   -.2597D+02   -.2290D+02   -.5027D+01
   -.2780D+02   -.2451D+02   -.6434D+01
   -.2962D+02   -.2450D+02   -.6728D+01
   -.3178D+02   -.2629D+02   -.6434D+01
   -.3190D+02   -.2813D+02   -.5859D+01
   -.3347D+02   -.2951D+02   -.3976D+01
   -.3493D+02   -.2889D+02   -.2752D+01
   -.3347D+02   -.3143D+02   0.0000D+00
   -.3236D+02   -.3236D+02   0.1407D+01
   -.3155D+02   -.3155D+02   0.3976D+01
   -.3184D+02   -.2990D+02   0.5027D+01
   -.3006D+02   -.2823D+02   0.6434D+01
   -.2818D+02   -.2818D+02   0.6728D+01
   -.2621D+02   -.2621D+02   0.6434D+01
   -.2607D+02   -.2448D+02   0.5859D+01
   -.2455D+02   -.2305D+02   0.3976D+01
   -.2331D+02   -.2331D+02   0.2752D+01
   -.2290D+02   -.2290D+02   0.8285D-15
   -.2372D+02   -.2227D+02   -.1407D+01
   -.2455D+02   -.2305D+02   -.3976D+01
   -.2448D+02   -.2448D+02   -.5027D+01
   -.2621D+02   -.2621D+02   -.6434D+01
   -.2802D+02   -.2632D+02   -.6728D+01
   -.3006D+02   -.2823D+02   -.6434D+01
   -.3008D+02   -.3008D+02   -.5859D+01
   -.3155D+02   -.3155D+02   -.3976D+01
   -.3304D+02   -.3103D+02   -.2752D+01
   -.3143D+02   -.3347D+02   0.0000D+00
   -.3027D+02   -.3433D+02   0.1407D+01
   -.2951D+02   -.3347D+02   0.3976D+01
   -.2990D+02   -.3184D+02   0.5027D+01
   -.2823D+02   -.3006D+02   0.6434D+01
   -.2636D+02   -.2990D+02   0.6728D+01
   -.2451D+02   -.2780D+02   0.6434D+01
   -.2448D+02   -.2607D+02   0.5859D+01
   -.2305D+02   -.2455D+02   0.3976D+01
   -.2180D+02   -.2473D+02   0.2752D+01
   -.2142D+02   -.2429D+02   0.8285D-15
   -.2227D+02   -.2372D+02   -.1407D+01
   -.2305D+02   -.2455D+02   -.3976D+01
   -.2290D+02   -.2597D+02   -.5027D+01
   -.2451D+02   -.2780D+02   -.6434D+01
   -.2632D+02   -.2802D+02   -.6728D+01
   -.2823D+02   -.3006D+02   -.6434D+01
   -.2813D+02   -.3190D+02   -.5859D+01
   -.2951D+02   -.3347D+02   -.3976D+01
   -.3103D+02   -.3304D+02   -.2752D+01
   -.2927D+02   -.3538D+02   0.0000D+00
   -.2805D+02   -.3616D+02   0.1407D+01
   -.2735D+02   -.3526D+02   0.3976D+01
   -.2784D+02   -.3365D+02   0.5027D+01
   -.2629D+02   -.3178D+02   0.6434D+01
   -.2443D+02   -.3149D+02   0.6728D+01
   -.2271D+02   -.2928D+02   0.6434D+01
   -.2280D+02   -.2756D+02   0.5859D+01
   -.2147D+02   -.2595D+02   0.3976D+01
   -.2021D+02   -.2605D+02   0.2752D+01
   -.1985D+02   -.2559D+02   0.8285D-15
   -.2074D+02   -.2507D+02   -.1407D+01
   -.2147D+02   -.2595D+02   -.3976D+01
   -.2122D+02   -.2736D+02   -.5027D+01
   -.2271D+02   -.2928D+02   -.6434D+01
   -.2450D+02   -.2962D+02   -.6728D+01
   -.2629D+02   -.3178D+02   -.6434D+01
   -.2607D+02   -.3361D+02   -.5859D+01
   -.2735D+02   -.3526D+02   -.3976D+01
   -.2889D+02   -.3493D+02   -.2752D+01
   -.2699D+02   -.3715D+02   0.0000D+00
   -.2572D+02   -.3785D+02   0.1407D+01
   -.2508D+02   -.3691D+02   0.3976D+01
   -.2567D+02   -.3534D+02   0.5027D+01
   -.2424D+02   -.3336D+02   0.6434D+01
   -.2240D+02   -.3297D+02   0.6728D+01
   -.2083D+02   -.3065D+02   0.6434D+01
   -.2102D+02   -.2894D+02   0.5859D+01
   -.1979D+02   -.2725D+02   0.3976D+01
   -.1853D+02   -.2727D+02   0.2752D+01
   -.1820D+02   -.2679D+02   0.8285D-15
   -.1912D+02   -.2632D+02   -.1407D+01
   -.1979D+02   -.2725D+02   -.3976D+01
   -.1946D+02   -.2864D+02   -.5027D+01
   -.2083D+02   -.3065D+02   -.6434D+01
   -.2260D+02   -.3110D+02   -.6728D+01
   -.2424D+02   -.3336D+02   -.6434D+01
   -.2391D+02   -.3518D+02   -.5859D+01
   -.2508D+02   -.3691D+02   -.3976D+01
   -.2664D+02   -.3667D+02   -.2752D+01
   -.2460D+02   -.3877D+02   0.0000D+00
   -.2330D+02   -.3939D+02   0.1407D+01
   -.2271D+02   -.3841D+02   0.3976D+01
   -.2340D+02   -.3688D+02   0.5027D+01
   -.2210D+02   -.3482D+02   0.6434D+01
   -.2029D+02   -.3431D+02   0.6728D+01
   -.1886D+02   -.3190D+02   0.6434D+01
   -.1917D+02   -.3020D+02   0.5859D+01
   -.1805D+02   -.2843D+02   0.3976D+01
   -.1678D+02   -.2838D+02   0.2752D+01
   -.1649D+02   -.2788D+02   0.8285D-15
   -.1743D+02   -.2747D+02   -.1407D+01
   -.1805D+02   -.2843D+02   -.3976D+01
   -.1762D+02   -.2980D+02   -.5027D+01
   -.1886D+02   -.3190D+02   -.6434D+01
   -.2060D+02   -.3246D+02   -.6728D+01
   -.2210D+02   -.3482D+02   -.6434D+01
   -.2165D+02   -.3661D+02   -.5859D+01
   -.2271D+02   -.3841D+02   -.3976D+01
   -.2429D+02   -.3827D+02   -.2752D+01
   -.2212D+02   -.4024D+02   0.0000D+00
   -.2078D+02   -.4078D+02   0.1407D+01
   -.2026D+02   -.3976D+02   0.3976D+01
   -.2104D+02   -.3827D+02   0.5027D+01
   -.1987D+02   -.3614D+02   0.6434D+01
   -.1809D+02   -.3551D+02   0.6728D+01
   -.1682D+02   -.3302D+02   0.6434D+01
   -.1723D+02   -.3134D+02   0.5859D+01
   -.1622D+02   -.2951D+02   0.3976D+01
   -.1497D+02   -.2938D+02   0.2752D+01
   -.1470D+02   -.2886D+02   0.8285D-15
   -.1567D+02   -.2851D+02   -.1407D+01
   -.1622D+02   -.2951D+02   -.3976D+01
   -.1572D+02   -.3085D+02   -.5027D+01
   -.1682D+02   -.3302D+02   -.6434D+01
   -.1852D+02   -.3369D+02   -.6728D+01
   -.1987D+02   -.3614D+02   -.6434D+01
   -.1931D+02   -.3790D+02   -.5859D+01
   -.2026D+02   -.3976D+02   -.3976D+01
   -.2184D+02   -.3972D+02   -.2752D+01
   -.1955D+02   -.4155D+02   0.0000D+00
   -.1818D+02   -.4200D+02   0.1407D+01
   -.1772D+02   -.4095D+02   0.3976D+01
   -.1860D+02   -.3952D+02   0.5027D+01
   -.1756D+02   -.3732D+02   0.6434D+01
   -.1583D+02   -.3658D+02   0.6728D+01
   -.1472D+02   -.3401D+02   0.6434D+01
   -.1523D+02   -.3236D+02   0.5859D+01
   -.1434D+02   -.3047D+02   0.3976D+01
   -.1309D+02   -.3026D+02   0.2752D+01
   -.1286D+02   -.2972D+02   0.8285D-15
   -.1385D+02   -.2944D+02   -.1407D+01
   -.1434D+02   -.3047D+02   -.3976D+01
   -.1375D+02   -.3178D+02   -.5027D+01
   -.1472D+02   -.3401D+02   -.6434D+01
   -.1637D+02   -.3478D+02   -.6728D+01
   -.1756D+02   -.3732D+02   -.6434D+01
   -.1689D+02   -.3903D+02   -.5859D+01
   -.1772D+02   -.4095D+02   -.3976D+01
   -.1930D+02   -.4102D+02   -.2752D+01
   -.1690D+02   -.4269D+02   0.0000D+00
   -.1550D+02   -.4306D+02   0.1407D+01
   -.1512D+02   -.4198D+02   0.3976D+01
   -.1608D+02   -.4061D+02   0.5027D+01
   -.1518D+02   -.3834D+02   0.6434D+01
   -.1350D+02   -.3750D+02   0.6728D+01
   -.1255D+02   -.3487D+02   0.6434D+01
   -.1317D+02   -.3326D+02   0.5859D+01
   -.1240D+02   -.3131D+02   0.3976D+01
   -.1117D+02   -.3102D+02   0.2752D+01
   -.1097D+02   -.3047D+02   0.8285D-15
   -.1198D+02   -.3025D+02   -.1407D+01
   -.1240D+02   -.3131D+02   -.3976D+01
   -.1173D+02   -.3258D+02   -.5027D+01
   -.1255D+02   -.3487D+02   -.6434D+01
   -.1415D+02   -.3574D+02   -.6728D+01
   -.1518D+02   -.3834D+02   -.6434D+01
   -.1441D+02   -.4002D+02   -.5859D+01
   -.1512D+02   -.4198D+02   -.3976D+01
   -.1669D+02   -.4215D+02   -.2752D+01
   -.1419D+02   -.4367D+02   0.0000D+00
   -.1277D+02   -.4395D+02   0.1407D+01
   -.1245D+02   -.4285D+02   0.3976D+01
   -.1350D+02   -.4154D+02   0.5027D+01
   -.1274D+02   -.3922D+02   0.6434D+01
   -.1112D+02   -.3827D+02   0.6728D+01
   -.1034D+02   -.3559D+02   0.6434D+01
   -.1105D+02   -.3402D+02   0.5859D+01
   -.1041D+02   -.3203D+02   0.3976D+01
   -.9198D+01   -.3166D+02   0.2752D+01
   -.9035D+01   -.3110D+02   0.8285D-15
   -.1005D+02   -.3094D+02   -.1407D+01
   -.1041D+02   -.3203D+02   -.3976D+01
   -.9660D+01   -.3325D+02   -.5027D+01
   -.1034D+02   -.3559D+02   -.6434D+01
   -.1188D+02   -.3656D+02   -.6728D+01
   -.1274D+02   -.3922D+02   -.6434D+01
   -.1187D+02   -.4084D+02   -.5859D+01
   -.1245D+02   -.4285D+02   -.3976D+01
   -.1401D+02   -.4311D+02   -.2752D+01
   -.1142D+02   -.4447D+02   0.0000D+00
   -.9984D+01   -.4466D+02   0.1407D+01
   -.9734D+01   -.4355D+02   0.3976D+01
   -.1086D+02   -.4230D+02   0.5027D+01
   -.1026D+02   -.3994D+02   0.6434D+01
   -.8695D+01   -.3890D+02   0.6728D+01
   -.8084D+01   -.3617D+02   0.6434D+01
   -.8895D+01   -.3464D+02   0.5859D+01
   -.8375D+01   -.3262D+02   0.3976D+01
   -.7192D+01   -.3218D+02   0.2752D+01
   -.7065D+01   -.3161D+02   0.8285D-15
   -.8091D+01   -.3151D+02   -.1407D+01
   -.8375D+01   -.3262D+02   -.3976D+01
   -.7553D+01   -.3379D+02   -.5027D+01
   -.8084D+01   -.3617D+02   -.6434D+01
   -.9560D+01   -.3724D+02   -.6728D+01
   -.1026D+02   -.3994D+02   -.6434D+01
   -.9278D+01   -.4151D+02   -.5859D+01
   -.9734D+01   -.4355D+02   -.3976D+01
   -.1127D+02   -.4391D+02   -.2752D+01
   -.8604D+01   -.4510D+02   0.0000D+00
   -.7160D+01   -.4520D+02   0.1407D+01
   -.6981D+01   -.4407D+02   0.3976D+01
   -.8184D+01   -.4290D+02   0.5027D+01
   -.7728D+01   -.4051D+02   0.6434D+01
   -.6235D+01   -.3937D+02   0.6728D+01
   -.5797D+01   -.3660D+02   0.6434D+01
   -.6702D+01   -.3513D+02   0.5859D+01
   -.6310D+01   -.3308D+02   0.3976D+01
   -.5158D+01   -.3256D+02   0.2752D+01
   -.5066D+01   -.3199D+02   0.8285D-15
   -.6096D+01   -.3196D+02   -.1407D+01
   -.6310D+01   -.3308D+02   -.3976D+01
   -.5416D+01   -.3420D+02   -.5027D+01
   -.5797D+01   -.3660D+02   -.6434D+01
   -.7203D+01   -.3776D+02   -.6728D+01
   -.7728D+01   -.4051D+02   -.6434D+01
   -.6654D+01   -.4201D+02   -.5859D+01
   -.6981D+01   -.4407D+02   -.3976D+01
   -.8494D+01   -.4453D+02   -.2752D+01
   -.5755D+01   -.4555D+02   0.0000D+00
   -.4307D+01   -.4556D+02   0.1407D+01
   -.4199D+01   -.4442D+02   0.3976D+01
   -.5474D+01   -.4333D+02   0.5027D+01
   -.5169D+01   -.4092D+02   0.6434D+01
   -.3751D+01   -.3968D+02   0.6728D+01
   -.3488D+01   -.3690D+02   0.6434D+01
   -.4483D+01   -.3549D+02   0.5859D+01
   -.4221D+01   -.3341D+02   0.3976D+01
   -.3103D+01   -.3282D+02   0.2752D+01
   -.3048D+01   -.3224D+02   0.8285D-15
   -.4077D+01   -.3228D+02   -.1407D+01
   -.4221D+01   -.3341D+02   -.3976D+01
   -.3258D+01   -.3447D+02   -.5027D+01
   -.3488D+01   -.3690D+02   -.6434D+01
   -.4818D+01   -.3814D+02   -.6728D+01
   -.5169D+01   -.4092D+02   -.6434D+01
   -.4003D+01   -.4234D+02   -.5859D+01
   -.4199D+01   -.4442D+02   -.3976D+01
   -.5681D+01   -.4497D+02   -.2752D+01
   -.2883D+01   -.4582D+02   0.0000D+00
   -.1438D+01   -.4574D+02   0.1407D+01
   -.1402D+01   -.4460D+02   0.3976D+01
   -.2742D+01   -.4359D+02   0.5027D+01
   -.2590D+01   -.4116D+02   0.6434D+01
   -.1252D+01   -.3984D+02   0.6728D+01
   -.1164D+01   -.3704D+02   0.6434D+01
   -.2246D+01   -.3570D+02   0.5859D+01
   -.2115D+01   -.3361D+02   0.3976D+01
   -.1036D+01   -.3295D+02   0.2752D+01
   -.1017D+01   -.3237D+02   0.8285D-15
   -.2043D+01   -.3247D+02   -.1407D+01
   -.2115D+01   -.3361D+02   -.3976D+01
   -.1088D+01   -.3461D+02   -.5027D+01
   -.1164D+01   -.3704D+02   -.6434D+01
   -.2414D+01   -.3837D+02   -.6728D+01
   -.2590D+01   -.4116D+02   -.6434D+01
   -.1336D+01   -.4251D+02   -.5859D+01
   -.1402D+01   -.4460D+02   -.3976D+01
   -.2846D+01   -.4524D+02   -.2752D+01
   -.8434D-14   -.4591D+02   0.0000D+00
   0.1438D+01   -.4574D+02   0.1407D+01
   0.1402D+01   -.4460D+02   0.3976D+01
   -.8023D-14   -.4368D+02   0.5027D+01
   -.7576D-14   -.4124D+02   0.6434D+01
   0.1252D+01   -.3984D+02   0.6728D+01
   0.1164D+01   -.3704D+02   0.6434D+01
   -.6570D-14   -.3577D+02   0.5859D+01
   -.6186D-14   -.3368D+02   0.3976D+01
   0.1036D+01   -.3295D+02   0.2752D+01
   0.1017D+01   -.3237D+02   0.8285D-15
   -.5976D-14   -.3253D+02   -.1407D+01
   -.6186D-14   -.3368D+02   -.3976D+01
   0.1088D+01   -.3461D+02   -.5027D+01
   0.1164D+01   -.3704D+02   -.6434D+01
   -.7062D-14   -.3844D+02   -.6728D+01
   -.7576D-14   -.4124D+02   -.6434D+01
   0.1336D+01   -.4251D+02   -.5859D+01
   0.1402D+01   -.4460D+02   -.3976D+01
   -.8327D-14   -.4533D+02   -.2752D+01
   0.2883D+01   -.4582D+02   0.0000D+00
   0.4307D+01   -.4556D+02   0.1407D+01
   0.4199D+01   -.4442D+02   0.3976D+01
   0.2742D+01   -.4359D+02   0.5027D+01
   0.2590D+01   -.4116D+02   0.6434D+01
   0.3751D+01   -.3968D+02   0.6728D+01
   0.3488D+01   -.3690D+02   0.6434D+01
   0.2246D+01   -.3570D+02   0.5859D+01
   0.2115D+01   -.3361D+02   0.3976D+01
   0.3103D+01   -.3282D+02   0.2752D+01
   0.3048D+01   -.3224D+02   0.8285D-15
   0.2043D+01   -.3247D+02   -.1407D+01
   0.2115D+01   -.3361D+02   -.3976D+01
   0.3258D+01   -.3447D+02   -.5027D+01
   0.3488D+01   -.3690D+02   -.6434D+01
   0.2414D+01   -.3837D+02   -.6728D+01
   0.2590D+01   -.4116D+02   -.6434D+01
   0.4003D+01   -.4234D+02   -.5859D+01
   0.4199D+01   -.4442D+02   -.3976D+01
   0.2846D+01   -.4524D+02   -.2752D+01
   0.5755D+01   -.4555D+02   0.0000D+00
   0.7160D+01   -.4520D+02   0.1407D+01
   0.6981D+01   -.4407D+02   0.3976D+01
   0.5474D+01   -.4333D+02   0.5027D+01
   0.5169D+01   -.4092D+02   0.6434D+01
   0.6235D+01   -.3937D+02   0.6728D+01
   0.5797D+01   -.3660D+02   0.6434D+01
   0.4483D+01   -.3549D+02   0.5859D+01
   0.4221D+01   -.3341D+02   0.3976D+01
   0.5158D+01   -.3256D+02   0.2752D+01
   0.5066D+01   -.3199D+02   0.8285D-15
   0.4077D+01   -.3228D+02   -.1407D+01
   0.4221D+01   -.3341D+02   -.3976D+01
   0.5416D+01   -.3420D+02   -.5027D+01
   0.5797D+01   -.3660D+02   -.6434D+01
   0.4818D+01   -.3814D+02   -.6728D+01
   0.5169D+01   -.4092D+02   -.6434D+01
   0.6654D+01   -.4201D+02   -.5859D+01
   0.6981D+01   -.4407D+02   -.3976D+01
   0.5681D+01   -.4497D+02   -.2752D+01
   0.8604D+01   -.4510D+02   0.0000D+00
   0.9984D+01   -.4466D+02   0.1407D+01
   0.9734D+01   -.4355D+02   0.3976D+01
   0.8184D+01   -.4290D+02   0.5027D+01
   0.7728D+01   -.4051D+02   0.6434D+01
   0.8695D+01   -.3890D+02   0.6728D+01
   0.8084D+01   -.3617D+02   0.6434D+01
   0.6702D+01   -.3513D+02   0.5859D+01
   0.6310D+01   -.3308D+02   0.3976D+01
   0.7192D+01   -.3218D+02   0.2752D+01
   0.7065D+01   -.3161D+02   0.8285D-15
   0.6096D+01   -.3196D+02   -.1407D+01
   0.6310D+01   -.3308D+02   -.3976D+01
   0.7553D+01   -.3379D+02   -.5027D+01
   0.8084D+01   -.3617D+02   -.6434D+01
   0.7203D+01   -.3776D+02   -.6728D+01
   0.7728D+01   -.4051D+02   -.6434D+01
   0.9278D+01   -.4151D+02   -.5859D+01
   0.9734D+01   -.4355D+02   -.3976D+01
   0.8494D+01   -.4453D+02   -.2752D+01
   0.1142D+02   -.4447D+02   0.0000D+00
   0.1277D+02   -.4395D+02   0.1407D+01
   0.1245D+02   -.4285D+02   0.3976D+01
   0.1086D+02   -.4230D+02   0.5027D+01
   0.1026D+02   -.3994D+02   0.6434D+01
   0.1112D+02   -.3827D+02   0.6728D+01
   0.1034D+02   -.3559D+02   0.6434D+01
   0.8895D+01   -.3464D+02   0.5859D+01
   0.8375D+01   -.3262D+02   0.3976D+01
   0.9198D+01   -.3166D+02   0.2752D+01
   0.9035D+01   -.3110D+02   0.8285D-15
   0.8091D+01   -.3151D+02   -.1407D+01
   0.8375D+01   -.3262D+02   -.3976D+01
   0.9660D+01   -.3325D+02   -.5027D+01
   0.1034D+02   -.3559D+02   -.6434D+01
   0.9560D+01   -.3724D+02   -.6728D+01
   0.1026D+02   -.3994D+02   -.6434D+01
   0.1187D+02   -.4084D+02   -.5859D+01
   0.1245D+02   -.4285D+02   -.3976D+01
   0.1127D+02   -.4391D+02   -.2752D+01
   0.1419D+02   -.4367D+02   0.0000D+00
   0.1550D+02   -.4306D+02   0.1407D+01
   0.1512D+02   -.4198D+02   0.3976D+01
   0.1350D+02   -.4154D+02   0.5027D+01
   0.1274D+02   -.3922D+02   0.6434D+01
   0.1350D+02   -.3750D+02   0.6728D+01
   0.1255D+02   -.3487D+02   0.6434D+01
   0.1105D+02   -.3402D+02   0.5859D+01
   0.1041D+02   -.3203D+02   0.3976D+01
   0.1117D+02   -.3102D+02   0.2752D+01
   0.1097D+02   -.3047D+02   0.8285D-15
   0.1005D+02   -.3094D+02   -.1407D+01
   0.1041D+02   -.3203D+02   -.3976D+01
   0.1173D+02   -.3258D+02   -.5027D+01
   0.1255D+02   -.3487D+02   -.6434D+01
   0.1188D+02   -.3656D+02   -.6728D+01
   0.1274D+02   -.3922D+02   -.6434D+01
   0.1441D+02   -.4002D+02   -.5859D+01
   0.1512D+02   -.4198D+02   -.3976D+01
   0.1401D+02   -.4311D+02   -.2752D+01
   0.1690D+02   -.4269D+02   0.0000D+00
   0.1818D+02   -.4200D+02   0.1407D+01
   0.1772D+02   -.4095D+02   0.3976D+01
   0.1608D+02   -.4061D+02   0.5027D+01
   0.1518D+02   -.3834D+02   0.6434D+01
   0.1583D+02   -.3658D+02   0.6728D+01
   0.1472D+02   -.3401D+02   0.6434D+01
   0.1317D+02   -.3326D+02   0.5859D+01
   0.1240D+02   -.3131D+02   0.3976D+01
   0.1309D+02   -.3026D+02   0.2752D+01
   0.1286D+02   -.2972D+02   0.8285D-15
   0.1198D+02   -.3025D+02   -.1407D+01
   0.1240D+02   -.3131D+02   -.3976D+01
   0.1375D+02   -.3178D+02   -.5027D+01
   0.1472D+02   -.3401D+02   -.6434D+01
   0.1415D+02   -.3574D+02   -.6728D+01
   0.1518D+02   -.3834D+02   -.6434D+01
   0.1689D+02   -.3903D+02   -.5859D+01
   0.1772D+02   -.4095D+02   -.3976D+01
   0.1669D+02   -.4215D+02   -.2752D+01
   0.1955D+02   -.4155D+02   0.0000D+00
   0.2078D+02   -.4078D+02   0.1407D+01
   0.2026D+02   -.3976D+02   0.3976D+01
   0.1860D+02   -.3952D+02   0.5027D+01
   0.1756D+02   -.3732D+02   0.6434D+01
   0.1809D+02   -.3551D+02   0.6728D+01
   0.1682D+02   -.3302D+02   0.6434D+01
   0.1523D+02   -.3236D+02   0.5859D+01
   0.1434D+02   -.3047D+02   0.3976D+01
   0.1497D+02   -.2938D+02   0.2752D+01
   0.1470D+02   -.2886D+02   0.8285D-15
   0.1385D+02   -.2944D+02   -.1407D+01
   0.1434D+02   -.3047D+02   -.3976D+01
   0.1572D+02   -.3085D+02   -.5027D+01
   0.1682D+02   -.3302D+02   -.6434D+01
   0.1637D+02   -.3478D+02   -.6728D+01
   0.1756D+02   -.3732D+02   -.6434D+01
   0.1931D+02   -.3790D+02   -.5859D+01
   0.2026D+02   -.3976D+02   -.3976D+01
   0.1930D+02   -.4102D+02   -.2752D+01
   0.2212D+02   -.4024D+02   0.0000D+00
   0.2330D+02   -.3939D+02   0.1407D+01
   0.2271D+02   -.3841D+02   0.3976D+01
   0.2104D+02   -.3827D+02   0.5027D+01
   0.1987D+02   -.3614D+02   0.6434D+01
   0.2029D+02   -.3431D+02   0.6728D+01
   0.1886D+02   -.3190D+02   0.6434D+01
   0.1723D+02   -.3134D+02   0.5859D+01
   0.1622D+02   -.2951D+02   0.3976D+01
   0.1678D+02   -.2838D+02   0.2752D+01
   0.1649D+02   -.2788D+02   0.8285D-15
   0.1567D+02   -.2851D+02   -.1407D+01
   0.1622D+02   -.2951D+02   -.3976D+01
   0.1762D+02   -.2980D+02   -.5027D+01
   0.1886D+02   -.3190D+02   -.6434D+01
   0.1852D+02   -.3369D+02   -.6728D+01
   0.1987D+02   -.3614D+02   -.6434D+01
   0.2165D+02   -.3661D+02   -.5859D+01
   0.2271D+02   -.3841D+02   -.3976D+01
   0.2184D+02   -.3972D+02   -.2752D+01
   0.2460D+02   -.3877D+02   0.0000D+00
   0.2572D+02   -.3785D+02   0.1407D+01
   0.2508D+02   -.3691D+02   0.3976D+01
   0.2340D+02   -.3688D+02   0.5027D+01
   0.2210D+02   -.3482D+02   0.6434D+01
   0.2240D+02   -.3297D+02   0.6728D+01
   0.2083D+02   -.3065D+02   0.6434D+01
   0.1917D+02   -.3020D+02   0.5859D+01
   0.1805D+02   -.2843D+02   0.3976D+01
   0.1853D+02   -.2727D+02   0.2752D+01
   0.1820D+02   -.2679D+02   0.8285D-15
   0.1743D+02   -.2747D+02   -.1407D+01
   0.1805D+02   -.2843D+02   -.3976D+01
   0.1946D+02   -.2864D+02   -.5027D+01
   0.2083D+02   -.3065D+02   -.6434D+01
   0.2060D+02   -.3246D+02   -.6728D+01
   0.2210D+02   -.3482D+02   -.6434D+01
   0.2391D+02   -.3518D+02   -.5859D+01
   0.2508D+02   -.3691D+02   -.3976D+01
   0.2429D+02   -.3827D+02   -.2752D+01
   0.2699D+02   -.3715D+02   0.0000D+00
   0.2805D+02   -.3616D+02   0.1407D+01
   0.2735D+02   -.3526D+02   0.3976D+01
   0.2567D+02   -.3534D+02   0.5027D+01
   0.2424D+02   -.3336D+02   0.6434D+01
   0.2443D+02   -.3149D+02   0.6728D+01
   0.2271D+02   -.2928D+02   0.6434D+01
   0.2102D+02   -.2894D+02   0.5859D+01
   0.1979D+02   -.2725D+02   0.3976D+01
   0.2021D+02   -.2605D+02   0.2752D+01
   0.1985D+02   -.2559D+02   0.8285D-15
   0.1912D+02   -.2632D+02   -.1407D+01
   0.1979D+02   -.2725D+02   -.3976D+01
   0.2122D+02   -.2736D+02   -.5027D+01
   0.2271D+02   -.2928D+02   -.6434D+01
   0.2260D+02   -.3110D+02   -.6728D+01
   0.2424D+02   -.3336D+02   -.6434D+01
   0.2607D+02   -.3361D+02   -.5859D+01
   0.2735D+02   -.3526D+02   -.3976D+01
   0.2664D+02   -.3667D+02   -.2752D+01
   0.2927D+02   -.3538D+02   0.0000D+00
   0.3027D+02   -.3433D+02   0.1407D+01
   0.2951D+02   -.3347D+02   0.3976D+01
   0.2784D+02   -.3365D+02   0.5027D+01
   0.2629D+02   -.3178D+02   0.6434D+01
   0.2636D+02   -.2990D+02   0.6728D+01
   0.2451D+02   -.2780D+02   0.6434D+01
   0.2280D+02   -.2756D+02   0.5859D+01
   0.2147D+02   -.2595D+02   0.3976D+01
   0.2180D+02   -.2473D+02   0.2752D+01
   0.2142D+02   -.2429D+02   0.8285D-15
   0.2074D+02   -.2507D+02   -.1407D+01
   0.2147D+02   -.2595D+02   -.3976D+01
   0.2290D+02   -.2597D+02   -.5027D+01
   0.2451D+02   -.2780D+02   -.6434D+01
   0.2450D+02   -.2962D+02   -.6728D+01
   0.2629D+02   -.3178D+02   -.6434D+01
   0.2813D+02   -.3190D+02   -.5859D+01
   0.2951D+02   -.3347D+02   -.3976D+01
   0.2889D+02   -.3493D+02   -.2752D+01
   0.3143D+02   -.3347D+02   0.0000D+00
   0.3236D+02   -.3236D+02   0.1407D+01
   0.3155D+02   -.3155D+02   0.3976D+01
   0.2990D+02   -.3184D+02   0.5027D+01
   0.2823D+02   -.3006D+02   0.6434D+01
   0.2818D+02   -.2818D+02   0.6728D+01
   0.2621D+02   -.2621D+02   0.6434D+01
   0.2448D+02   -.2607D+02   0.5859D+01
   0.2305D+02   -.2455D+02   0.3976D+01
   0.2331D+02   -.2331D+02   0.2752D+01
   0.2290D+02   -.2290D+02   0.8285D-15
   0.2227D+02   -.2372D+02   -.1407D+01
   0.2305D+02   -.2455D+02   -.3976D+01
   0.2448D+02   -.2448D+02   -.5027D+01
   0.2621D+02   -.2621D+02   -.6434D+01
   0.2632D+02   -.2802D+02   -.6728D+01
   0.2823D+02   -.3006D+02   -.6434D+01
   0.3008D+02   -.3008D+02   -.5859D+01
   0.3155D+02   -.3155D+02   -.3976D+01
   0.3103D+02   -.3304D+02   -.2752D+01
   0.3347D+02   -.3143D+02   0.0000D+00
   0.3433D+02   -.3027D+02   0.1407D+01
   0.3347D+02   -.2951D+02   0.3976D+01
   0.3184D+02   -.2990D+02   0.5027D+01
   0.3006D+02   -.2823D+02   0.6434D+01
   0.2990D+02   -.2636D+02   0.6728D+01
   0.2780D+02   -.2451D+02   0.6434D+01
   0.2607D+02   -.2448D+02   0.5859D+01
   0.2455D+02   -.2305D+02   0.3976D+01
   0.2473D+02   -.2180D+02   0.2752D+01
   0.2429D+02   -.2142D+02   0.8285D-15
   0.2372D+02   -.2227D+02   -.1407D+01
   0.2455D+02   -.2305D+02   -.3976D+01
   0.2597D+02   -.2290D+02   -.5027D+01
   0.2780D+02   -.2451D+02   -.6434D+01
   0.2802D+02   -.2632D+02   -.6728D+01
   0.3006D+02   -.2823D+02   -.6434D+01
   0.3190D+02   -.2813D+02   -.5859D+01
   0.3347D+02   -.2951D+02   -.3976D+01
   0.3304D+02   -.3103D+02   -.2752D+01
   0.3538D+02   -.2927D+02   0.0000D+00
   0.3616D+02   -.2805D+02   0.1407D+01
   0.3526D+02   -.2735D+02   0.3976D+01
   0.3365D+02   -.2784D+02   0.5027D+01
   0.3178D+02   -.2629D+02   0.6434D+01
   0.3149D+02   -.2443D+02   0.6728D+01
   0.2928D+02   -.2271D+02   0.6434D+01
   0.2756D+02   -.2280D+02   0.5859D+01
   0.2595D+02   -.2147D+02   0.3976D+01
   0.2605D+02   -.2021D+02   0.2752D+01
   0.2559D+02   -.1985D+02   0.8285D-15
   0.2507D+02   -.2074D+02   -.1407D+01
   0.2595D+02   -.2147D+02   -.3976D+01
   0.2736D+02   -.2122D+02   -.5027D+01
   0.2928D+02   -.2271D+02   -.6434D+01
   0.2962D+02   -.2450D+02   -.6728D+01
   0.3178D+02   -.2629D+02   -.6434D+01
   0.3361D+02   -.2607D+02   -.5859D+01
   0.3526D+02   -.2735D+02   -.3976D+01
   0.3493D+02   -.2889D+02   -.2752D+01
   0.3715D+02   -.2699D+02   0.0000D+00
   0.3785D+02   -.2572D+02   0.1407D+01
   0.3691D+02   -.2508D+02   0.3976D+01
   0.3534D+02   -.2567D+02   0.5027D+01
   0.3336D+02   -.2424D+02   0.6434D+01
   0.3297D+02   -.2240D+02   0.6728D+01
   0.3065D+02   -.2083D+02   0.6434D+01
   0.2894D+02   -.2102D+02   0.5859D+01
   0.2725D+02   -.1979D+02   0.3976D+01
   0.2727D+02   -.1853D+02   0.2752D+01
   0.2679D+02   -.1820D+02   0.8285D-15
   0.2632D+02   -.1912D+02   -.1407D+01
   0.2725D+02   -.1979D+02   -.3976D+01
   0.2864D+02   -.1946D+02   -.5027D+01
   0.3065D+02   -.2083D+02   -.6434D+01
   0.3110D+02   -.2260D+02   -.6728D+01
   0.3336D+02   -.2424D+02   -.6434D+01
   0.3518D+02   -.2391D+02   -.5859D+01
   0.3691D+02   -.2508D+02   -.3976D+01
   0.3667D+02   -.2664D+02   -.2752D+01
   0.3877D+02   -.2460D+02   0.0000D+00
   0.3939D+02   -.2330D+02   0.1407D+01
   0.3841D+02   -.2271D+02   0.3976D+01
   0.3688D+02   -.2340D+02   0.5027D+01
   0.3482D+02   -.2210D+02   0.6434D+01
   0.3431D+02   -.2029D+02   0.6728D+01
   0.3190D+02   -.1886D+02   0.6434D+01
   0.3020D+02   -.1917D+02   0.5859D+01
   0.2843D+02   -.1805D+02   0.3976D+01
   0.2838D+02   -.1678D+02   0.2752D+01
   0.2788D+02   -.1649D+02   0.8285D-15
   0.2747D+02   -.1743D+02   -.1407D+01
   0.2843D+02   -.1805D+02   -.3976D+01
   0.2980D+02   -.1762D+02   -.5027D+01
   0.3190D+02   -.1886D+02   -.6434D+01
   0.3246D+02   -.2060D+02   -.6728D+01
   0.3482D+02   -.2210D+02   -.6434D+01
   0.3661D+02   -.2165D+02   -.5859D+01
   0.3841D+02   -.2271D+02   -.3976D+01
   0.3827D+02   -.2429D+02   -.2752D+01
   0.4024D+02   -.2212D+02   0.0000D+00
   0.4078D+02   -.2078D+02   0.1407D+01
   0.3976D+02   -.2026D+02   0.3976D+01
   0.3827D+02   -.2104D+02   0.5027D+01
   0.3614D+02   -.1987D+02   0.6434D+01
   0.3551D+02   -.1809D+02   0.6728D+01
   0.3302D+02   -.1682D+02   0.6434D+01
   0.3134D+02   -.1723D+02   0.5859D+01
   0.2951D+02   -.1622D+02   0.3976D+01
   0.2938D+02   -.1497D+02   0.2752D+01
   0.2886D+02   -.1470D+02   0.8285D-15
   0.2851D+02   -.1567D+02   -.1407D+01
   0.2951D+02   -.1622D+02   -.3976D+01
   0.3085D+02   -.1572D+02   -.5027D+01
   0.3302D+02   -.1682D+02   -.6434D+01
   0.3369D+02   -.1852D+02   -.6728D+01
   0.3614D+02   -.1987D+02   -.6434D+01
   0.3790D+02   -.1931D+02   -.5859D+01
   0.3976D+02   -.2026D+02   -.3976D+01
   0.3972D+02   -.2184D+02   -.2752D+01
   0.4155D+02   -.1955D+02   0.0000D+00
   0.4200D+02   -.1818D+02   0.1407D+01
   0.4095D+02   -.1772D+02   0.3976D+01
   0.3952D+02   -.1860D+02   0.5027D+01
   0.3732D+02   -.1756D+02   0.6434D+01
   0.3658D+02   -.1583D+02   0.6728D+01
   0.3401D+02   -.1472D+02   0.6434D+01
   0.3236D+02   -.1523D+02   0.5859D+01
   0.3047D+02   -.1434D+02   0.3976D+01
   0.3026D+02   -.1309D+02   0.2752D+01
   0.2972D+02   -.1286D+02   0.8285D-15
   0.2944D+02   -.1385D+02   -.1407D+01
   0.3047D+02   -.1434D+02   -.3976D+01
   0.3178D+02   -.1375D+02   -.5027D+01
   0.3401D+02   -.1472D+02   -.6434D+01
   0.3478D+02   -.1637D+02   -.6728D+01
   0.3732D+02   -.1756D+02   -.6434D+01
   0.3903D+02   -.1689D+02   -.5859D+01
   0.4095D+02   -.1772D+02   -.3976D+01
   0.4102D+02   -.1930D+02   -.2752D+01
   0.4269D+02   -.1690D+02   0.0000D+00
   0.4306D+02   -.1550D+02   0.1407D+01
   0.4198D+02   -.1512D+02   0.3976D+01
   0.4061D+02   -.1608D+02   0.5027D+01
   0.3834D+02   -.1518D+02   0.6434D+01
   0.3750D+02   -.1350D+02   0.6728D+01
   0.3487D+02   -.1255D+02   0.6434D+01
   0.3326D+02   -.1317D+02   0.5859D+01
   0.3131D+02   -.1240D+02   0.3976D+01
   0.3102D+02   -.1117D+02   0.2752D+01
   0.3047D+02   -.1097D+02   0.8285D-15
   0.3025D+02   -.1198D+02   -.1407D+01
   0.3131D+02   -.1240D+02   -.3976D+01
   0.3258D+02   -.1173D+02   -.5027D+01
   0.3487D+02   -.1255D+02   -.6434D+01
   0.3574D+02   -.1415D+02   -.6728D+01
   0.3834D+02   -.1518D+02   -.6434D+01
   0.4002D+02   -.1441D+02   -.5859D+01
   0.4198D+02   -.1512D+02   -.3976D+01
   0.4215D+02   -.1669D+02   -.2752D+01
   0.4367D+02   -.1419D+02   0.0000D+00
   0.4395D+02   -.1277D+02   0.1407D+01
   0.4285D+02   -.1245D+02   0.3976D+01
   0.4154D+02   -.1350D+02   0.5027D+01
   0.3922D+02   -.1274D+02   0.6434D+01
   0.3827D+02   -.1112D+02   0.6728D+01
   0.3559D+02   -.1034D+02   0.6434D+01
   0.3402D+02   -.1105D+02   0.5859D+01
   0.3203D+02   -.1041D+02   0.3976D+01
   0.3166D+02   -.9198D+01   0.2752D+01
   0.3110D+02   -.9035D+01   0.8285D-15
   0.3094D+02   -.1005D+02   -.1407D+01
   0.3203D+02   -.1041D+02   -.3976D+01
   0.3325D+02   -.9660D+01   -.5027D+01
   0.3559D+02   -.1034D+02   -.6434D+01
   0.3656D+02   -.1188D+02   -.6728D+01
   0.3922D+02   -.1274D+02   -.6434D+01
   0.4084D+02   -.1187D+02   -.5859D+01
   0.4285D+02   -.1245D+02   -.3976D+01
   0.4311D+02   -.1401D+02   -.2752D+01
   0.4447D+02   -.1142D+02   0.0000D+00
   0.4466D+02   -.9984D+01   0.1407D+01
   0.4355D+02   -.9734D+01   0.3976D+01
   0.4230D+02   -.1086D+02   0.5027D+01
   0.3994D+02   -.1026D+02   0.6434D+01
   0.3890D+02   -.8695D+01   0.6728D+01
   0.3617D+02   -.8084D+01   0.6434D+01
   0.3464D+02   -.8895D+01   0.5859D+01
   0.3262D+02   -.8375D+01   0.3976D+01
   0.3218D+02   -.7192D+01   0.2752D+01
   0.3161D+02   -.7065D+01   0.8285D-15
   0.3151D+02   -.8091D+01   -.1407D+01
   0.3262D+02   -.8375D+01   -.3976D+01
   0.3379D+02   -.7553D+01   -.5027D+01
   0.3617D+02   -.8084D+01   -.6434D+01
   0.3724D+02   -.9560D+01   -.6728D+01
   0.3994D+02   -.1026D+02   -.6434D+01
   0.4151D+02   -.9278D+01   -.5859D+01
   0.4355D+02   -.9734D+01   -.3976D+01
   0.4391D+02   -.1127D+02   -.2752D+01
   0.4510D+02   -.8604D+01   0.0000D+00
   0.4520D+02   -.7160D+01   0.1407D+01
   0.4407D+02   -.6981D+01   0.3976D+01
   0.4290D+02   -.8184D+01   0.5027D+01
   0.4051D+02   -.7728D+01   0.6434D+01
   0.3937D+02   -.6235D+01   0.6728D+01
   0.3660D+02   -.5797D+01   0.6434D+01
   0.3513D+02   -.6702D+01   0.5859D+01
   0.3308D+02   -.6310D+01   0.3976D+01
   0.3256D+02   -.5158D+01   0.2752D+01
   0.3199D+02   -.5066D+01   0.8285D-15
   0.3196D+02   -.6096D+01   -.1407D+01
   0.3308D+02   -.6310D+01   -.3976D+01
   0.3420D+02   -.5416D+01   -.5027D+01
   0.3660D+02   -.5797D+01   -.6434D+01
   0.3776D+02   -.7203D+01   -.6728D+01
   0.4051D+02   -.7728D+01   -.6434D+01
   0.4201D+02   -.6654D+01   -.5859D+01
   0.4407D+02   -.6981D+01   -.3976D+01
   0.4453D+02   -.8494D+01   -.2752D+01
   0.4555D+02   -.5755D+01   0.0000D+00
   0.4556D+02   -.4307D+01   0.1407D+01
   0.4442D+02   -.4199D+01   0.3976D+01
   0.4333D+02   -.5474D+01   0.5027D+01
   0.4092D+02   -.5169D+01   0.6434D+01
   0.3968D+02   -.3751D+01   0.6728D+01
   0.3690D+02   -.3488D+01   0.6434D+01
   0.3549D+02   -.4483D+01   0.5859D+01
   0.3341D+02   -.4221D+01   0.3976D+01
   0.3282D+02   -.3103D+01   0.2752D+01
   0.3224D+02   -.3048D+01   0.8285D-15
   0.3228D+02   -.4077D+01   -.1407D+01
   0.3341D+02   -.4221D+01   -.3976D+01
   0.3447D+02   -.3258D+01   -.5027D+01
   0.3690D+02   -.3488D+01   -.6434D+01
   0.3814D+02   -.4818D+01   -.6728D+01
   0.4092D+02   -.5169D+01   -.6434D+01
   0.4234D+02   -.4003D+01   -.5859D+01
   0.4442D+02   -.4199D+01   -.3976D+01
   0.4497D+02   -.5681D+01   -.2752D+01
   0.4582D+02   -.2883D+01   0.0000D+00
   0.4574D+02   -.1438D+01   0.1407D+01
   0.4460D+02   -.1402D+01   0.3976D+01
   0.4359D+02   -.2742D+01   0.5027D+01
   0.4116D+02   -.2590D+01   0.6434D+01
   0.3984D+02   -.1252D+01   0.6728D+01
   0.3704D+02   -.1164D+01   0.6434D+01
   0.3570D+02   -.2246D+01   0.5859D+01
   0.3361D+02   -.2115D+01   0.3976D+01
   0.3295D+02   -.1036D+01   0.2752D+01
   0.3237D+02   -.1017D+01   0.8285D-15
   0.3247D+02   -.2043D+01   -.1407D+01
   0.3361D+02   -.2115D+01   -.3976D+01
   0.3461D+02   -.1088D+01   -.5027D+01
   0.3704D+02   -.1164D+01   -.6434D+01
   0.3837D+02   -.2414D+01   -.6728D+01
   0.4116D+02   -.2590D+01   -.6434D+01
   0.4251D+02   -.1336D+01   -.5859D+01
   0.4460D+02   -.1402D+01   -.3976D+01
   0.4524D+02   -.2846D+01   -.2752D+01
