0.000 0.00000e+00
0.001 -2.20006e-33
0.002 -4.40073e-33
0.003 -6.60261e-33
0.004 -8.80630e-33
0.005 -1.10124e-32
0.006 -1.32216e-32
0.007 -1.54343e-32
0.008 -1.76514e-32
0.009 -1.98732e-32
0.010 -2.21006e-32
0.011 -2.43340e-32
0.012 -2.65741e-32
0.013 -2.88215e-32
0.014 -3.10769e-32
0.015 -3.33408e-32
0.016 -3.56138e-32
0.017 -3.78967e-32
0.018 -4.01899e-32
0.019 -4.24943e-32
0.020 -4.48103e-32
0.021 -4.71386e-32
0.022 -4.94798e-32
0.023 -5.18347e-32
0.024 -5.42038e-32
0.025 -5.65878e-32
0.026 -5.89874e-32
0.027 -6.14032e-32
0.028 -6.38358e-32
0.029 -6.62860e-32
0.030 -6.87544e-32
0.031 -7.12417e-32
0.032 -7.37485e-32
0.033 -7.62756e-32
0.034 -7.88236e-32
0.035 -8.13933e-32
0.036 -8.39853e-32
0.037 -8.66004e-32
0.038 -8.92393e-32
0.039 -9.19026e-32
0.040 -9.45912e-32
0.041 -9.73058e-32
0.042 -1.00047e-31
0.043 -1.02816e-31
0.044 -1.05613e-31
0.045 -1.08438e-31
0.046 -1.11294e-31
0.047 -1.14180e-31
0.048 -1.17097e-31
0.049 -1.20047e-31
0.050 -1.23029e-31
0.051 -1.26046e-31
0.052 -1.29096e-31
0.053 -1.32182e-31
0.054 -1.35304e-31
0.055 -1.38464e-31
0.056 -1.41661e-31
0.057 -1.44897e-31
0.058 -1.48173e-31
0.059 -1.51489e-31
0.060 -1.54846e-31
0.061 -1.58246e-31
0.062 -1.61690e-31
0.063 -1.65177e-31
0.064 -1.68710e-31
0.065 -1.72289e-31
0.066 -1.75914e-31
0.067 -1.79588e-31
0.068 -1.83311e-31
0.069 -1.87084e-31
0.070 -1.90909e-31
0.071 -1.94785e-31
0.072 -1.98714e-31
0.073 -2.02698e-31
0.074 -2.06737e-31
0.075 -2.10832e-31
0.076 -2.14985e-31
0.077 -2.19196e-31
0.078 -2.23467e-31
0.079 -2.27799e-31
0.080 -2.32193e-31
0.081 -2.36651e-31
0.082 -2.41172e-31
0.083 -2.45759e-31
0.084 -2.50414e-31
0.085 -2.55136e-31
0.086 -2.59927e-31
0.087 -2.64790e-31
0.088 -2.69724e-31
0.089 -2.74731e-31
0.090 -2.79813e-31
0.091 -2.84971e-31
0.092 -2.90206e-31
0.093 -2.95520e-31
0.094 -3.00915e-31
0.095 -3.06390e-31
0.096 -3.11949e-31
0.097 -3.17592e-31
0.098 -3.23321e-31
0.099 -3.29138e-31
0.100 -3.35043e-31
