      55.700000       0.000000       0.000000        1
      55.610162       1.553332       0.517638        2
      55.436743       4.655153       0.517638        3
      55.352873       6.208820       0.000000        4
      54.919979       9.289019       0.000000        5
      54.572352      10.805617       0.517638        6
      53.884075      13.835079       0.517638        7
      53.542276      15.353001       0.000000        8
      52.601764      18.317872       0.000000        9
      52.006083      19.755258       0.517638       10
      50.822225      22.627513       0.517638       11
      50.232072      24.067176       0.000000       12
      48.810282      26.833680       0.000000       13
      47.983232      28.151595       0.517638       14
      46.336951      30.786197       0.517638       15
      45.514971      32.107280       0.000000       16
      43.651726      34.597931       0.000000       17
      42.616471      35.759465       0.517638       18
      40.553875      38.082623       0.517638       19
      39.523090      39.248125       0.000000       20
      37.270575      41.393167       0.000000       21
      36.056110      42.365786       0.517638       22
      33.634968      44.312434       0.517638       23
      32.424249      45.289712       0.000000       24
      29.845552      47.029065       0.000000       25
      28.485893      47.785530       0.517638       26
      25.774016      49.301146       0.517638       27
      24.417273      50.062828       0.000000       28
      21.584618      51.347778       0.000000       29
      20.117844      51.866899       0.517638       30
      17.191188      52.909035       0.517638       31
      15.726419      53.433788       0.000000       32
      12.719143      54.228345       0.000000       33
      11.186337      54.495585       0.517638       34
       8.126869      55.035052       0.517638       35
       6.595101      55.308179       0.000000       36
       3.497432      55.590089       0.000000       37
       1.941524      55.597962       0.517638       38
      -1.165066      55.619651       0.517638       39
      -2.720932      55.633502       0.000000       40
      -5.822235      55.394870       0.000000       41
      -7.357668      55.143156       0.517638       42
     -10.424369      54.646459       0.517638       43
     -11.960758      54.400646       0.000000       44
     -14.978834      53.648155       0.000000       45
     -16.450786      53.143904       0.517638       46
     -19.391708      52.142733       0.517638       47
     -20.865587      51.644141       0.000000       48
     -23.715907      50.398867       0.000000       49
     -25.083152      49.656202       0.517638       50
     -27.815926      48.178597       0.517638       51
     -29.186015      47.441190       0.000000       52
     -31.788746      45.738011       0.000000       53
     -33.012991      44.777732       0.517638       54
     -35.461077      42.865078       0.517638       55
     -36.689003      41.909510       0.000000       56
     -38.971248      39.796128       0.000000       57
     -40.018205      38.645131       0.517638       58
     -42.113037      36.350998       0.517638       59
     -43.164408      35.204032       0.000000       60
     -45.062247      32.739639       0.000000       61
     -45.902592      31.430161       0.517638       62
     -47.585498      28.818802       0.517638       63
     -48.430868      27.512562       0.000000       64
     -49.891145      24.766179       0.000000       65
     -50.501342      23.334896       0.517638       66
     -51.725188      20.479451       0.517638       67
     -52.340879      19.050522       0.000000       68
     -53.322696      16.099071       0.000000       69
     -53.685654      14.586069       0.517638       70
     -54.416162      11.566512       0.517638       71
     -54.784931      10.054916       0.000000       72
     -55.260789       6.981061       0.000000       73
     -55.366343       5.428717       0.517638       74
     -55.583053       2.329620       0.517638       75
     -55.694571       0.777693       0.000000       76
     -55.651142      -2.332474       0.000000       77
     -55.496335      -3.880682       0.517638       78
     -55.193178      -6.972520       0.517638       79
     -55.044321      -8.521311       0.000000       80
     -54.482821     -11.580681       0.000000       81
     -54.071990     -13.081391       0.517638       82
     -53.257456     -16.079374       0.517638       83
     -52.852394     -17.581651       0.000000       84
     -51.788550     -20.504538       0.000000       85
     -51.133201     -21.915718       0.517638       86
     -49.830104     -24.735878       0.517638       87
     -49.180181     -26.149566       0.000000       88
     -47.643789     -28.854104       0.000000       89
     -46.762277     -30.136231       0.517638       90
     -45.007113     -32.699582       0.517638       91
     -44.130533     -33.985086       0.000000       92
     -42.164625     -36.395528       0.000000       93
     -41.081638     -37.512690       0.517638       94
     -38.923567     -39.747438       0.517638       95
     -37.844881     -40.868753       0.000000       96
     -35.504516     -42.917588       0.000000       97
     -34.250388     -43.838497       0.517638       98
     -31.749853     -45.682051       0.517638       99
     -30.499272     -46.607772       0.000000      100
     -27.850000     -48.237615       0.000000      101
     -26.459855     -48.936479       0.517638      102
     -23.686890     -50.337204       0.517638      103
     -22.299441     -51.041404       0.000000      104
     -19.415463     -52.206607       0.000000      105
     -17.928237     -52.663851       0.517638      106
     -14.960508     -53.582517       0.517638      107
     -13.475050     -54.045472       0.000000      108
     -10.437139     -54.713400       0.000000      109
      -8.894487     -54.916218       0.517638      110
      -5.815112     -55.327095       0.517638      111
      -4.273250     -55.535838       0.000000      112
      -1.166493     -55.687784       0.000000      113
       0.388380     -55.630496       0.517638      114
       3.493153     -55.522075       0.517638      115
       5.048235     -55.470761       0.000000      116
       8.136825     -55.102469       0.000000      117
       9.660370     -54.786679       0.517638      118
      12.703582     -54.161997       0.517638      119
      14.228329     -53.852063       0.000000      120
      17.212247     -52.973848       0.000000      121
      18.661792     -52.408400       0.517638      122
      21.558210     -51.284954       0.517638      123
      23.009917     -50.725080       0.000000      124
      25.805589     -49.361539       0.000000      125
      27.140536     -48.562272       0.517638      126
      29.809037     -46.971526       0.517638      127
      31.147045     -46.177393       0.000000      128
      33.676171     -44.366716       0.000000      129
      34.859130     -43.356014       0.517638      130
      37.224975     -41.342523       0.517638      131
      38.411809     -40.336373       0.000000      132
      40.603553     -38.129274       0.000000      133
      41.601392     -36.935445       0.517638      134
      43.598318     -34.555601       0.517638      135
      44.600737     -33.365614       0.000000      136
      46.393713     -30.823909       0.000000      137
      47.178486     -29.480390       0.517638      138
      48.750563     -26.800849       0.517638      139
      49.540492     -25.460355       0.000000      140
      50.884482     -22.655231       0.000000      141
      51.434208     -21.199651       0.517638      142
      52.537406     -18.295461       0.517638      143
      53.092720     -16.842003       0.000000      144
      53.950082     -13.852027       0.000000      145
      54.249364     -12.325153       0.517638      146
      54.852785      -9.277654       0.517638      147
      55.157931      -7.751942       0.000000      148
      55.504652      -4.660856       0.000000      149
      55.613151      -3.109258       0.000000      150
      55.696882       0.000000       0.111643      151
      55.578267       1.552442       0.624670      152
      55.404947       4.652483       0.624670      153
      55.349774       6.208472       0.111643      154
      54.916904       9.288499       0.111643      155
      54.541052      10.799419       0.624670      156
      53.853170      13.827144       0.624670      157
      53.539279      15.352141       0.111643      158
      52.598819      18.316847       0.111643      159
      51.976255      19.743927       0.624670      160
      50.793076      22.614535       0.624670      161
      50.229259      24.065829       0.111643      162
      48.807549      26.832177       0.111643      163
      47.955712      28.135449       0.624670      164
      46.310374      30.768539       0.624670      165
      45.512423      32.105482       0.111643      166
      43.649282      34.595994       0.111643      167
      42.592028      35.738955       0.624670      168
      40.530615      38.060781       0.624670      169
      39.520877      39.245928       0.111643      170
      37.268488      41.390849       0.111643      171
      36.035430      42.341487       0.624670      172
      33.615677      44.287019       0.624670      173
      32.422434      45.287177       0.111643      174
      29.843882      47.026432       0.111643      175
      28.469555      47.758122       0.624670      176
      25.759234      49.272869       0.624670      177
      24.415906      50.060026       0.111643      178
      21.583410      51.344903       0.111643      179
      20.106306      51.837151       0.624670      180
      17.181328      52.878689       0.624670      181
      15.725539      53.430797       0.111643      182
      12.718431      54.225309       0.111643      183
      11.179921      54.464329       0.624670      184
       8.122208      55.003486       0.624670      185
       6.594732      55.305082       0.111643      186
       3.497236      55.586976       0.111643      187
       1.940410      55.566074       0.624670      188
      -1.164397      55.587750       0.624670      189
      -2.720780      55.630387       0.111643      190
      -5.821909      55.391768       0.111643      191
      -7.353448      55.111529       0.624670      192
     -10.418391      54.615116       0.624670      193
     -11.960088      54.397600       0.111643      194
     -14.977995      53.645151       0.111643      195
     -16.441351      53.113424       0.624670      196
     -19.380586      52.112826       0.624670      197
     -20.864419      51.641249       0.111643      198
     -23.714579      50.396045       0.111643      199
     -25.068766      49.627722       0.624670      200
     -27.799972      48.150964       0.624670      201
     -29.184381      47.438534       0.111643      202
     -31.786966      45.735450       0.111643      203
     -32.994057      44.752050       0.624670      204
     -35.440738      42.840493       0.624670      205
     -36.686949      41.907164       0.111643      206
     -38.969066      39.793900       0.111643      207
     -39.995253      38.622967       0.624670      208
     -42.088883      36.330149       0.624670      209
     -43.161991      35.202061       0.111643      210
     -45.059724      32.737806       0.111643      211
     -45.876264      31.412134       0.624670      212
     -47.558205      28.802273       0.624670      213
     -48.428156      27.511022       0.111643      214
     -49.888352      24.764793       0.111643      215
     -50.472377      23.321512       0.624670      216
     -51.695521      20.467705       0.624670      217
     -52.337949      19.049455       0.111643      218
     -53.319711      16.098170       0.111643      219
     -53.654863      14.577704       0.624670      220
     -54.384952      11.559878       0.624670      221
     -54.781864      10.054353       0.111643      222
     -55.257695       6.980670       0.111643      223
     -55.334588       5.425604       0.624670      224
     -55.551174       2.328284       0.624670      225
     -55.691452       0.777650       0.111643      226
     -55.648026      -2.332343       0.111643      227
     -55.464505      -3.878456       0.624670      228
     -55.161522      -6.968521       0.624670      229
     -55.041239      -8.520834       0.111643      230
     -54.479771     -11.580033       0.111643      231
     -54.040977     -13.073888       0.624670      232
     -53.226911     -16.070152       0.624670      233
     -52.849435     -17.580667       0.111643      234
     -51.785651     -20.503390       0.111643      235
     -51.103873     -21.903148       0.624670      236
     -49.801524     -24.721691       0.624670      237
     -49.177427     -26.148102       0.111643      238
     -47.641122     -28.852489       0.111643      239
     -46.735456     -30.118946       0.624670      240
     -44.981300     -32.680827       0.624670      241
     -44.128062     -33.983183       0.111643      242
     -42.162264     -36.393490       0.111643      243
     -41.058076     -37.491175       0.624670      244
     -38.901243     -39.724641       0.624670      245
     -37.842762     -40.866465       0.111643      246
     -35.502528     -42.915185       0.111643      247
     -34.230744     -43.813354       0.624670      248
     -31.731642     -45.655850       0.624670      249
     -30.497564     -46.605163       0.111643      250
     -27.848441     -48.234914       0.111643      251
     -26.444679     -48.908411       0.624670      252
     -23.673305     -50.308334       0.624670      253
     -22.298193     -51.038546       0.111643      254
     -19.414376     -52.203684       0.111643      255
     -17.917955     -52.633646       0.624670      256
     -14.951927     -53.551785       0.624670      257
     -13.474295     -54.042446       0.111643      258
     -10.436555     -54.710337       0.111643      259
      -8.889385     -54.884721       0.624670      260
      -5.811777     -55.295362       0.624670      261
      -4.273011     -55.532729       0.111643      262
      -1.166427     -55.684666       0.111643      263
       0.388158     -55.598589       0.624670      264
       3.491149     -55.490230       0.624670      265
       5.047952     -55.467655       0.111643      266
       8.136369     -55.099384       0.111643      267
       9.654829     -54.755256       0.624670      268
      12.696296     -54.130933       0.624670      269
      14.227532     -53.849048       0.111643      270
      17.211283     -52.970882       0.111643      271
      18.651089     -52.378342       0.624670      272
      21.545845     -51.255540       0.624670      273
      23.008628     -50.722240       0.111643      274
      25.804144     -49.358776       0.111643      275
      27.124970     -48.534419       0.624670      276
      29.791940     -46.944585       0.624670      277
      31.145301     -46.174807       0.111643      278
      33.674285     -44.364232       0.111643      279
      34.839137     -43.331147       0.624670      280
      37.203624     -41.318811       0.624670      281
      38.409658     -40.334114       0.111643      282
      40.601279     -38.127139       0.111643      283
      41.577532     -36.914260       0.624670      284
      43.573312     -34.535782       0.624670      285
      44.598240     -33.363746       0.111643      286
      46.391116     -30.822184       0.111643      287
      47.151427     -29.463481       0.624670      288
      48.722602     -26.785477       0.624670      289
      49.537718     -25.458929       0.111643      290
      50.881633     -22.653963       0.111643      291
      51.404708     -21.187492       0.624670      292
      52.507273     -18.284967       0.624670      293
      53.089748     -16.841060       0.111643      294
      53.947062     -13.851251       0.111643      295
      54.218250     -12.318084       0.624670      296
      54.821325      -9.272333       0.624670      297
      55.154843      -7.751508       0.111643      298
      55.501545      -4.660595       0.111643      299
      55.610037      -3.109084       0.111643      300
      55.687536       0.000000       0.222938      301
      55.540449       1.551385       0.729754      302
      55.367247       4.649318       0.729754      303
      55.340487       6.207430       0.222938      304
      54.907690       9.286941       0.222938      305
      54.503940      10.792071       0.729754      306
      53.816526      13.817735       0.729754      307
      53.530295      15.349565       0.222938      308
      52.589993      18.313773       0.222938      309
      51.940889      19.730493       0.729754      310
      50.758515      22.599147       0.729754      311
      50.220831      24.061791       0.222938      312
      48.799360      26.827675       0.222938      313
      47.923081      28.116304       0.729754      314
      46.278863      30.747603       0.729754      315
      45.504786      32.100095       0.222938      316
      43.641957      34.590189       0.222938      317
      42.563047      35.714637       0.729754      318
      40.503036      38.034883       0.729754      319
      39.514246      39.239343       0.222938      320
      37.262235      41.383904       0.222938      321
      36.010910      42.312676       0.729754      322
      33.592804      44.256884       0.729754      323
      32.416994      45.279578       0.222938      324
      29.838874      47.018542       0.222938      325
      28.450183      47.725626       0.729754      326
      25.741706      49.239342       0.729754      327
      24.411809      50.051626       0.222938      328
      21.579788      51.336287       0.222938      329
      20.092625      51.801879       0.729754      330
      17.169637      52.842708       0.729754      331
      15.722900      53.421831       0.222938      332
      12.716297      54.216210       0.222938      333
      11.172314      54.427269       0.729754      334
       8.116682      54.966060       0.729754      335
       6.593625      55.295802       0.222938      336
       3.496649      55.577649       0.222938      337
       1.939090      55.528265       0.729754      338
      -1.163605      55.549926       0.729754      339
      -2.720323      55.621053       0.222938      340
      -5.820933      55.382474       0.222938      341
      -7.348444      55.074028       0.729754      342
     -10.411302      54.577954       0.729754      343
     -11.958081      54.388473       0.222938      344
     -14.975482      53.636150       0.222938      345
     -16.430164      53.077283       0.729754      346
     -19.367399      52.077367       0.729754      347
     -20.860918      51.632584       0.222938      348
     -23.710600      50.387589       0.222938      349
     -25.051708      49.593953       0.729754      350
     -27.781056      48.118200       0.729754      351
     -29.179484      47.430574       0.222938      352
     -31.781632      45.727776       0.222938      353
     -32.971606      44.721599       0.729754      354
     -35.416623      42.811343       0.729754      355
     -36.680793      41.900132       0.222938      356
     -38.962527      39.787223       0.222938      357
     -39.968038      38.596686       0.729754      358
     -42.060244      36.305429       0.729754      359
     -43.154749      35.196154       0.222938      360
     -45.052163      32.732312       0.222938      361
     -45.845048      31.390760       0.729754      362
     -47.525845      28.782675       0.729754      363
     -48.420030      27.506405       0.222938      364
     -49.879981      24.760637       0.222938      365
     -50.438034      23.305643       0.729754      366
     -51.660345      20.453777       0.729754      367
     -52.329166      19.046259       0.222938      368
     -53.310764      16.095469       0.222938      369
     -53.618354      14.567784       0.729754      370
     -54.347946      11.552013       0.729754      371
     -54.772672      10.052666       0.222938      372
     -55.248423       6.979499       0.222938      373
     -55.296936       5.421912       0.729754      374
     -55.513374       2.326700       0.729754      375
     -55.682108       0.777519       0.222938      376
     -55.638688      -2.331952       0.222938      377
     -55.426765      -3.875817       0.729754      378
     -55.123988      -6.963779       0.729754      379
     -55.032003      -8.519404       0.222938      380
     -54.470630     -11.578090       0.222938      381
     -54.004206     -13.064992       0.729754      382
     -53.190693     -16.059217       0.729754      383
     -52.840567     -17.577717       0.222938      384
     -51.776961     -20.499949       0.222938      385
     -51.069100     -21.888244       0.729754      386
     -49.767637     -24.704869       0.729754      387
     -49.169176     -26.143714       0.222938      388
     -47.633128     -28.847648       0.222938      389
     -46.703655     -30.098452       0.729754      390
     -44.950693     -32.658590       0.729754      391
     -44.120658     -33.977481       0.222938      392
     -42.155189     -36.387383       0.222938      393
     -41.030138     -37.465665       0.729754      394
     -38.874773     -39.697611       0.729754      395
     -37.836412     -40.859608       0.222938      396
     -35.496571     -42.907984       0.222938      397
     -34.207452     -43.783541       0.729754      398
     -31.710051     -45.624784       0.729754      399
     -30.492447     -46.597343       0.222938      400
     -27.843768     -48.226821       0.222938      401
     -26.426685     -48.875132       0.729754      402
     -23.657197     -50.274102       0.729754      403
     -22.294451     -51.029982       0.222938      404
     -19.411118     -52.194924       0.222938      405
     -17.905763     -52.597832       0.729754      406
     -14.941753     -53.515346       0.729754      407
     -13.472034     -54.033378       0.222938      408
     -10.434804     -54.701156       0.222938      409
      -8.883336     -54.847375       0.729754      410
      -5.807822     -55.257737       0.729754      411
      -4.272294     -55.523411       0.222938      412
      -1.166232     -55.675323       0.222938      413
       0.387894     -55.560758       0.729754      414
       3.488774     -55.452472       0.729754      415
       5.047105     -55.458348       0.222938      416
       8.135004     -55.090138       0.222938      417
       9.648259     -54.717998       0.729754      418
      12.687657     -54.094100       0.729754      419
      14.225145     -53.840012       0.222938      420
      17.208395     -52.961994       0.222938      421
      18.638398     -52.342701       0.729754      422
      21.531184     -51.220663       0.729754      423
      23.004768     -50.713729       0.222938      424
      25.799815     -49.350494       0.222938      425
      27.106513     -48.501394       0.729754      426
      29.771668     -46.912642       0.729754      427
      31.140075     -46.167060       0.222938      428
      33.668635     -44.356788       0.222938      429
      34.815431     -43.301663       0.729754      430
      37.178309     -41.290696       0.729754      431
      38.403213     -40.327346       0.222938      432
      40.594467     -38.120741       0.222938      433
      41.549241     -36.889142       0.729754      434
      43.543663     -34.512282       0.729754      435
      44.590757     -33.358148       0.222938      436
      46.383331     -30.817012       0.222938      437
      47.119343     -29.443433       0.729754      438
      48.689450     -26.767251       0.729754      439
      49.529406     -25.454657       0.222938      440
      50.873095     -22.650161       0.222938      441
      51.369730     -21.173075       0.729754      442
      52.471545     -18.272525       0.729754      443
      53.080839     -16.838234       0.222938      444
      53.938009     -13.848927       0.222938      445
      54.181357     -12.309702       0.729754      446
      54.784022      -9.266024       0.729754      447
      55.145589      -7.750207       0.222938      448
      55.492232      -4.659813       0.222938      449
      55.600706      -3.108562       0.222938      450
      55.671992       0.000000       0.333537      451
      55.496826       1.550167       0.832562      452
      55.323761       4.645666       0.832562      453
      55.325040       6.205698       0.333537      454
      54.892364       9.284348       0.333537      455
      54.461132      10.783594       0.832562      456
      53.774257      13.806883       0.832562      457
      53.515354      15.345281       0.333537      458
      52.575314      18.308661       0.333537      459
      51.900093      19.714996       0.832562      460
      50.718648      22.581397       0.832562      461
      50.206813      24.055074       0.333537      462
      48.785739      26.820187       0.333537      463
      47.885441      28.094221       0.832562      464
      46.242515      30.723453       0.832562      465
      45.492084      32.091135       0.333537      466
      43.629776      34.580534       0.333537      467
      42.529617      35.686586       0.832562      468
      40.471224      38.005009       0.832562      469
      39.503216      39.228390       0.333537      470
      37.251834      41.372353       0.333537      471
      35.982627      42.279443       0.832562      472
      33.566419      44.222124       0.832562      473
      32.407945      45.266939       0.333537      474
      29.830545      47.005418       0.333537      475
      28.427838      47.688141       0.832562      476
      25.721488      49.200669       0.832562      477
      24.404995      50.037655       0.333537      478
      21.573765      51.321958       0.333537      479
      20.076844      51.761193       0.832562      480
      17.156151      52.801205       0.832562      481
      15.718511      53.406920       0.333537      482
      12.712748      54.201077       0.333537      483
      11.163539      54.384521       0.832562      484
       8.110307      54.922889       0.832562      485
       6.591785      55.280368       0.333537      486
       3.495673      55.562136       0.333537      487
       1.937567      55.484652       0.832562      488
      -1.162691      55.506296       0.832562      489
      -2.719564      55.605527       0.333537      490
      -5.819308      55.367015       0.333537      491
      -7.342673      55.030772       0.832562      492
     -10.403124      54.535087       0.832562      493
     -11.954743      54.373291       0.333537      494
     -14.971302      53.621179       0.333537      495
     -16.417259      53.035595       0.832562      496
     -19.352188      52.036464       0.832562      497
     -20.855095      51.618172       0.333537      498
     -23.703981      50.373524       0.333537      499
     -25.032032      49.555001       0.832562      500
     -27.759236      48.080407       0.832562      501
     -29.171339      47.417335       0.333537      502
     -31.772761      45.715012       0.333537      503
     -32.945710      44.686474       0.832562      504
     -35.388806      42.777718       0.832562      505
     -36.670554      41.888437       0.333537      506
     -38.951652      39.776117       0.333537      507
     -39.936647      38.566371       0.832562      508
     -42.027209      36.276914       0.832562      509
     -43.142703      35.186330       0.333537      510
     -45.039588      32.723176       0.333537      511
     -45.809041      31.366105       0.832562      512
     -47.488517      28.760068       0.832562      513
     -48.406515      27.498728       0.333537      514
     -49.866058      24.753726       0.333537      515
     -50.398419      23.287339       0.832562      516
     -51.619770      20.437713       0.832562      517
     -52.314560      19.040943       0.333537      518
     -53.295883      16.090976       0.333537      519
     -53.576241      14.556343       0.832562      520
     -54.305260      11.542939       0.832562      521
     -54.757383      10.049860       0.333537      522
     -55.233002       6.977551       0.333537      523
     -55.253505       5.417654       0.832562      524
     -55.469773       2.324872       0.832562      525
     -55.666565       0.777302       0.333537      526
     -55.623158      -2.331301       0.333537      527
     -55.383232      -3.872773       0.832562      528
     -55.080692      -6.958310       0.832562      529
     -55.016643      -8.517026       0.333537      530
     -54.455425     -11.574858       0.333537      531
     -53.961790     -13.054731       0.832562      532
     -53.148916     -16.046604       0.832562      533
     -52.825818     -17.572811       0.333537      534
     -51.762509     -20.494227       0.333537      535
     -51.028990     -21.871053       0.832562      536
     -49.728548     -24.685466       0.832562      537
     -49.155451     -26.136417       0.333537      538
     -47.619832     -28.839596       0.333537      539
     -46.666974     -30.074812       0.832562      540
     -44.915388     -32.632939       0.832562      541
     -44.108343     -33.967997       0.333537      542
     -42.143423     -36.377227       0.333537      543
     -40.997912     -37.436238       0.832562      544
     -38.844240     -39.666432       0.832562      545
     -37.825851     -40.848203       0.333537      546
     -35.486663     -42.896007       0.333537      547
     -34.180585     -43.749153       0.832562      548
     -31.685145     -45.588950       0.832562      549
     -30.483935     -46.584336       0.333537      550
     -27.835996     -48.213359       0.333537      551
     -26.405929     -48.836745       0.832562      552
     -23.638616     -50.234616       0.832562      553
     -22.288228     -51.015739       0.333537      554
     -19.405700     -52.180355       0.333537      555
     -17.891699     -52.556521       0.832562      556
     -14.930018     -53.473314       0.832562      557
     -13.468274     -54.018296       0.333537      558
     -10.431891     -54.685888       0.333537      559
      -8.876359     -54.804297       0.832562      560
      -5.803261     -55.214336       0.832562      561
      -4.271101     -55.507913       0.333537      562
      -1.165906     -55.659782       0.333537      563
       0.387589     -55.517119       0.832562      564
       3.486034     -55.408919       0.832562      565
       5.045696     -55.442868       0.333537      566
       8.132733     -55.074761       0.333537      567
       9.640682     -54.675022       0.832562      568
      12.677691     -54.051613       0.832562      569
      14.221174     -53.824984       0.333537      570
      17.203592     -52.947211       0.333537      571
      18.623759     -52.301591       0.832562      572
      21.514273     -51.180434       0.832562      573
      22.998347     -50.699574       0.333537      574
      25.792613     -49.336719       0.333537      575
      27.085223     -48.463300       0.832562      576
      29.748285     -46.875796       0.832562      577
      31.131383     -46.154173       0.333537      578
      33.659237     -44.344407       0.333537      579
      34.788086     -43.267653       0.832562      580
      37.149109     -41.258265       0.832562      581
      38.392494     -40.316090       0.333537      582
      40.583136     -38.110101       0.333537      583
      41.516608     -36.860169       0.832562      584
      43.509463     -34.485176       0.832562      585
      44.578311     -33.348837       0.333537      586
      46.370385     -30.808410       0.333537      587
      47.082335     -29.420308       0.832562      588
      48.651208     -26.746228       0.832562      589
      49.515581     -25.447552       0.333537      590
      50.858895     -22.643839       0.333537      591
      51.329383     -21.156445       0.832562      592
      52.430333     -18.258174       0.832562      593
      53.066023     -16.833534       0.333537      594
      53.922954     -13.845061       0.333537      595
      54.138802     -12.300034       0.832562      596
      54.740994      -9.258746       0.832562      597
      55.130196      -7.748044       0.333537      598
      55.476743      -4.658512       0.333537      599
      55.585186      -3.107694       0.333537      600
      55.650299       0.000000       0.443097      601
      55.447535       1.548790       0.932773      602
      55.274624       4.641540       0.932773      603
      55.303482       6.203279       0.443097      604
      54.870974       9.280731       0.443097      605
      54.412760      10.774017       0.932773      606
      53.726496      13.794620       0.932773      607
      53.494501      15.339301       0.443097      608
      52.554827      18.301527       0.443097      609
      51.853997      19.697486       0.932773      610
      50.673601      22.561341       0.932773      611
      50.187249      24.045701       0.443097      612
      48.766729      26.809736       0.443097      613
      47.842910      28.069269       0.932773      614
      46.201443      30.696165       0.932773      615
      45.474358      32.078631       0.443097      616
      43.612775      34.567060       0.443097      617
      42.491843      35.654890       0.932773      618
      40.435279      37.971254       0.932773      619
      39.487823      39.213104       0.443097      620
      37.237318      41.356232       0.443097      621
      35.950668      42.241892       0.932773      622
      33.536606      44.182847       0.932773      623
      32.395317      45.249300       0.443097      624
      29.818921      46.987101       0.443097      625
      28.402589      47.645786       0.932773      626
      25.698643      49.156970       0.932773      627
      24.395485      50.018157       0.443097      628
      21.565358      51.301960       0.443097      629
      20.059012      51.715220       0.932773      630
      17.140914      52.754308       0.932773      631
      15.712386      53.386109       0.443097      632
      12.707794      54.179957       0.443097      633
      11.153624      54.336218       0.932773      634
       8.103103      54.874107       0.932773      635
       6.589216      55.258827       0.443097      636
       3.494311      55.540486       0.443097      637
       1.935846      55.435372       0.932773      638
      -1.161658      55.456997       0.932773      639
      -2.718504      55.583860       0.443097      640
      -5.817040      55.345441       0.443097      641
      -7.336151      54.981895       0.932773      642
     -10.393884      54.486651       0.932773      643
     -11.950085      54.352104       0.443097      644
     -14.965468      53.600285       0.443097      645
     -16.402678      52.988490       0.932773      646
     -19.334999      51.990246       0.932773      647
     -20.846969      51.598058       0.443097      648
     -23.694745      50.353896       0.443097      649
     -25.009799      49.510987       0.932773      650
     -27.734581      48.037703       0.932773      651
     -29.159972      47.398858       0.443097      652
     -31.760381      45.697199       0.443097      653
     -32.916448      44.646784       0.932773      654
     -35.357375      42.739724       0.932773      655
     -36.656265      41.872114       0.443097      656
     -38.936474      39.760618       0.443097      657
     -39.901176      38.532118       0.932773      658
     -41.989881      36.244693       0.932773      659
     -43.125892      35.172619       0.443097      660
     -45.022037      32.710425       0.443097      661
     -45.768354      31.338246       0.932773      662
     -47.446339      28.734524       0.932773      663
     -48.387653      27.488012       0.443097      664
     -49.846627      24.744081       0.443097      665
     -50.353656      23.266655       0.932773      666
     -51.573922      20.419560       0.932773      667
     -52.294175      19.033523       0.443097      668
     -53.275116      16.084706       0.443097      669
     -53.528656      14.543414       0.932773      670
     -54.257028      11.532687       0.932773      671
     -54.736046      10.045944       0.443097      672
     -55.211479       6.974832       0.443097      673
     -55.204430       5.412842       0.932773      674
     -55.420506       2.322807       0.932773      675
     -55.644874       0.777000       0.443097      676
     -55.601484      -2.330393       0.443097      677
     -55.334042      -3.869333       0.932773      678
     -55.031771      -6.952129       0.932773      679
     -54.995205      -8.513707       0.443097      680
     -54.434206     -11.570348       0.443097      681
     -53.913862     -13.043136       0.932773      682
     -53.101710     -16.032352       0.932773      683
     -52.805233     -17.565963       0.443097      684
     -51.742339     -20.486241       0.443097      685
     -50.983667     -21.851628       0.932773      686
     -49.684381     -24.663541       0.932773      687
     -49.136297     -26.126233       0.443097      688
     -47.601277     -28.828358       0.443097      689
     -46.625525     -30.048100       0.932773      690
     -44.875495     -32.603955       0.932773      691
     -44.091155     -33.954761       0.443097      692
     -42.127001     -36.363052       0.443097      693
     -40.961499     -37.402988       0.932773      694
     -38.809739     -39.631201       0.932773      695
     -37.811112     -40.832286       0.443097      696
     -35.472835     -42.879292       0.443097      697
     -34.150226     -43.710296       0.932773      698
     -31.657003     -45.548458       0.932773      699
     -30.472057     -46.566184       0.443097      700
     -27.825149     -48.194572       0.443097      701
     -26.382476     -48.793369       0.932773      702
     -23.617620     -50.189998       0.932773      703
     -22.279543     -50.995860       0.443097      704
     -19.398139     -52.160023       0.443097      705
     -17.875808     -52.509841       0.932773      706
     -14.916757     -53.425820       0.932773      707
     -13.463026     -53.997247       0.443097      708
     -10.427826     -54.664579       0.443097      709
      -8.868475     -54.755621       0.932773      710
      -5.798106     -55.165296       0.932773      711
      -4.269437     -55.486283       0.443097      712
      -1.165452     -55.638094       0.443097      713
       0.387245     -55.467810       0.932773      714
       3.482937     -55.359706       0.932773      715
       5.043730     -55.421264       0.443097      716
       8.129564     -55.053301       0.443097      717
       9.632119     -54.626461       0.932773      718
      12.666431     -54.003606       0.932773      719
      14.215633     -53.804010       0.443097      720
      17.196888     -52.926579       0.443097      721
      18.607217     -52.255137       0.932773      722
      21.495165     -51.134976       0.932773      723
      22.989385     -50.679818       0.443097      724
      25.782563     -49.317494       0.443097      725
      27.061166     -48.420256       0.932773      726
      29.721863     -46.834162       0.932773      727
      31.119252     -46.136189       0.443097      728
      33.646121     -44.327128       0.443097      729
      34.757188     -43.229224       0.932773      730
      37.116114     -41.221621       0.932773      731
      38.377534     -40.300380       0.443097      732
      40.567322     -38.095251       0.443097      733
      41.479733     -36.827431       0.932773      734
      43.470819     -34.454547       0.932773      735
      44.560940     -33.335842       0.443097      736
      46.352316     -30.796405       0.443097      737
      47.040517     -29.394177       0.932773      738
      48.607997     -26.722473       0.932773      739
      49.496287     -25.437636       0.443097      740
      50.839078     -22.635016       0.443097      741
      51.283794     -21.137654       0.932773      742
      52.383766     -18.241957       0.932773      743
      53.045345     -16.826975       0.443097      744
      53.901942     -13.839667       0.443097      745
      54.090717     -12.289109       0.932773      746
      54.692374      -9.250523       0.932773      747
      55.108714      -7.745025       0.443097      748
      55.455125      -4.656697       0.443097      749
      55.563527      -3.106483       0.443097      750
      55.622523       0.000000       0.551275      751
      55.392729       1.547259       1.030076      752
      55.219989       4.636952       1.030076      753
      55.275879       6.200183       0.551275      754
      54.843588       9.276099       0.551275      755
      54.358977      10.763367       1.030076      756
      53.673391      13.780985       1.030076      757
      53.467801      15.331645       0.551275      758
      52.528597      18.292393       0.551275      759
      51.802743      19.678016       1.030076      760
      50.623514      22.539040       1.030076      761
      50.162201      24.033700       0.551275      762
      48.742389      26.796355       0.551275      763
      47.795621      28.041524       1.030076      764
      46.155776      30.665824       1.030076      765
      45.451661      32.062620       0.551275      766
      43.591008      34.549807       0.551275      767
      42.449843      35.619648       1.030076      768
      40.395311      37.933722       1.030076      769
      39.468115      39.193533       0.551275      770
      37.218733      41.335590       0.551275      771
      35.915133      42.200139       1.030076      772
      33.503458      44.139175       1.030076      773
      32.379149      45.226716       0.551275      774
      29.804038      46.963650       0.551275      775
      28.374515      47.598691       1.030076      776
      25.673242      49.108382       1.030076      777
      24.383309      49.993193       0.551275      778
      21.554595      51.276355       0.551275      779
      20.039185      51.664103       1.030076      780
      17.123971      52.702164       1.030076      781
      15.704544      53.359464       0.551275      782
      12.701452      54.152915       0.551275      783
      11.142599      54.282511       1.030076      784
       8.095094      54.819868       1.030076      785
       6.585927      55.231247       0.551275      786
       3.492567      55.512765       0.551275      787
       1.933932      55.380578       1.030076      788
      -1.160510      55.402181       1.030076      789
      -2.717147      55.556118       0.551275      790
      -5.814137      55.317817       0.551275      791
      -7.328900      54.927550       1.030076      792
     -10.383611      54.432794       1.030076      793
     -11.944121      54.324977       0.551275      794
     -14.957999      53.573532       0.551275      795
     -16.386465      52.936115       1.030076      796
     -19.315888      51.938858       1.030076      797
     -20.836564      51.572306       0.551275      798
     -23.682919      50.328764       0.551275      799
     -24.985079      49.462049       1.030076      800
     -27.707167      47.990221       1.030076      801
     -29.145418      47.375201       0.551275      802
     -31.744529      45.674391       0.551275      803
     -32.883913      44.602654       1.030076      804
     -35.322426      42.697479       1.030076      805
     -36.637970      41.851216       0.551275      806
     -38.917041      39.740773       0.551275      807
     -39.861736      38.494031       1.030076      808
     -41.948377      36.208868       1.030076      809
     -43.104368      35.155065       0.551275      810
     -44.999567      32.694099       0.551275      811
     -45.723115      31.307271       1.030076      812
     -47.399441      28.706122       1.030076      813
     -48.363502      27.474293       0.551275      814
     -49.821748      24.731731       0.551275      815
     -50.303885      23.243658       1.030076      816
     -51.522945      20.399377       1.030076      817
     -52.268075      19.024023       0.551275      818
     -53.248526      16.076678       0.551275      819
     -53.475747      14.529039       1.030076      820
     -54.203398      11.521288       1.030076      821
     -54.708727      10.040930       0.551275      822
     -55.183923       6.971351       0.551275      823
     -55.149864       5.407491       1.030076      824
     -55.365727       2.320511       1.030076      825
     -55.617102       0.776612       0.551275      826
     -55.573733      -2.329230       0.551275      827
     -55.279348      -3.865509       1.030076      828
     -54.977376      -6.945258       1.030076      829
     -54.967756      -8.509458       0.551275      830
     -54.407038     -11.564573       0.551275      831
     -53.860572     -13.030244       1.030076      832
     -53.049223     -16.016505       1.030076      833
     -52.778878     -17.557196       0.551275      834
     -51.716514     -20.476017       0.551275      835
     -50.933273     -21.830029       1.030076      836
     -49.635271     -24.639163       1.030076      837
     -49.111773     -26.113193       0.551275      838
     -47.577519     -28.813969       0.551275      839
     -46.579439     -30.018400       1.030076      840
     -44.831138     -32.571729       1.030076      841
     -44.069149     -33.937814       0.551275      842
     -42.105975     -36.344903       0.551275      843
     -40.921011     -37.366018       1.030076      844
     -38.771378     -39.592028       1.030076      845
     -37.792240     -40.811907       0.551275      846
     -35.455131     -42.857891       0.551275      847
     -34.116471     -43.667092       1.030076      848
     -31.625713     -45.503437       1.030076      849
     -30.456848     -46.542943       0.551275      850
     -27.811262     -48.170518       0.551275      851
     -26.356399     -48.745140       1.030076      852
     -23.594276     -50.140389       1.030076      853
     -22.268423     -50.970407       0.551275      854
     -19.388457     -52.133989       0.551275      855
     -17.858139     -52.457939       1.030076      856
     -14.902013     -53.373013       1.030076      857
     -13.456306     -53.970297       0.551275      858
     -10.422622     -54.637296       0.551275      859
      -8.859710     -54.701499       1.030076      860
      -5.792375     -55.110769       1.030076      861
      -4.267306     -55.458590       0.551275      862
      -1.164870     -55.610324       0.551275      863
       0.386862     -55.412984       1.030076      864
       3.479495     -55.304987       1.030076      865
       5.041213     -55.393603       0.551275      866
       8.125507     -55.025823       0.551275      867
       9.622598     -54.572466       1.030076      868
      12.653912     -53.950227       1.030076      869
      14.208538     -53.777157       0.551275      870
      17.188305     -52.900163       0.551275      871
      18.588826     -52.203487       1.030076      872
      21.473918     -51.084433       1.030076      873
      22.977911     -50.654523       0.551275      874
      25.769695     -49.292879       0.551275      875
      27.034418     -48.372396       1.030076      876
      29.692485     -46.787870       1.030076      877
      31.103720     -46.113162       0.551275      878
      33.629328     -44.305004       0.551275      879
      34.722833     -43.186495       1.030076      880
      37.079427     -41.180876       1.030076      881
      38.358379     -40.280266       0.551275      882
      40.547075     -38.076237       0.551275      883
      41.438734     -36.791029       1.030076      884
      43.427851     -34.420491       1.030076      885
      44.538699     -33.319204       0.551275      886
      46.329181     -30.781034       0.551275      887
      46.994021     -29.365123       1.030076      888
      48.559952     -26.696059       1.030076      889
      49.471583     -25.424940       0.551275      890
      50.813704     -22.623718       0.551275      891
      51.233103     -21.116761       1.030076      892
      52.331988     -18.223926       1.030076      893
      53.018870     -16.818576       0.551275      894
      53.875040     -13.832759       0.551275      895
      54.037253     -12.276963       1.030076      896
      54.638314      -9.241379       1.030076      897
      55.081209      -7.741159       0.551275      898
      55.427447      -4.654373       0.551275      899
      55.535795      -3.104933       0.551275      900
      55.588753       0.000000       0.657733      901
      55.332579       1.545579       1.124167      902
      55.160026       4.631917       1.124167      903
      55.242319       6.196419       0.657733      904
      54.810290       9.270467       0.657733      905
      54.299950      10.751680       1.124167      906
      53.615108      13.766020       1.124167      907
      53.435339      15.322337       0.657733      908
      52.496705      18.281287       0.657733      909
      51.746491      19.656648       1.124167      910
      50.568542      22.514566       1.124167      911
      50.131745      24.019108       0.657733      912
      48.712795      26.780086       0.657733      913
      47.743721      28.011075       1.124167      914
      46.105657      30.632525       1.124167      915
      45.424066      32.043153       0.657733      916
      43.564542      34.528830       0.657733      917
      42.403748      35.580969       1.124167      918
      40.351447      37.892531       1.124167      919
      39.444152      39.169737       0.657733      920
      37.196136      41.310494       0.657733      921
      35.876133      42.154314       1.124167      922
      33.467077      44.091245       1.124167      923
      32.359490      45.199257       0.657733      924
      29.785943      46.935136       0.657733      925
      28.343703      47.547005       1.124167      926
      25.645363      49.055056       1.124167      927
      24.368505      49.962840       0.657733      928
      21.541508      51.245223       0.657733      929
      20.017425      51.608002       1.124167      930
      17.105377      52.644936       1.124167      931
      15.695009      53.327067       0.657733      932
      12.693740      54.120037       0.657733      933
      11.130500      54.223566       1.124167      934
       8.086304      54.760340       1.124167      935
       6.581929      55.197714       0.657733      936
       3.490447      55.479061       0.657733      937
       1.931832      55.320441       1.124167      938
      -1.159250      55.342021       1.124167      939
      -2.715498      55.522387       0.657733      940
      -5.810607      55.284232       0.657733      941
      -7.320942      54.867905       1.124167      942
     -10.372335      54.373687       1.124167      943
     -11.936869      54.291994       0.657733      944
     -14.948917      53.541006       0.657733      945
     -16.368671      52.878632       1.124167      946
     -19.294913      51.882458       1.124167      947
     -20.823913      51.540994       0.657733      948
     -23.668540      50.298207       0.657733      949
     -24.957948      49.408339       1.124167      950
     -27.677081      47.938110       1.124167      951
     -29.127723      47.346438       0.657733      952
     -31.725255      45.646660       0.657733      953
     -32.848205      44.554221       1.124167      954
     -35.284070      42.651114       1.124167      955
     -36.615726      41.825806       0.657733      956
     -38.893412      39.716645       0.657733      957
     -39.818451      38.452231       1.124167      958
     -41.902826      36.169549       1.124167      959
     -43.078198      35.133721       0.657733      960
     -44.972246      32.674249       0.657733      961
     -45.673466      31.273275       1.124167      962
     -47.347971      28.674951       1.124167      963
     -48.334139      27.457612       0.657733      964
     -49.791500      24.716715       0.657733      965
     -50.249261      23.218418       1.124167      966
     -51.466997      20.377226       1.124167      967
     -52.236341      19.012473       0.657733      968
     -53.216197      16.066917       0.657733      969
     -53.417679      14.513262       1.124167      970
     -54.144540      11.508777       1.124167      971
     -54.675511      10.034834       0.657733      972
     -55.150419       6.967118       0.657733      973
     -55.089978       5.401620       1.124167      974
     -55.305606       2.317992       1.124167      975
     -55.583334       0.776140       0.657733      976
     -55.539992      -2.327815       0.657733      977
     -55.219321      -3.861311       1.124167      978
     -54.917677      -6.937716       1.124167      979
     -54.934383      -8.504292       0.657733      980
     -54.374005     -11.557552       0.657733      981
     -53.802086     -13.016094       1.124167      982
     -52.991618     -15.999113       1.124167      983
     -52.746834     -17.546536       0.657733      984
     -51.685115     -20.463585       0.657733      985
     -50.877966     -21.806324       1.124167      986
     -49.581373     -24.612407       1.124167      987
     -49.081955     -26.097339       0.657733      988
     -47.548632     -28.796475       0.657733      989
     -46.528859     -29.985804       1.124167      990
     -44.782457     -32.536360       1.124167      991
     -44.042393     -33.917209       0.657733      992
     -42.080411     -36.322836       0.657733      993
     -40.876576     -37.325443       1.124167      994
     -38.729277     -39.549036       1.124167      995
     -37.769295     -40.787128       0.657733      996
     -35.433605     -42.831870       0.657733      997
     -34.079425     -43.619674       1.124167      998
     -31.591371     -45.454026       1.124167      999
     -30.438357     -46.514685       0.657733     1000
     -27.794376     -48.141272       0.657733     1001
     -26.327779     -48.692209       1.124167     1002
     -23.568656     -50.085942       1.124167     1003
     -22.254903     -50.939461       0.657733     1004
     -19.376685     -52.102337       0.657733     1005
     -17.838747     -52.400976       1.124167     1006
     -14.885831     -53.315056       1.124167     1007
     -13.448136     -53.937529       0.657733     1008
     -10.416294     -54.604123       0.657733     1009
      -8.850089     -54.642100       1.124167     1010
      -5.786085     -55.050925       1.124167     1011
      -4.264715     -55.424919       0.657733     1012
      -1.164163     -55.576561       0.657733     1013
       0.386442     -55.352812       1.124167     1014
       3.475717     -55.244932       1.124167     1015
       5.038152     -55.359972       0.657733     1016
       8.120573     -54.992415       0.657733     1017
       9.612149     -54.513207       1.124167     1018
      12.640171     -53.891643       1.124167     1019
      14.199911     -53.744506       0.657733     1020
      17.177869     -52.868046       0.657733     1021
      18.568640     -52.146800       1.124167     1022
      21.450600     -51.028961       1.124167     1023
      22.963960     -50.623769       0.657733     1024
      25.754049     -49.262952       0.657733     1025
      27.005062     -48.319869       1.124167     1026
      29.660243     -46.737064       1.124167     1027
      31.084836     -46.085165       0.657733     1028
      33.608911     -44.278105       0.657733     1029
      34.685128     -43.139599       1.124167     1030
      37.039163     -41.136158       1.124167     1031
      38.335090     -40.255811       0.657733     1032
      40.522457     -38.053120       0.657733     1033
      41.393736     -36.751079       1.124167     1034
      43.380694     -34.383114       1.124167     1035
      44.511658     -33.298975       0.657733     1036
      46.301053     -30.762346       0.657733     1037
      46.942991     -29.333236       1.124167     1038
      48.507221     -26.667071       1.124167     1039
      49.441547     -25.409504       0.657733     1040
      50.782853     -22.609983       0.657733     1041
      51.177470     -21.093831       1.124167     1042
      52.275162     -18.204137       1.124167     1043
      52.986680     -16.808365       0.657733     1044
      53.842330     -13.824361       0.657733     1045
      53.978575     -12.263631       1.124167     1046
      54.578984      -9.231344       1.124167     1047
      55.047767      -7.736459       0.657733     1048
      55.393795      -4.651547       0.657733     1049
      55.502077      -3.103048       0.657733     1050
      55.549092       0.000000       0.762141     1051
      55.267273       1.543755       1.214752     1052
      55.094924       4.626450       1.214752     1053
      55.202906       6.191998       0.762141     1054
      54.771185       9.263852       0.762141     1055
      54.235862      10.738990       1.214752     1056
      53.551829      13.749773       1.214752     1057
      53.397214      15.311405       0.762141     1058
      52.459250      18.268244       0.762141     1059
      51.685417      19.633448       1.214752     1060
      50.508859      22.487993       1.214752     1061
      50.095978      24.001971       0.762141     1062
      48.678040      26.760979       0.762141     1063
      47.687371      27.978014       1.214752     1064
      46.051240      30.596371       1.214752     1065
      45.391657      32.020292       0.762141     1066
      43.533460      34.504195       0.762141     1067
      42.353700      35.538974       1.214752     1068
      40.303822      37.847808       1.214752     1069
      39.416010      39.141791       0.762141     1070
      37.169598      41.281020       0.762141     1071
      35.833791      42.104561       1.214752     1072
      33.427577      44.039207       1.214752     1073
      32.336402      45.167009       0.762141     1074
      29.764692      46.901650       0.762141     1075
      28.310251      47.490887       1.214752     1076
      25.615095      48.997158       1.214752     1077
      24.351119      49.927193       0.762141     1078
      21.526139      51.208661       0.762141     1079
      19.993799      51.547091       1.214752     1080
      17.085188      52.582801       1.214752     1081
      15.683812      53.289020       0.762141     1082
      12.684684      54.081424       0.762141     1083
      11.117363      54.159569       1.214752     1084
       8.076760      54.695709       1.214752     1085
       6.577233      55.158332       0.762141     1086
       3.487956      55.439479       0.762141     1087
       1.929552      55.255149       1.214752     1088
      -1.157882      55.276703       1.214752     1089
      -2.713560      55.482774       0.762141     1090
      -5.806461      55.244788       0.762141     1091
      -7.312301      54.803147       1.214752     1092
     -10.360094      54.309512       1.214752     1093
     -11.928352      54.253258       0.762141     1094
     -14.938252      53.502806       0.762141     1095
     -16.349352      52.816222       1.214752     1096
     -19.272140      51.821224       1.214752     1097
     -20.809056      51.504221       0.762141     1098
     -23.651653      50.262321       0.762141     1099
     -24.928491      49.350025       1.214752     1100
     -27.644415      47.881531       1.214752     1101
     -29.106941      47.312658       0.762141     1102
     -31.702621      45.614093       0.762141     1103
     -32.809435      44.501636       1.214752     1104
     -35.242426      42.600775       1.214752     1105
     -36.589601      41.795965       0.762141     1106
     -38.865663      39.688309       0.762141     1107
     -39.771455      38.406848       1.214752     1108
     -41.853370      36.126860       1.214752     1109
     -43.047463      35.108654       0.762141     1110
     -44.940160      32.650937       0.762141     1111
     -45.619559      31.236364       1.214752     1112
     -47.292089      28.641107       1.214752     1113
     -48.299654      27.438022       0.762141     1114
     -49.755975      24.699081       0.762141     1115
     -50.189954      23.191015       1.214752     1116
     -51.406253      20.353176       1.214752     1117
     -52.199072      18.998908       0.762141     1118
     -53.178229      16.055454       0.762141     1119
     -53.354632      14.496133       1.214752     1120
     -54.080636      11.495194       1.214752     1121
     -54.636502      10.027675       0.762141     1122
     -55.111071       6.962147       0.762141     1123
     -55.024958       5.395244       1.214752     1124
     -55.240332       2.315256       1.214752     1125
     -55.543677       0.775586       0.762141     1126
     -55.500366      -2.326155       0.762141     1127
     -55.154148      -3.856754       1.214752     1128
     -54.852860      -6.929528       1.214752     1129
     -54.895189      -8.498224       0.762141     1130
     -54.335211     -11.549306       0.762141     1131
     -53.738586     -13.000732       1.214752     1132
     -52.929074     -15.980230       1.214752     1133
     -52.709201     -17.534017       0.762141     1134
     -51.648240     -20.448985       0.762141     1135
     -50.817917     -21.780587       1.214752     1136
     -49.522855     -24.583358       1.214752     1137
     -49.046937     -26.078719       0.762141     1138
     -47.514708     -28.775930       0.762141     1139
     -46.473943     -29.950413       1.214752     1140
     -44.729602     -32.497958       1.214752     1141
     -44.010970     -33.893010       0.762141     1142
     -42.050388     -36.296921       0.762141     1143
     -40.828331     -37.281390       1.214752     1144
     -38.683567     -39.502358       1.214752     1145
     -37.742348     -40.758028       0.762141     1146
     -35.408324     -42.801311       0.762141     1147
     -34.039202     -43.568192       1.214752     1148
     -31.554085     -45.400378       1.214752     1149
     -30.416640     -46.481498       0.762141     1150
     -27.774546     -48.106925       0.762141     1151
     -26.296706     -48.634740       1.214752     1152
     -23.540839     -50.026828       1.214752     1153
     -22.239025     -50.903118       0.762141     1154
     -19.362861     -52.065164       0.762141     1155
     -17.817693     -52.339129       1.214752     1156
     -14.868262     -53.252131       1.214752     1157
     -13.438542     -53.899047       0.762141     1158
     -10.408862     -54.565165       0.762141     1159
      -8.839644     -54.577608       1.214752     1160
      -5.779256     -54.985951       1.214752     1161
      -4.261672     -55.385375       0.762141     1162
      -1.163332     -55.536909       0.762141     1163
       0.385986     -55.287482       1.214752     1164
       3.471614     -55.179729       1.214752     1165
       5.034558     -55.320474       0.762141     1166
       8.114780     -54.953180       0.762141     1167
       9.600804     -54.448868       1.214752     1168
      12.625252     -53.828038       1.214752     1169
      14.189780     -53.706161       0.762141     1170
      17.165613     -52.830326       0.762141     1171
      18.546725     -52.085254       1.214752     1172
      21.425283     -50.968734       1.214752     1173
      22.947576     -50.587651       0.762141     1174
      25.735674     -49.227804       0.762141     1175
      26.973189     -48.262840       1.214752     1176
      29.625236     -46.681902       1.214752     1177
      31.062658     -46.052284       0.762141     1178
      33.584932     -44.246514       0.762141     1179
      34.644191     -43.088684       1.214752     1180
      36.995448     -41.087607       1.214752     1181
      38.307740     -40.227089       0.762141     1182
      40.493545     -38.025970       0.762141     1183
      41.344881     -36.707703       1.214752     1184
      43.329494     -34.342534       1.214752     1185
      44.479901     -33.275217       0.762141     1186
      46.268019     -30.740398       0.762141     1187
      46.887586     -29.298616       1.214752     1188
      48.449970     -26.635597       1.214752     1189
      49.406272     -25.391375       0.762141     1190
      50.746621     -22.593851       0.762141     1191
      51.117068     -21.068935       1.214752     1192
      52.213464     -18.182652       1.214752     1193
      52.948876     -16.796373       0.762141     1194
      53.803915     -13.814497       0.762141     1195
      53.914866     -12.249157       1.214752     1196
      54.514567      -9.220449       1.214752     1197
      55.008492      -7.730939       0.762141     1198
      55.354274      -4.648228       0.762141     1199
      55.462478      -3.100834       0.762141     1200
      55.503665       0.000000       0.864171     1201
      55.197014       1.541792       1.301548     1202
      55.024883       4.620569       1.301548     1203
      55.157762       6.186934       0.864171     1204
      54.726394       9.256277       0.864171     1205
      54.166914      10.725338       1.301548     1206
      53.483751      13.732293       1.301548     1207
      53.353547      15.298883       0.864171     1208
      52.416350      18.253304       0.864171     1209
      51.619711      19.608489       1.301548     1210
      50.444649      22.459405       1.301548     1211
      50.055010      23.982343       0.864171     1212
      48.638232      26.739095       0.864171     1213
      47.626748      27.942447       1.301548     1214
      45.992697      30.557475       1.301548     1215
      45.354537      31.994106       0.864171     1216
      43.497859      34.475978       0.864171     1217
      42.299858      35.493795       1.301548     1218
      40.252585      37.799694       1.301548     1219
      39.383776      39.109781       0.864171     1220
      37.139201      41.247261       0.864171     1221
      35.788236      42.051035       1.301548     1222
      33.385082      43.983221       1.301548     1223
      32.309958      45.130072       0.864171     1224
      29.740351      46.863294       0.864171     1225
      28.274261      47.430514       1.301548     1226
      25.582532      48.934870       1.301548     1227
      24.331205      49.886364       0.864171     1228
      21.508535      51.166784       0.864171     1229
      19.968382      51.481562       1.301548     1230
      17.063468      52.515955       1.301548     1231
      15.670986      53.245442       0.864171     1232
      12.674310      54.037197       0.864171     1233
      11.103230      54.090718       1.301548     1234
       8.066492      54.626176       1.301548     1235
       6.571854      55.113225       0.864171     1236
       3.485104      55.394141       0.864171     1237
       1.927099      55.184905       1.301548     1238
      -1.156410      55.206432       1.301548     1239
      -2.711341      55.437401       0.864171     1240
      -5.801713      55.199610       0.864171     1241
      -7.303005      54.733478       1.301548     1242
     -10.346923      54.240470       1.301548     1243
     -11.918598      54.208891       0.864171     1244
     -14.926036      53.459052       0.864171     1245
     -16.328568      52.749079       1.301548     1246
     -19.247640      51.755345       1.301548     1247
     -20.792039      51.462102       0.864171     1248
     -23.632311      50.221218       0.864171     1249
     -24.896801      49.287288       1.301548     1250
     -27.609271      47.820661       1.301548     1251
     -29.083138      47.273966       0.864171     1252
     -31.676695      45.576791       0.864171     1253
     -32.767726      44.445062       1.301548     1254
     -35.197624      42.546618       1.301548     1255
     -36.559679      41.761785       0.864171     1256
     -38.833880      39.655852       0.864171     1257
     -39.720895      38.358023       1.301548     1258
     -41.800164      36.080933       1.301548     1259
     -43.012259      35.079943       0.864171     1260
     -44.903408      32.624236       0.864171     1261
     -45.561565      31.196655       1.301548     1262
     -47.231968      28.604696       1.301548     1263
     -48.260155      27.415584       0.864171     1264
     -49.715286      24.678882       0.864171     1265
     -50.126149      23.161533       1.301548     1266
     -51.340903      20.327301       1.301548     1267
     -52.156384      18.983371       0.864171     1268
     -53.134741      16.042324       0.864171     1269
     -53.286804      14.477704       1.301548     1270
     -54.011885      11.480581       1.301548     1271
     -54.591821      10.019474       0.864171     1272
     -55.066002       6.956454       0.864171     1273
     -54.955007       5.388386       1.301548     1274
     -55.170107       2.312313       1.301548     1275
     -55.498255       0.774952       0.864171     1276
     -55.454979      -2.324252       0.864171     1277
     -55.084033      -3.851851       1.301548     1278
     -54.783128      -6.920718       1.301548     1279
     -54.850297      -8.491275       0.864171     1280
     -54.290777     -11.539861       0.864171     1281
     -53.670270     -12.984205       1.301548     1282
     -52.861787     -15.959915       1.301548     1283
     -52.666096     -17.519678       0.864171     1284
     -51.606003     -20.432262       0.864171     1285
     -50.753314     -21.752898       1.301548     1286
     -49.459898     -24.552107       1.301548     1287
     -49.006827     -26.057392       0.864171     1288
     -47.475851     -28.752398       0.864171     1289
     -46.414863     -29.912338       1.301548     1290
     -44.672739     -32.456645       1.301548     1291
     -43.974979     -33.865293       0.864171     1292
     -42.016000     -36.267238       0.864171     1293
     -40.776428     -37.233995       1.301548     1294
     -38.634390     -39.452140       1.301548     1295
     -37.711483     -40.724697       0.864171     1296
     -35.379368     -42.766309       0.864171     1297
     -33.995929     -43.512805       1.301548     1298
     -31.513971     -45.342663       1.301548     1299
     -30.391766     -46.443486       0.864171     1300
     -27.751833     -48.067584       0.864171     1301
     -26.263276     -48.572912       1.301548     1302
     -23.510912     -49.963231       1.301548     1303
     -22.220839     -50.861490       0.864171     1304
     -19.347026     -52.022586       0.864171     1305
     -17.795042     -52.272593       1.301548     1306
     -14.849361     -53.184433       1.301548     1307
     -13.427552     -53.854969       0.864171     1308
     -10.400350     -54.520543       0.864171     1309
      -8.828406     -54.508226       1.301548     1310
      -5.771909     -54.916050       1.301548     1311
      -4.258187     -55.340082       0.864171     1312
      -1.162381     -55.491492       0.864171     1313
       0.385495     -55.217197       1.301548     1314
       3.467201     -55.109581       1.301548     1315
       5.030440     -55.275234       0.864171     1316
       8.108143     -54.908240       0.864171     1317
       9.588599     -54.379649       1.301548     1318
      12.609202     -53.759608       1.301548     1319
      14.178176     -53.662242       0.864171     1320
      17.151576     -52.787122       0.864171     1321
      18.523147     -52.019040       1.301548     1322
      21.398046     -50.903940       1.301548     1323
      22.928810     -50.546281       0.864171     1324
      25.714628     -49.187547       0.864171     1325
      26.938899     -48.201485       1.301548     1326
      29.587575     -46.622558       1.301548     1327
      31.037256     -46.014624       0.864171     1328
      33.557467     -44.210330       0.864171     1329
      34.600149     -43.033907       1.301548     1330
      36.948417     -41.035374       1.301548     1331
      38.276412     -40.194192       0.864171     1332
      40.460431     -37.994873       0.864171     1333
      41.292321     -36.661038       1.301548     1334
      43.274411     -34.298875       1.301548     1335
      44.443526     -33.248005       0.864171     1336
      46.230182     -30.715259       0.864171     1337
      46.827980     -29.261369       1.301548     1338
      48.388378     -26.601736       1.301548     1339
      49.365868     -25.370610       0.864171     1340
      50.705121     -22.575374       0.864171     1341
      51.052085     -21.042151       1.301548     1342
      52.147087     -18.159537       1.301548     1343
      52.905576     -16.782637       0.864171     1344
      53.759915     -13.803200       0.864171     1345
      53.846326     -12.233585       1.301548     1346
      54.445264      -9.208727       1.301548     1347
      54.963507      -7.724617       0.864171     1348
      55.309006      -4.644427       0.864171     1349
      55.417122      -3.098298       0.864171     1350
      55.452613       0.000000       0.963507     1351
      55.122021       1.539697       1.384286     1352
      54.950124       4.614291       1.384286     1353
      55.107028       6.181244       0.963507     1354
      54.676057       9.247763       0.963507     1355
      54.093321      10.710766       1.384286     1356
      53.411085      13.713636       1.384286     1357
      53.304473      15.284812       0.963507     1358
      52.368138      18.236515       0.963507     1359
      51.549579      19.581848       1.384286     1360
      50.376113      22.428890       1.384286     1361
      50.008970      23.960284       0.963507     1362
      48.593496      26.714500       0.963507     1363
      47.562040      27.904483       1.384286     1364
      45.930209      30.515958       1.384286     1365
      45.312820      31.964678       0.963507     1366
      43.457850      34.444268       0.963507     1367
      42.242387      35.445572       1.384286     1368
      40.197896      37.748337       1.384286     1369
      39.347552      39.073808       0.963507     1370
      37.105041      41.209323       0.963507     1371
      35.739613      41.993903       1.384286     1372
      33.339724      43.923464       1.384286     1373
      32.280240      45.088562       0.963507     1374
      29.712996      46.820190       0.963507     1375
      28.235846      47.366073       1.384286     1376
      25.547774      48.868385       1.384286     1377
      24.308826      49.840479       0.963507     1378
      21.488752      51.119721       0.963507     1379
      19.941252      51.411617       1.384286     1380
      17.040285      52.444604       1.384286     1381
      15.656572      53.196467       0.963507     1382
      12.662653      53.987494       0.963507     1383
      11.088144      54.017228       1.384286     1384
       8.055532      54.551959       1.384286     1385
       6.565809      55.062532       0.963507     1386
       3.481898      55.343190       0.963507     1387
       1.924481      55.109929       1.384286     1388
      -1.154839      55.131427       1.384286     1389
      -2.708847      55.386411       0.963507     1390
      -5.796376      55.148838       0.963507     1391
      -7.293083      54.659114       1.384286     1392
     -10.332865      54.166777       1.384286     1393
     -11.907635      54.159030       0.963507     1394
     -14.912307      53.409881       0.963507     1395
     -16.306383      52.677412       1.384286     1396
     -19.221490      51.685029       1.384286     1397
     -20.772915      51.414768       0.963507     1398
     -23.610574      50.175025       0.963507     1399
     -24.862975      49.220324       1.384286     1400
     -27.571760      47.755690       1.384286     1401
     -29.056388      47.230484       0.963507     1402
     -31.647559      45.534870       0.963507     1403
     -32.723207      44.384678       1.384286     1404
     -35.149803      42.488813       1.384286     1405
     -36.526052      41.723373       0.963507     1406
     -38.798161      39.619377       0.963507     1407
     -39.666929      38.305908       1.384286     1408
     -41.743372      36.031912       1.384286     1409
     -42.972697      35.047677       0.963507     1410
     -44.862107      32.594228       0.963507     1411
     -45.499663      31.154270       1.384286     1412
     -47.167797      28.565833       1.384286     1413
     -48.215766      27.390367       0.963507     1414
     -49.669558      24.656183       0.963507     1415
     -50.058046      23.130064       1.384286     1416
     -51.271149      20.299684       1.384286     1417
     -52.108412      18.965911       0.963507     1418
     -53.085868      16.027568       0.963507     1419
     -53.214407      14.458034       1.384286     1420
     -53.938502      11.464983       1.384286     1421
     -54.541608      10.010258       0.963507     1422
     -55.015353       6.950055       0.963507     1423
     -54.880342       5.381065       1.384286     1424
     -55.095150       2.309171       1.384286     1425
     -55.447208       0.774239       0.963507     1426
     -55.403972      -2.322114       0.963507     1427
     -55.009194      -3.846618       1.384286     1428
     -54.708697      -6.911316       1.384286     1429
     -54.799846      -8.483464       0.963507     1430
     -54.240841     -11.529247       0.963507     1431
     -53.597351     -12.966564       1.384286     1432
     -52.789967     -15.938231       1.384286     1433
     -52.617655     -17.503564       0.963507     1434
     -51.558536     -20.413468       0.963507     1435
     -50.684358     -21.723344       1.384286     1436
     -49.392700     -24.518749       1.384286     1437
     -48.961751     -26.033425       0.963507     1438
     -47.432184     -28.725951       0.963507     1439
     -46.351802     -29.871698       1.384286     1440
     -44.612045     -32.412548       1.384286     1441
     -43.934531     -33.834144       0.963507     1442
     -41.977354     -36.233880       0.963507     1443
     -40.721027     -37.183408       1.384286     1444
     -38.581900     -39.398539       1.384286     1445
     -37.676796     -40.687238       0.963507     1446
     -35.346826     -42.726973       0.963507     1447
     -33.949741     -43.453687       1.384286     1448
     -31.471155     -45.281058       1.384286     1449
     -30.363812     -46.400768       0.963507     1450
     -27.726307     -48.023372       0.963507     1451
     -26.227593     -48.506919       1.384286     1452
     -23.478969     -49.895349       1.384286     1453
     -22.200400     -50.814708       0.963507     1454
     -19.329231     -51.974736       0.963507     1455
     -17.770865     -52.201573       1.384286     1456
     -14.829186     -53.112175       1.384286     1457
     -13.415201     -53.805434       0.963507     1458
     -10.390784     -54.470395       0.963507     1459
      -8.816412     -54.434169       1.384286     1460
      -5.764067     -54.841438       1.384286     1461
      -4.254271     -55.289181       0.963507     1462
      -1.161312     -55.440452       0.963507     1463
       0.384971     -55.142177       1.384286     1464
       3.462490     -55.034707       1.384286     1465
       5.025813     -55.224393       0.963507     1466
       8.100686     -54.857736       0.963507     1467
       9.575572     -54.305766       1.384286     1468
      12.592071     -53.686568       1.384286     1469
      14.165135     -53.612884       0.963507     1470
      17.135800     -52.738569       0.963507     1471
      18.497980     -51.948364       1.384286     1472
      21.368974     -50.834780       1.384286     1473
      22.907720     -50.499789       0.963507     1474
      25.690976     -49.142304       0.963507     1475
      26.902299     -48.135996       1.384286     1476
      29.547376     -46.559214       1.384286     1477
      31.008708     -45.972300       0.963507     1478
      33.526601     -44.169666       0.963507     1479
      34.553140     -42.975439       1.384286     1480
      36.898217     -40.979622       1.384286     1481
      38.241206     -40.157222       0.963507     1482
      40.423215     -37.959926       0.963507     1483
      41.236219     -36.611229       1.384286     1484
      43.215616     -34.252275       1.384286     1485
      44.402647     -33.217424       0.963507     1486
      46.187660     -30.687008       0.963507     1487
      46.764358     -29.221614       1.384286     1488
      48.322635     -26.565594       1.384286     1489
      49.320462     -25.347275       0.963507     1490
      50.658483     -22.554610       0.963507     1491
      50.982723     -21.013562       1.384286     1492
      52.076238     -18.134865       1.384286     1493
      52.856914     -16.767201       0.963507     1494
      53.710468     -13.790504       0.963507     1495
      53.773168     -12.216964       1.384286     1496
      54.371293      -9.196216       1.384286     1497
      54.912952      -7.717512       0.963507     1498
      55.258133      -4.640155       0.963507     1499
      55.366150      -3.095448       0.963507     1500
      55.396096       0.000000       1.059839     1501
      55.042528       1.537477       1.462707     1502
      54.870880       4.607636       1.462707     1503
      55.050863       6.174944       1.059839     1504
      54.620331       9.238338       1.059839     1505
      54.015311      10.695320       1.462707     1506
      53.334060      13.693859       1.462707     1507
      53.250145      15.269233       1.059839     1508
      52.314764      18.217928       1.059839     1509
      51.475238      19.553609       1.462707     1510
      50.303464      22.396545       1.462707     1511
      49.958001      23.935864       1.059839     1512
      48.543969      26.687273       1.059839     1513
      47.493450      27.864242       1.462707     1514
      45.863972      30.471950       1.462707     1515
      45.266637      31.932100       1.059839     1516
      43.413558      34.409162       1.059839     1517
      42.181469      35.394455       1.462707     1518
      40.139926      37.693900       1.462707     1519
      39.307449      39.033984       1.059839     1520
      37.067223      41.167322       1.059839     1521
      35.688072      41.933343       1.462707     1522
      33.291644      43.860121       1.462707     1523
      32.247340      45.042608       1.059839     1524
      29.682713      46.772471       1.059839     1525
      28.195127      47.297765       1.462707     1526
      25.510931      48.797911       1.462707     1527
      24.284050      49.789681       1.059839     1528
      21.466851      51.067620       1.059839     1529
      19.912494      51.337475       1.462707     1530
      17.015711      52.368973       1.462707     1531
      15.640615      53.142249       1.059839     1532
      12.649747      53.932471       1.059839     1533
      11.072154      53.939328       1.462707     1534
       8.043915      54.473288       1.462707     1535
       6.559118      55.006413       1.059839     1536
       3.478350      55.286785       1.059839     1537
       1.921706      55.030453       1.462707     1538
      -1.153173      55.051920       1.462707     1539
      -2.706087      55.329961       1.059839     1540
      -5.790469      55.092631       1.059839     1541
      -7.282565      54.580289       1.462707     1542
     -10.317964      54.088662       1.462707     1543
     -11.895499      54.103831       1.059839     1544
     -14.897108      53.355446       1.059839     1545
     -16.282867      52.601445       1.462707     1546
     -19.193770      51.610492       1.462707     1547
     -20.751743      51.362366       1.059839     1548
     -23.586511      50.123886       1.059839     1549
     -24.827119      49.149343       1.462707     1550
     -27.531998      47.686820       1.462707     1551
     -29.026774      47.182347       1.059839     1552
     -31.615304      45.488461       1.059839     1553
     -32.676016      44.320669       1.462707     1554
     -35.099112      42.427539       1.462707     1555
     -36.488825      41.680849       1.059839     1556
     -38.758618      39.578997       1.059839     1557
     -39.609724      38.250666       1.462707     1558
     -41.683173      35.979950       1.462707     1559
     -42.928899      35.011956       1.059839     1560
     -44.816383      32.561008       1.059839     1561
     -45.434047      31.109341       1.462707     1562
     -47.099775      28.524638       1.462707     1563
     -48.166625      27.362451       1.059839     1564
     -49.618935      24.631053       1.059839     1565
     -49.985856      23.096708       1.462707     1566
     -51.197209      20.270409       1.462707     1567
     -52.055303      18.946581       1.059839     1568
     -53.031763      16.011233       1.059839     1569
     -53.137665      14.437184       1.462707     1570
     -53.860716      11.448449       1.462707     1571
     -54.486020      10.000056       1.059839     1572
     -54.959281       6.942972       1.059839     1573
     -54.801198       5.373304       1.462707     1574
     -55.015696       2.305841       1.462707     1575
     -55.390696       0.773450       1.059839     1576
     -55.347504      -2.319748       1.059839     1577
     -54.929864      -3.841070       1.462707     1578
     -54.629801      -6.901349       1.462707     1579
     -54.743994      -8.474818       1.059839     1580
     -54.185559     -11.517496       1.059839     1581
     -53.520057     -12.947865       1.462707     1582
     -52.713838     -15.915246       1.462707     1583
     -52.564027     -17.485724       1.059839     1584
     -51.505988     -20.392663       1.059839     1585
     -50.611265     -21.692016       1.462707     1586
     -49.321469     -24.483390       1.462707     1587
     -48.911850     -26.006892       1.059839     1588
     -47.383841     -28.696674       1.059839     1589
     -46.284957     -29.828619       1.462707     1590
     -44.547709     -32.365805       1.462707     1591
     -43.889753     -33.799660       1.059839     1592
     -41.934571     -36.196951       1.059839     1593
     -40.662302     -37.129784       1.462707     1594
     -38.526260     -39.341721       1.462707     1595
     -37.638396     -40.645770       1.059839     1596
     -35.310801     -42.683426       1.059839     1597
     -33.900781     -43.391022       1.462707     1598
     -31.425770     -45.215757       1.462707     1599
     -30.332865     -46.353476       1.059839     1600
     -27.698048     -47.974427       1.059839     1601
     -26.189770     -48.436966       1.462707     1602
     -23.445110     -49.823394       1.462707     1603
     -22.177774     -50.762918       1.059839     1604
     -19.309531     -51.921763       1.059839     1605
     -17.745237     -52.126292       1.462707     1606
     -14.807800     -53.035580       1.462707     1607
     -13.401529     -53.750595       1.059839     1608
     -10.380193     -54.414879       1.059839     1609
      -8.803697     -54.355668       1.462707     1610
      -5.755755     -54.762350       1.462707     1611
      -4.249935     -55.232830       1.059839     1612
      -1.160128     -55.383947       1.059839     1613
       0.384416     -55.062655       1.462707     1614
       3.457497     -54.955341       1.462707     1615
       5.020691     -55.168108       1.059839     1616
       8.092430     -54.801825       1.059839     1617
       9.561763     -54.227451       1.462707     1618
      12.573912     -53.609146       1.462707     1619
      14.150698     -53.558241       1.059839     1620
      17.118335     -52.684818       1.059839     1621
      18.471304     -51.873448       1.462707     1622
      21.338157     -50.761470       1.462707     1623
      22.884373     -50.448320       1.059839     1624
      25.664792     -49.092219       1.059839     1625
      26.863503     -48.066578       1.462707     1626
      29.504765     -46.492070       1.462707     1627
      30.977104     -45.925445       1.059839     1628
      33.492431     -44.124648       1.059839     1629
      34.503310     -42.913463       1.462707     1630
      36.845006     -40.920524       1.462707     1631
      38.202231     -40.116294       1.059839     1632
      40.382016     -37.921237       1.059839     1633
      41.176752     -36.558431       1.462707     1634
      43.153294     -34.202879       1.462707     1635
      44.357392     -33.183569       1.059839     1636
      46.140585     -30.655731       1.059839     1637
      46.696918     -29.179473       1.462707     1638
      48.252948     -26.527283       1.462707     1639
      49.270195     -25.321441       1.059839     1640
      50.606852     -22.531622       1.059839     1641
      50.909200     -20.983258       1.462707     1642
      52.001137     -18.108712       1.462707     1643
      52.803042     -16.750112       1.059839     1644
      53.655726     -13.776449       1.059839     1645
      53.695621     -12.199346       1.462707     1646
      54.292883      -9.182954       1.462707     1647
      54.856985      -7.709646       1.059839     1648
      55.201814      -4.635426       1.059839     1649
      55.309721      -3.092293       1.059839     1650
      55.334290       0.000000       1.152865     1651
      54.958783       1.535138       1.536567     1652
      54.787396       4.600626       1.536567     1653
      54.989442       6.168054       1.152865     1654
      54.559390       9.228030       1.152865     1655
      53.933130      10.679047       1.536567     1656
      53.252915      13.673025       1.536567     1657
      53.190733      15.252197       1.152865     1658
      52.256396      18.197602       1.152865     1659
      51.396921      19.523859       1.536567     1660
      50.226930      22.362470       1.536567     1661
      49.902262      23.909158       1.152865     1662
      48.489808      26.657497       1.152865     1663
      47.421191      27.821847       1.536567     1664
      45.794193      30.425589       1.536567     1665
      45.216133      31.896473       1.152865     1666
      43.365121      34.370771       1.152865     1667
      42.117292      35.340604       1.536567     1668
      40.078855      37.636550       1.536567     1669
      39.263593      38.990434       1.152865     1670
      37.025867      41.121391       1.152865     1671
      35.633774      41.869543       1.536567     1672
      33.240992      43.793390       1.536567     1673
      32.211361      44.992353       1.152865     1674
      29.649595      46.720286       1.152865     1675
      28.152229      47.225804       1.536567     1676
      25.472118      48.723667       1.536567     1677
      24.256956      49.734130       1.152865     1678
      21.442900      51.010643       1.152865     1679
      19.882198      51.259367       1.536567     1680
      16.989822      52.289296       1.536567     1681
      15.623164      53.082957       1.152865     1682
      12.635633      53.872297       1.152865     1683
      11.055308      53.857262       1.536567     1684
       8.031677      54.390410       1.536567     1685
       6.551799      54.945041       1.152865     1686
       3.474469      55.225100       1.152865     1687
       1.918782      54.946727       1.536567     1688
      -1.151419      54.968161       1.536567     1689
      -2.703067      55.268228       1.152865     1690
      -5.784008      55.031163       1.152865     1691
      -7.271485      54.497248       1.536567     1692
     -10.302266      54.006369       1.536567     1693
     -11.882227      54.043467       1.152865     1694
     -14.880487      53.295917       1.152865     1695
     -16.258093      52.521414       1.536567     1696
     -19.164568      51.531969       1.536567     1697
     -20.728590      51.305060       1.152865     1698
     -23.560195      50.067962       1.152865     1699
     -24.789346      49.074564       1.536567     1700
     -27.490110      47.614267       1.536567     1701
     -28.994388      47.129705       1.152865     1702
     -31.580030      45.437708       1.152865     1703
     -32.626301      44.253238       1.536567     1704
     -35.045711      42.362987       1.536567     1705
     -36.448113      41.634345       1.152865     1706
     -38.715374      39.534838       1.152865     1707
     -39.549460      38.192470       1.536567     1708
     -41.619754      35.925208       1.536567     1709
     -42.881003      34.972893       1.152865     1710
     -44.766381      32.524679       1.152865     1711
     -45.364921      31.062010       1.536567     1712
     -47.028115      28.481239       1.536567     1713
     -48.112884      27.331922       1.152865     1714
     -49.563574      24.603572       1.152865     1715
     -49.909805      23.061568       1.536567     1716
     -51.119315      20.239569       1.536567     1717
     -51.997224      18.925442       1.152865     1718
     -52.972595      15.993369       1.152865     1719
     -53.056819      14.415219       1.536567     1720
     -53.778770      11.431030       1.536567     1721
     -54.425229       9.988899       1.152865     1722
     -54.897962       6.935225       1.152865     1723
     -54.717821       5.365129       1.536567     1724
     -54.931992       2.302333       1.536567     1725
     -55.328896       0.772587       1.152865     1726
     -55.285752      -2.317160       1.152865     1727
     -54.846290      -3.835226       1.536567     1728
     -54.546684      -6.890849       1.536567     1729
     -54.682916      -8.465363       1.152865     1730
     -54.125103     -11.504646       1.152865     1731
     -53.438629     -12.928165       1.536567     1732
     -52.633636     -15.891032       1.536567     1733
     -52.505380     -17.466215       1.152865     1734
     -51.448522     -20.369911       1.152865     1735
     -50.534263     -21.659013       1.536567     1736
     -49.246429     -24.446140       1.536567     1737
     -48.857278     -25.977876       1.152865     1738
     -47.330974     -28.664657       1.152865     1739
     -46.214536     -29.783236       1.536567     1740
     -44.479932     -32.316562       1.536567     1741
     -43.840785     -33.761949       1.152865     1742
     -41.887784     -36.156565       1.152865     1743
     -40.600437     -37.073293       1.536567     1744
     -38.467644     -39.281865       1.536567     1745
     -37.596402     -40.600421       1.152865     1746
     -35.271404     -42.635803       1.152865     1747
     -33.849203     -43.325004       1.536567     1748
     -31.377957     -45.146964       1.536567     1749
     -30.299022     -46.301759       1.152865     1750
     -27.667145     -47.920901       1.152865     1751
     -26.149923     -48.363272       1.536567     1752
     -23.409439     -49.747590       1.536567     1753
     -22.153029     -50.706281       1.152865     1754
     -19.287987     -51.863833       1.152865     1755
     -17.718239     -52.046984       1.536567     1756
     -14.785271     -52.954889       1.536567     1757
     -13.386576     -53.690625       1.152865     1758
     -10.368612     -54.354167       1.152865     1759
      -8.790303     -54.272968       1.536567     1760
      -5.746998     -54.679032       1.536567     1761
      -4.245193     -55.171206       1.152865     1762
      -1.158834     -55.322154       1.152865     1763
       0.383831     -54.978880       1.536567     1764
       3.452237     -54.871728       1.536567     1765
       5.015089     -55.106556       1.152865     1766
       8.083401     -54.740682       1.152865     1767
       9.547215     -54.144946       1.536567     1768
      12.554781     -53.527582       1.536567     1769
      14.134910     -53.498486       1.152865     1770
      17.099236     -52.626037       1.152865     1771
      18.443201     -51.794525       1.536567     1772
      21.305692     -50.684238       1.536567     1773
      22.858840     -50.392034       1.152865     1774
      25.636157     -49.037446       1.152865     1775
      26.822631     -47.993447       1.536567     1776
      29.459875     -46.421335       1.536567     1777
      30.942542     -45.874205       1.152865     1778
      33.455063     -44.075417       1.152865     1779
      34.450815     -42.848172       1.536567     1780
      36.788948     -40.858266       1.536567     1781
      38.159608     -40.071536       1.152865     1782
      40.336961     -37.878928       1.152865     1783
      41.114103     -36.502809       1.536567     1784
      43.087638     -34.150841       1.536567     1785
      44.307902     -33.146545       1.152865     1786
      46.089105     -30.621528       1.152865     1787
      46.625870     -29.135077       1.536567     1788
      48.179534     -26.486923       1.536567     1789
      49.215223     -25.293189       1.152865     1790
      50.550389     -22.506483       1.152865     1791
      50.831744     -20.951333       1.536567     1792
      51.922020     -18.081160       1.536567     1793
      52.744129     -16.731423       1.152865     1794
      53.595861     -13.761078       1.152865     1795
      53.613925     -12.180785       1.536567     1796
      54.210278      -9.168982       1.536567     1797
      54.795780      -7.701045       1.152865     1798
      55.140225      -4.630254       1.152865     1799
      55.248011      -3.088843       1.152865     1800
