0.000 0.00000e+00
0.001 -5.95864e-10
0.002 -1.19188e-09
0.003 -1.78822e-09
0.004 -2.38502e-09
0.005 -2.98245e-09
0.006 -3.58065e-09
0.007 -4.17980e-09
0.008 -4.78004e-09
0.009 -5.38154e-09
0.010 -5.98444e-09
0.011 -6.58891e-09
0.012 -7.19511e-09
0.013 -7.80319e-09
0.014 -8.41332e-09
0.015 -9.02564e-09
0.016 -9.64033e-09
0.017 -1.02575e-08
0.018 -1.08774e-08
0.019 -1.15002e-08
0.020 -1.21259e-08
0.021 -1.27548e-08
0.022 -1.33871e-08
0.023 -1.40228e-08
0.024 -1.46622e-08
0.025 -1.53054e-08
0.026 -1.59527e-08
0.027 -1.66040e-08
0.028 -1.72597e-08
0.029 -1.79199e-08
0.030 -1.85848e-08
0.031 -1.92545e-08
0.032 -1.99292e-08
0.033 -2.06091e-08
0.034 -2.12944e-08
0.035 -2.19851e-08
0.036 -2.26816e-08
0.037 -2.33840e-08
0.038 -2.40924e-08
0.039 -2.48071e-08
0.040 -2.55282e-08
0.041 -2.62559e-08
0.042 -2.69904e-08
0.043 -2.77318e-08
0.044 -2.84804e-08
0.045 -2.92364e-08
0.046 -2.99999e-08
0.047 -3.07711e-08
0.048 -3.15503e-08
0.049 -3.23375e-08
0.050 -3.31331e-08
0.051 -3.39372e-08
0.052 -3.47500e-08
0.053 -3.55716e-08
0.054 -3.64024e-08
0.055 -3.72425e-08
0.056 -3.80922e-08
0.057 -3.89515e-08
0.058 -3.98208e-08
0.059 -4.07002e-08
0.060 -4.15900e-08
0.061 -4.24903e-08
0.062 -4.34014e-08
0.063 -4.43236e-08
0.064 -4.52569e-08
0.065 -4.62017e-08
0.066 -4.71582e-08
0.067 -4.81266e-08
0.068 -4.91071e-08
0.069 -5.01000e-08
0.070 -5.11054e-08
0.071 -5.21237e-08
0.072 -5.31551e-08
0.073 -5.41998e-08
0.074 -5.52580e-08
0.075 -5.63300e-08
0.076 -5.74160e-08
0.077 -5.85164e-08
0.078 -5.96312e-08
0.079 -6.07609e-08
0.080 -6.19056e-08
0.081 -6.30656e-08
0.082 -6.42412e-08
0.083 -6.54326e-08
0.084 -6.66402e-08
0.085 -6.78640e-08
0.086 -6.91045e-08
0.087 -7.03619e-08
0.088 -7.16365e-08
0.089 -7.29286e-08
0.090 -7.42384e-08
0.091 -7.55662e-08
0.092 -7.69123e-08
0.093 -7.82770e-08
0.094 -7.96606e-08
0.095 -8.10634e-08
0.096 -8.24856e-08
0.097 -8.39276e-08
0.098 -8.53897e-08
0.099 -8.68722e-08
0.100 -8.83753e-08
