0.000 0.00000e+00
0.001 -1.45678e-08
0.002 -2.91391e-08
0.003 -4.37174e-08
0.004 -5.83062e-08
0.005 -7.29090e-08
0.006 -8.75294e-08
0.007 -1.02171e-07
0.008 -1.16837e-07
0.009 -1.31531e-07
0.010 -1.46257e-07
0.011 -1.61017e-07
0.012 -1.75817e-07
0.013 -1.90659e-07
0.014 -2.05546e-07
0.015 -2.20483e-07
0.016 -2.35472e-07
0.017 -2.50518e-07
0.018 -2.65624e-07
0.019 -2.80793e-07
0.020 -2.96030e-07
0.021 -3.11337e-07
0.022 -3.26719e-07
0.023 -3.42178e-07
0.024 -3.57719e-07
0.025 -3.73345e-07
0.026 -3.89060e-07
0.027 -4.04867e-07
0.028 -4.20770e-07
0.029 -4.36773e-07
0.030 -4.52879e-07
0.031 -4.69093e-07
0.032 -4.85417e-07
0.033 -5.01856e-07
0.034 -5.18413e-07
0.035 -5.35092e-07
0.036 -5.51896e-07
0.037 -5.68830e-07
0.038 -5.85898e-07
0.039 -6.03102e-07
0.040 -6.20447e-07
0.041 -6.37937e-07
0.042 -6.55575e-07
0.043 -6.73366e-07
0.044 -6.91313e-07
0.045 -7.09419e-07
0.046 -7.27690e-07
0.047 -7.46129e-07
0.048 -7.64739e-07
0.049 -7.83525e-07
0.050 -8.02491e-07
0.051 -8.21640e-07
0.052 -8.40977e-07
0.053 -8.60505e-07
0.054 -8.80229e-07
0.055 -9.00152e-07
0.056 -9.20279e-07
0.057 -9.40614e-07
0.058 -9.61160e-07
0.059 -9.81922e-07
0.060 -1.00290e-06
0.061 -1.02411e-06
0.062 -1.04554e-06
0.063 -1.06721e-06
0.064 -1.08911e-06
0.065 -1.11126e-06
0.066 -1.13364e-06
0.067 -1.15628e-06
0.068 -1.17917e-06
0.069 -1.20232e-06
0.070 -1.22572e-06
0.071 -1.24940e-06
0.072 -1.27334e-06
0.073 -1.29756e-06
0.074 -1.32205e-06
0.075 -1.34683e-06
0.076 -1.37190e-06
0.077 -1.39725e-06
0.078 -1.42291e-06
0.079 -1.44886e-06
0.080 -1.47511e-06
0.081 -1.50168e-06
0.082 -1.52855e-06
0.083 -1.55575e-06
0.084 -1.58326e-06
0.085 -1.61110e-06
0.086 -1.63927e-06
0.087 -1.66777e-06
0.088 -1.69661e-06
0.089 -1.72579e-06
0.090 -1.75532e-06
0.091 -1.78520e-06
0.092 -1.81544e-06
0.093 -1.84603e-06
0.094 -1.87699e-06
0.095 -1.90832e-06
0.096 -1.94001e-06
0.097 -1.97209e-06
0.098 -2.00454e-06
0.099 -2.03738e-06
0.100 -2.07061e-06
