0.000 0.00000e+00
0.001 -1.22887e-17
0.002 -2.45807e-17
0.003 -3.68796e-17
0.004 -4.91886e-17
0.005 -6.15111e-17
0.006 -7.38507e-17
0.007 -8.62105e-17
0.008 -9.85942e-17
0.009 -1.11005e-16
0.010 -1.23446e-16
0.011 -1.35922e-16
0.012 -1.48435e-16
0.013 -1.60989e-16
0.014 -1.73587e-16
0.015 -1.86233e-16
0.016 -1.98930e-16
0.017 -2.11682e-16
0.018 -2.24493e-16
0.019 -2.37365e-16
0.020 -2.50303e-16
0.021 -2.63310e-16
0.022 -2.76389e-16
0.023 -2.89544e-16
0.024 -3.02780e-16
0.025 -3.16098e-16
0.026 -3.29504e-16
0.027 -3.43000e-16
0.028 -3.56591e-16
0.029 -3.70281e-16
0.030 -3.84072e-16
0.031 -3.97969e-16
0.032 -4.11975e-16
0.033 -4.26095e-16
0.034 -4.40332e-16
0.035 -4.54691e-16
0.036 -4.69174e-16
0.037 -4.83787e-16
0.038 -4.98533e-16
0.039 -5.13416e-16
0.040 -5.28441e-16
0.041 -5.43611e-16
0.042 -5.58930e-16
0.043 -5.74403e-16
0.044 -5.90035e-16
0.045 -6.05828e-16
0.046 -6.21788e-16
0.047 -6.37920e-16
0.048 -6.54226e-16
0.049 -6.70713e-16
0.050 -6.87384e-16
0.051 -7.04243e-16
0.052 -7.21297e-16
0.053 -7.38548e-16
0.054 -7.56003e-16
0.055 -7.73665e-16
0.056 -7.91540e-16
0.057 -8.09632e-16
0.058 -8.27947e-16
0.059 -8.46489e-16
0.060 -8.65263e-16
0.061 -8.84275e-16
0.062 -9.03529e-16
0.063 -9.23032e-16
0.064 -9.42788e-16
0.065 -9.62802e-16
0.066 -9.83081e-16
0.067 -1.00363e-15
0.068 -1.02445e-15
0.069 -1.04556e-15
0.070 -1.06695e-15
0.071 -1.08863e-15
0.072 -1.11061e-15
0.073 -1.13290e-15
0.074 -1.15549e-15
0.075 -1.17841e-15
0.076 -1.20164e-15
0.077 -1.22521e-15
0.078 -1.24911e-15
0.079 -1.27335e-15
0.080 -1.29794e-15
0.081 -1.32288e-15
0.082 -1.34819e-15
0.083 -1.37386e-15
0.084 -1.39991e-15
0.085 -1.42634e-15
0.086 -1.45317e-15
0.087 -1.48039e-15
0.088 -1.50801e-15
0.089 -1.53605e-15
0.090 -1.56450e-15
0.091 -1.59338e-15
0.092 -1.62270e-15
0.093 -1.65245e-15
0.094 -1.68266e-15
0.095 -1.71333e-15
0.096 -1.74446e-15
0.097 -1.77607e-15
0.098 -1.80817e-15
0.099 -1.84075e-15
0.100 -1.87384e-15
