0.000 0.00000e+00
0.001 -6.93939e-08
0.002 -1.38794e-07
0.003 -2.08205e-07
0.004 -2.77634e-07
0.005 -3.47087e-07
0.006 -4.16569e-07
0.007 -4.86086e-07
0.008 -5.55644e-07
0.009 -6.25249e-07
0.010 -6.94906e-07
0.011 -7.64622e-07
0.012 -8.34401e-07
0.013 -9.04249e-07
0.014 -9.74173e-07
0.015 -1.04418e-06
0.016 -1.11427e-06
0.017 -1.18445e-06
0.018 -1.25472e-06
0.019 -1.32510e-06
0.020 -1.39559e-06
0.021 -1.46619e-06
0.022 -1.53690e-06
0.023 -1.60774e-06
0.024 -1.67870e-06
0.025 -1.74979e-06
0.026 -1.82102e-06
0.027 -1.89239e-06
0.028 -1.96390e-06
0.029 -2.03556e-06
0.030 -2.10738e-06
0.031 -2.17935e-06
0.032 -2.25148e-06
0.033 -2.32378e-06
0.034 -2.39624e-06
0.035 -2.46887e-06
0.036 -2.54168e-06
0.037 -2.61467e-06
0.038 -2.68784e-06
0.039 -2.76119e-06
0.040 -2.83473e-06
0.041 -2.90846e-06
0.042 -2.98237e-06
0.043 -3.05648e-06
0.044 -3.13079e-06
0.045 -3.20530e-06
0.046 -3.28000e-06
0.047 -3.35490e-06
0.048 -3.43001e-06
0.049 -3.50532e-06
0.050 -3.58083e-06
0.051 -3.65655e-06
0.052 -3.73248e-06
0.053 -3.80861e-06
0.054 -3.88495e-06
0.055 -3.96149e-06
0.056 -4.03824e-06
0.057 -4.11519e-06
0.058 -4.19236e-06
0.059 -4.26972e-06
0.060 -4.34729e-06
0.061 -4.42507e-06
0.062 -4.50304e-06
0.063 -4.58122e-06
0.064 -4.65959e-06
0.065 -4.73816e-06
0.066 -4.81692e-06
0.067 -4.89588e-06
0.068 -4.97502e-06
0.069 -5.05436e-06
0.070 -5.13387e-06
0.071 -5.21357e-06
0.072 -5.29345e-06
0.073 -5.37350e-06
0.074 -5.45372e-06
0.075 -5.53411e-06
0.076 -5.61466e-06
0.077 -5.69537e-06
0.078 -5.77623e-06
0.079 -5.85725e-06
0.080 -5.93841e-06
0.081 -6.01970e-06
0.082 -6.10114e-06
0.083 -6.18270e-06
0.084 -6.26439e-06
0.085 -6.34620e-06
0.086 -6.42811e-06
0.087 -6.51014e-06
0.088 -6.59227e-06
0.089 -6.67449e-06
0.090 -6.75680e-06
0.091 -6.83919e-06
0.092 -6.92166e-06
0.093 -7.00419e-06
0.094 -7.08679e-06
0.095 -7.16944e-06
0.096 -7.25214e-06
0.097 -7.33488e-06
0.098 -7.41765e-06
0.099 -7.50045e-06
0.100 -7.58326e-06
