0.000 0.00000e+00
0.001 -1.82026e-12
0.002 -3.64094e-12
0.003 -5.46247e-12
0.004 -7.28527e-12
0.005 -9.10977e-12
0.006 -1.09364e-11
0.007 -1.27655e-11
0.008 -1.45976e-11
0.009 -1.64332e-11
0.010 -1.82725e-11
0.011 -2.01160e-11
0.012 -2.19643e-11
0.013 -2.38176e-11
0.014 -2.56764e-11
0.015 -2.75412e-11
0.016 -2.94124e-11
0.017 -3.12903e-11
0.018 -3.31755e-11
0.019 -3.50684e-11
0.020 -3.69693e-11
0.021 -3.88787e-11
0.022 -4.07971e-11
0.023 -4.27249e-11
0.024 -4.46625e-11
0.025 -4.66104e-11
0.026 -4.85689e-11
0.027 -5.05386e-11
0.028 -5.25198e-11
0.029 -5.45130e-11
0.030 -5.65187e-11
0.031 -5.85372e-11
0.032 -6.05690e-11
0.033 -6.26146e-11
0.034 -6.46744e-11
0.035 -6.67489e-11
0.036 -6.88384e-11
0.037 -7.09435e-11
0.038 -7.30645e-11
0.039 -7.52020e-11
0.040 -7.73563e-11
0.041 -7.95280e-11
0.042 -8.17175e-11
0.043 -8.39251e-11
0.044 -8.61515e-11
0.045 -8.83971e-11
0.046 -9.06622e-11
0.047 -9.29474e-11
0.048 -9.52531e-11
0.049 -9.75797e-11
0.050 -9.99279e-11
0.051 -1.02298e-10
0.052 -1.04690e-10
0.053 -1.07105e-10
0.054 -1.09544e-10
0.055 -1.12006e-10
0.056 -1.14493e-10
0.057 -1.17004e-10
0.058 -1.19540e-10
0.059 -1.22102e-10
0.060 -1.24690e-10
0.061 -1.27305e-10
0.062 -1.29947e-10
0.063 -1.32616e-10
0.064 -1.35313e-10
0.065 -1.38039e-10
0.066 -1.40793e-10
0.067 -1.43577e-10
0.068 -1.46391e-10
0.069 -1.49236e-10
0.070 -1.52111e-10
0.071 -1.55017e-10
0.072 -1.57956e-10
0.073 -1.60926e-10
0.074 -1.63930e-10
0.075 -1.66966e-10
0.076 -1.70036e-10
0.077 -1.73141e-10
0.078 -1.76280e-10
0.079 -1.79455e-10
0.080 -1.82665e-10
0.081 -1.85911e-10
0.082 -1.89193e-10
0.083 -1.92513e-10
0.084 -1.95870e-10
0.085 -1.99265e-10
0.086 -2.02699e-10
0.087 -2.06172e-10
0.088 -2.09684e-10
0.089 -2.13236e-10
0.090 -2.16828e-10
0.091 -2.20461e-10
0.092 -2.24136e-10
0.093 -2.27852e-10
0.094 -2.31610e-10
0.095 -2.35411e-10
0.096 -2.39255e-10
0.097 -2.43143e-10
0.098 -2.47075e-10
0.099 -2.51051e-10
0.100 -2.55072e-10
0.000 0.00000e+00
0.001 -1.82026e-12
0.002 -3.64094e-12
0.003 -5.46247e-12
0.004 -7.28527e-12
0.005 -9.10976e-12
0.006 -1.09364e-11
0.007 -1.27655e-11
0.008 -1.45976e-11
0.009 -1.64331e-11
0.010 -1.82725e-11
0.011 -2.01160e-11
0.012 -2.19643e-11
0.013 -2.38176e-11
0.014 -2.56764e-11
0.015 -2.75412e-11
0.016 -2.94124e-11
0.017 -3.12903e-11
0.018 -3.31755e-11
0.019 -3.50683e-11
0.020 -3.69693e-11
0.021 -3.88787e-11
0.022 -4.07971e-11
0.023 -4.27249e-11
0.024 -4.46625e-11
0.025 -4.66104e-11
0.026 -4.85689e-11
0.027 -5.05386e-11
0.028 -5.25198e-11
0.029 -5.45130e-11
0.030 -5.65186e-11
0.031 -5.85372e-11
0.032 -6.05690e-11
0.033 -6.26146e-11
0.034 -6.46744e-11
0.035 -6.67488e-11
0.036 -6.88384e-11
0.037 -7.09434e-11
0.038 -7.30645e-11
0.039 -7.52019e-11
0.040 -7.73563e-11
0.041 -7.95280e-11
0.042 -8.17174e-11
0.043 -8.39251e-11
0.044 -8.61515e-11
0.045 -8.83970e-11
0.046 -9.06621e-11
0.047 -9.29473e-11
0.048 -9.52530e-11
0.049 -9.75797e-11
0.050 -9.99278e-11
0.051 -1.02298e-10
0.052 -1.04690e-10
0.053 -1.07105e-10
0.054 -1.09544e-10
0.055 -1.12006e-10
0.056 -1.14493e-10
0.057 -1.17004e-10
0.058 -1.19540e-10
0.059 -1.22102e-10
0.060 -1.24690e-10
0.061 -1.27305e-10
0.062 -1.29946e-10
0.063 -1.32616e-10
0.064 -1.35313e-10
0.065 -1.38039e-10
0.066 -1.40793e-10
0.067 -1.43577e-10
0.068 -1.46391e-10
0.069 -1.49235e-10
0.070 -1.52111e-10
0.071 -1.55017e-10
0.072 -1.57955e-10
0.073 -1.60926e-10
0.074 -1.63929e-10
0.075 -1.66966e-10
0.076 -1.70036e-10
0.077 -1.73141e-10
0.078 -1.76280e-10
0.079 -1.79454e-10
0.080 -1.82664e-10
0.081 -1.85911e-10
0.082 -1.89193e-10
0.083 -1.92513e-10
0.084 -1.95870e-10
0.085 -1.99265e-10
0.086 -2.02699e-10
0.087 -2.06172e-10
0.088 -2.09684e-10
0.089 -2.13236e-10
0.090 -2.16828e-10
0.091 -2.20461e-10
0.092 -2.24136e-10
0.093 -2.27852e-10
0.094 -2.31610e-10
0.095 -2.35411e-10
0.096 -2.39255e-10
0.097 -2.43143e-10
0.098 -2.47074e-10
0.099 -2.51051e-10
0.100 -2.55071e-10
