0.000 0.00000e+00
0.001 -9.34339e-25
0.002 -1.86871e-24
0.003 -2.80316e-24
0.004 -3.73771e-24
0.005 -4.67240e-24
0.006 -5.60726e-24
0.007 -6.54234e-24
0.008 -7.47766e-24
0.009 -8.41326e-24
0.010 -9.34918e-24
0.011 -1.02854e-23
0.012 -1.12221e-23
0.013 -1.21592e-23
0.014 -1.30967e-23
0.015 -1.40347e-23
0.016 -1.49733e-23
0.017 -1.59124e-23
0.018 -1.68521e-23
0.019 -1.77924e-23
0.020 -1.87335e-23
0.021 -1.96752e-23
0.022 -2.06176e-23
0.023 -2.15609e-23
0.024 -2.25049e-23
0.025 -2.34498e-23
0.026 -2.43955e-23
0.027 -2.53422e-23
0.028 -2.62899e-23
0.029 -2.72385e-23
0.030 -2.81881e-23
0.031 -2.91388e-23
0.032 -3.00906e-23
0.033 -3.10436e-23
0.034 -3.19977e-23
0.035 -3.29530e-23
0.036 -3.39095e-23
0.037 -3.48673e-23
0.038 -3.58265e-23
0.039 -3.67870e-23
0.040 -3.77488e-23
0.041 -3.87121e-23
0.042 -3.96769e-23
0.043 -4.06431e-23
0.044 -4.16109e-23
0.045 -4.25802e-23
0.046 -4.35512e-23
0.047 -4.45238e-23
0.048 -4.54981e-23
0.049 -4.64740e-23
0.050 -4.74518e-23
0.051 -4.84313e-23
0.052 -4.94127e-23
0.053 -5.03959e-23
0.054 -5.13810e-23
0.055 -5.23681e-23
0.056 -5.33571e-23
0.057 -5.43482e-23
0.058 -5.53413e-23
0.059 -5.63365e-23
0.060 -5.73338e-23
0.061 -5.83334e-23
0.062 -5.93351e-23
0.063 -6.03390e-23
0.064 -6.13453e-23
0.065 -6.23538e-23
0.066 -6.33647e-23
0.067 -6.43780e-23
0.068 -6.53938e-23
0.069 -6.64120e-23
0.070 -6.74328e-23
0.071 -6.84561e-23
0.072 -6.94820e-23
0.073 -7.05105e-23
0.074 -7.15417e-23
0.075 -7.25756e-23
0.076 -7.36123e-23
0.077 -7.46518e-23
0.078 -7.56941e-23
0.079 -7.67392e-23
0.080 -7.77873e-23
0.081 -7.88383e-23
0.082 -7.98924e-23
0.083 -8.09494e-23
0.084 -8.20096e-23
0.085 -8.30728e-23
0.086 -8.41392e-23
0.087 -8.52088e-23
0.088 -8.62817e-23
0.089 -8.73578e-23
0.090 -8.84372e-23
0.091 -8.95200e-23
0.092 -9.06062e-23
0.093 -9.16959e-23
0.094 -9.27890e-23
0.095 -9.38857e-23
0.096 -9.49859e-23
0.097 -9.60898e-23
0.098 -9.71973e-23
0.099 -9.83085e-23
0.100 -9.94234e-23
