0.000 0.00000e+00
0.001 -1.15270e-04
0.002 -2.30563e-04
0.003 -3.45905e-04
0.004 -4.61319e-04
0.005 -5.76828e-04
0.006 -6.92458e-04
0.007 -8.08231e-04
0.008 -9.24173e-04
0.009 -1.04031e-03
0.010 -1.15666e-03
0.011 -1.27324e-03
0.012 -1.39010e-03
0.013 -1.50724e-03
0.014 -1.62469e-03
0.015 -1.74248e-03
0.016 -1.86063e-03
0.017 -1.97917e-03
0.018 -2.09811e-03
0.019 -2.21748e-03
0.020 -2.33731e-03
0.021 -2.45762e-03
0.022 -2.57844e-03
0.023 -2.69978e-03
0.024 -2.82168e-03
0.025 -2.94415e-03
0.026 -3.06723e-03
0.027 -3.19093e-03
0.028 -3.31528e-03
0.029 -3.44030e-03
0.030 -3.56602e-03
0.031 -3.69246e-03
0.032 -3.81965e-03
0.033 -3.94761e-03
0.034 -4.07636e-03
0.035 -4.20593e-03
0.036 -4.33634e-03
0.037 -4.46762e-03
0.038 -4.59980e-03
0.039 -4.73288e-03
0.040 -4.86691e-03
0.041 -5.00190e-03
0.042 -5.13787e-03
0.043 -5.27486e-03
0.044 -5.41289e-03
0.045 -5.55197e-03
0.046 -5.69214e-03
0.047 -5.83342e-03
0.048 -5.97584e-03
0.049 -6.11940e-03
0.050 -6.26415e-03
0.051 -6.41011e-03
0.052 -6.55729e-03
0.053 -6.70573e-03
0.054 -6.85544e-03
0.055 -7.00646e-03
0.056 -7.15880e-03
0.057 -7.31249e-03
0.058 -7.46755e-03
0.059 -7.62401e-03
0.060 -7.78189e-03
0.061 -7.94121e-03
0.062 -8.10201e-03
0.063 -8.26429e-03
0.064 -8.42809e-03
0.065 -8.59343e-03
0.066 -8.76033e-03
0.067 -8.92881e-03
0.068 -9.09891e-03
0.069 -9.27063e-03
0.070 -9.44401e-03
0.071 -9.61907e-03
0.072 -9.79583e-03
0.073 -9.97432e-03
0.074 -1.01546e-02
0.075 -1.03366e-02
0.076 -1.05203e-02
0.077 -1.07060e-02
0.078 -1.08934e-02
0.079 -1.10827e-02
0.080 -1.12739e-02
0.081 -1.14670e-02
0.082 -1.16620e-02
0.083 -1.18589e-02
0.084 -1.20579e-02
0.085 -1.22588e-02
0.086 -1.24617e-02
0.087 -1.26666e-02
0.088 -1.28737e-02
0.089 -1.30827e-02
0.090 -1.32939e-02
0.091 -1.35072e-02
0.092 -1.37226e-02
0.093 -1.39401e-02
0.094 -1.41599e-02
0.095 -1.43818e-02
0.096 -1.46059e-02
0.097 -1.48323e-02
0.098 -1.50609e-02
0.099 -1.52918e-02
0.100 -1.55249e-02
