0.000 0.00000e+00
0.001 -6.32652e-10
0.002 -1.26538e-09
0.003 -1.89824e-09
0.004 -2.53133e-09
0.005 -3.16470e-09
0.006 -3.79843e-09
0.007 -4.43259e-09
0.008 -5.06725e-09
0.009 -5.70248e-09
0.010 -6.33836e-09
0.011 -6.97496e-09
0.012 -7.61235e-09
0.013 -8.25060e-09
0.014 -8.88977e-09
0.015 -9.52996e-09
0.016 -1.01712e-08
0.017 -1.08136e-08
0.018 -1.14572e-08
0.019 -1.21021e-08
0.020 -1.27484e-08
0.021 -1.33961e-08
0.022 -1.40453e-08
0.023 -1.46961e-08
0.024 -1.53485e-08
0.025 -1.60026e-08
0.026 -1.66585e-08
0.027 -1.73162e-08
0.028 -1.79759e-08
0.029 -1.86376e-08
0.030 -1.93013e-08
0.031 -1.99672e-08
0.032 -2.06352e-08
0.033 -2.13055e-08
0.034 -2.19782e-08
0.035 -2.26533e-08
0.036 -2.33308e-08
0.037 -2.40109e-08
0.038 -2.46936e-08
0.039 -2.53789e-08
0.040 -2.60670e-08
0.041 -2.67580e-08
0.042 -2.74517e-08
0.043 -2.81485e-08
0.044 -2.88482e-08
0.045 -2.95510e-08
0.046 -3.02570e-08
0.047 -3.09661e-08
0.048 -3.16785e-08
0.049 -3.23942e-08
0.050 -3.31134e-08
0.051 -3.38359e-08
0.052 -3.45620e-08
0.053 -3.52916e-08
0.054 -3.60249e-08
0.055 -3.67619e-08
0.056 -3.75026e-08
0.057 -3.82471e-08
0.058 -3.89955e-08
0.059 -3.97478e-08
0.060 -4.05041e-08
0.061 -4.12644e-08
0.062 -4.20288e-08
0.063 -4.27974e-08
0.064 -4.35701e-08
0.065 -4.43471e-08
0.066 -4.51284e-08
0.067 -4.59140e-08
0.068 -4.67040e-08
0.069 -4.74984e-08
0.070 -4.82973e-08
0.071 -4.91008e-08
0.072 -4.99088e-08
0.073 -5.07215e-08
0.074 -5.15388e-08
0.075 -5.23608e-08
0.076 -5.31876e-08
0.077 -5.40191e-08
0.078 -5.48555e-08
0.079 -5.56967e-08
0.080 -5.65428e-08
0.081 -5.73938e-08
0.082 -5.82498e-08
0.083 -5.91108e-08
0.084 -5.99768e-08
0.085 -6.08478e-08
0.086 -6.17239e-08
0.087 -6.26051e-08
0.088 -6.34915e-08
0.089 -6.43830e-08
0.090 -6.52796e-08
0.091 -6.61814e-08
0.092 -6.70885e-08
0.093 -6.80007e-08
0.094 -6.89182e-08
0.095 -6.98410e-08
0.096 -7.07690e-08
0.097 -7.17023e-08
0.098 -7.26409e-08
0.099 -7.35848e-08
0.100 -7.45340e-08
