0.000 0.00000e+00
0.001 -1.52099e-09
0.002 -3.04219e-09
0.003 -4.56382e-09
0.004 -6.08610e-09
0.005 -7.60923e-09
0.006 -9.13344e-09
0.007 -1.06589e-08
0.008 -1.21859e-08
0.009 -1.37147e-08
0.010 -1.52453e-08
0.011 -1.67781e-08
0.012 -1.83133e-08
0.013 -1.98510e-08
0.014 -2.13915e-08
0.015 -2.29350e-08
0.016 -2.44817e-08
0.017 -2.60319e-08
0.018 -2.75857e-08
0.019 -2.91433e-08
0.020 -3.07050e-08
0.021 -3.22710e-08
0.022 -3.38414e-08
0.023 -3.54166e-08
0.024 -3.69967e-08
0.025 -3.85818e-08
0.026 -4.01723e-08
0.027 -4.17684e-08
0.028 -4.33701e-08
0.029 -4.49779e-08
0.030 -4.65917e-08
0.031 -4.82120e-08
0.032 -4.98388e-08
0.033 -5.14724e-08
0.034 -5.31130e-08
0.035 -5.47608e-08
0.036 -5.64160e-08
0.037 -5.80787e-08
0.038 -5.97493e-08
0.039 -6.14279e-08
0.040 -6.31146e-08
0.041 -6.48098e-08
0.042 -6.65136e-08
0.043 -6.82262e-08
0.044 -6.99478e-08
0.045 -7.16786e-08
0.046 -7.34189e-08
0.047 -7.51687e-08
0.048 -7.69283e-08
0.049 -7.86979e-08
0.050 -8.04777e-08
0.051 -8.22679e-08
0.052 -8.40687e-08
0.053 -8.58802e-08
0.054 -8.77028e-08
0.055 -8.95364e-08
0.056 -9.13814e-08
0.057 -9.32380e-08
0.058 -9.51062e-08
0.059 -9.69864e-08
0.060 -9.88787e-08
0.061 -1.00783e-07
0.062 -1.02700e-07
0.063 -1.04630e-07
0.064 -1.06573e-07
0.065 -1.08528e-07
0.066 -1.10497e-07
0.067 -1.12479e-07
0.068 -1.14475e-07
0.069 -1.16484e-07
0.070 -1.18508e-07
0.071 -1.20545e-07
0.072 -1.22597e-07
0.073 -1.24663e-07
0.074 -1.26744e-07
0.075 -1.28839e-07
0.076 -1.30950e-07
0.077 -1.33076e-07
0.078 -1.35217e-07
0.079 -1.37373e-07
0.080 -1.39545e-07
0.081 -1.41733e-07
0.082 -1.43937e-07
0.083 -1.46158e-07
0.084 -1.48394e-07
0.085 -1.50647e-07
0.086 -1.52916e-07
0.087 -1.55203e-07
0.088 -1.57506e-07
0.089 -1.59826e-07
0.090 -1.62164e-07
0.091 -1.64519e-07
0.092 -1.66892e-07
0.093 -1.69282e-07
0.094 -1.71690e-07
0.095 -1.74116e-07
0.096 -1.76561e-07
0.097 -1.79023e-07
0.098 -1.81505e-07
0.099 -1.84004e-07
0.100 -1.86523e-07
