0.000 0.00000e+00
0.001 -1.27632e-07
0.002 -2.55276e-07
0.003 -3.82941e-07
0.004 -5.10639e-07
0.005 -6.38381e-07
0.006 -7.66178e-07
0.007 -8.94041e-07
0.008 -1.02198e-06
0.009 -1.15001e-06
0.010 -1.27813e-06
0.011 -1.40637e-06
0.012 -1.53472e-06
0.013 -1.66320e-06
0.014 -1.79182e-06
0.015 -1.92060e-06
0.016 -2.04953e-06
0.017 -2.17863e-06
0.018 -2.30792e-06
0.019 -2.43739e-06
0.020 -2.56707e-06
0.021 -2.69695e-06
0.022 -2.82705e-06
0.023 -2.95738e-06
0.024 -3.08794e-06
0.025 -3.21875e-06
0.026 -3.34982e-06
0.027 -3.48114e-06
0.028 -3.61274e-06
0.029 -3.74461e-06
0.030 -3.87677e-06
0.031 -4.00922e-06
0.032 -4.14197e-06
0.033 -4.27503e-06
0.034 -4.40840e-06
0.035 -4.54209e-06
0.036 -4.67611e-06
0.037 -4.81046e-06
0.038 -4.94515e-06
0.039 -5.08018e-06
0.040 -5.21556e-06
0.041 -5.35129e-06
0.042 -5.48738e-06
0.043 -5.62383e-06
0.044 -5.76065e-06
0.045 -5.89783e-06
0.046 -6.03539e-06
0.047 -6.17332e-06
0.048 -6.31163e-06
0.049 -6.45032e-06
0.050 -6.58938e-06
0.051 -6.72884e-06
0.052 -6.86867e-06
0.053 -7.00889e-06
0.054 -7.14950e-06
0.055 -7.29049e-06
0.056 -7.43186e-06
0.057 -7.57362e-06
0.058 -7.71577e-06
0.059 -7.85829e-06
0.060 -8.00120e-06
0.061 -8.14448e-06
0.062 -8.28814e-06
0.063 -8.43217e-06
0.064 -8.57657e-06
0.065 -8.72133e-06
0.066 -8.86646e-06
0.067 -9.01194e-06
0.068 -9.15778e-06
0.069 -9.30396e-06
0.070 -9.45049e-06
0.071 -9.59735e-06
0.072 -9.74454e-06
0.073 -9.89206e-06
0.074 -1.00399e-05
0.075 -1.01880e-05
0.076 -1.03365e-05
0.077 -1.04852e-05
0.078 -1.06342e-05
0.079 -1.07835e-05
0.080 -1.09331e-05
0.081 -1.10829e-05
0.082 -1.12330e-05
0.083 -1.13833e-05
0.084 -1.15338e-05
0.085 -1.16846e-05
0.086 -1.18355e-05
0.087 -1.19867e-05
0.088 -1.21380e-05
0.089 -1.22895e-05
0.090 -1.24412e-05
0.091 -1.25930e-05
0.092 -1.27449e-05
0.093 -1.28970e-05
0.094 -1.30492e-05
0.095 -1.32014e-05
0.096 -1.33538e-05
0.097 -1.35062e-05
0.098 -1.36587e-05
0.099 -1.38112e-05
0.100 -1.39637e-05
