0.000 0.00000e+00
0.001 -1.21416e-28
0.002 -2.42865e-28
0.003 -3.64381e-28
0.004 -4.85996e-28
0.005 -6.07744e-28
0.006 -7.29659e-28
0.007 -8.51772e-28
0.008 -9.74119e-28
0.009 -1.09673e-27
0.010 -1.21964e-27
0.011 -1.34289e-27
0.012 -1.46650e-27
0.013 -1.59052e-27
0.014 -1.71497e-27
0.015 -1.83989e-27
0.016 -1.96531e-27
0.017 -2.09126e-27
0.018 -2.21779e-27
0.019 -2.34493e-27
0.020 -2.47270e-27
0.021 -2.60116e-27
0.022 -2.73032e-27
0.023 -2.86023e-27
0.024 -2.99092e-27
0.025 -3.12242e-27
0.026 -3.25478e-27
0.027 -3.38803e-27
0.028 -3.52221e-27
0.029 -3.65734e-27
0.030 -3.79348e-27
0.031 -3.93065e-27
0.032 -4.06889e-27
0.033 -4.20824e-27
0.034 -4.34875e-27
0.035 -4.49043e-27
0.036 -4.63335e-27
0.037 -4.77753e-27
0.038 -4.92301e-27
0.039 -5.06983e-27
0.040 -5.21804e-27
0.041 -5.36767e-27
0.042 -5.51876e-27
0.043 -5.67136e-27
0.044 -5.82551e-27
0.045 -5.98124e-27
0.046 -6.13860e-27
0.047 -6.29763e-27
0.048 -6.45838e-27
0.049 -6.62089e-27
0.050 -6.78520e-27
0.051 -6.95136e-27
0.052 -7.11941e-27
0.053 -7.28940e-27
0.054 -7.46138e-27
0.055 -7.63538e-27
0.056 -7.81146e-27
0.057 -7.98966e-27
0.058 -8.17004e-27
0.059 -8.35263e-27
0.060 -8.53750e-27
0.061 -8.72468e-27
0.062 -8.91424e-27
0.063 -9.10622e-27
0.064 -9.30067e-27
0.065 -9.49764e-27
0.066 -9.69719e-27
0.067 -9.89938e-27
0.068 -1.01042e-26
0.069 -1.03119e-26
0.070 -1.05223e-26
0.071 -1.07355e-26
0.072 -1.09517e-26
0.073 -1.11708e-26
0.074 -1.13930e-26
0.075 -1.16182e-26
0.076 -1.18466e-26
0.077 -1.20782e-26
0.078 -1.23130e-26
0.079 -1.25512e-26
0.080 -1.27928e-26
0.081 -1.30378e-26
0.082 -1.32864e-26
0.083 -1.35385e-26
0.084 -1.37943e-26
0.085 -1.40538e-26
0.086 -1.43172e-26
0.087 -1.45843e-26
0.088 -1.48554e-26
0.089 -1.51305e-26
0.090 -1.54097e-26
0.091 -1.56930e-26
0.092 -1.59806e-26
0.093 -1.62724e-26
0.094 -1.65687e-26
0.095 -1.68693e-26
0.096 -1.71745e-26
0.097 -1.74843e-26
0.098 -1.77989e-26
0.099 -1.81181e-26
0.100 -1.84423e-26
