0.000 0.00000e+00
0.001 -2.23727e-08
0.002 -4.47430e-08
0.003 -6.71083e-08
0.004 -8.94664e-08
0.005 -1.11815e-07
0.006 -1.34151e-07
0.007 -1.56472e-07
0.008 -1.78777e-07
0.009 -2.01062e-07
0.010 -2.23326e-07
0.011 -2.45565e-07
0.012 -2.67777e-07
0.013 -2.89961e-07
0.014 -3.12113e-07
0.015 -3.34232e-07
0.016 -3.56315e-07
0.017 -3.78359e-07
0.018 -4.00363e-07
0.019 -4.22325e-07
0.020 -4.44241e-07
0.021 -4.66110e-07
0.022 -4.87930e-07
0.023 -5.09698e-07
0.024 -5.31412e-07
0.025 -5.53070e-07
0.026 -5.74671e-07
0.027 -5.96211e-07
0.028 -6.17689e-07
0.029 -6.39104e-07
0.030 -6.60452e-07
0.031 -6.81731e-07
0.032 -7.02941e-07
0.033 -7.24079e-07
0.034 -7.45144e-07
0.035 -7.66132e-07
0.036 -7.87044e-07
0.037 -8.07876e-07
0.038 -8.28627e-07
0.039 -8.49296e-07
0.040 -8.69880e-07
0.041 -8.90379e-07
0.042 -9.10790e-07
0.043 -9.31113e-07
0.044 -9.51344e-07
0.045 -9.71484e-07
0.046 -9.91530e-07
0.047 -1.01148e-06
0.048 -1.03134e-06
0.049 -1.05110e-06
0.050 -1.07075e-06
0.051 -1.09031e-06
0.052 -1.10977e-06
0.053 -1.12913e-06
0.054 -1.14838e-06
0.055 -1.16753e-06
0.056 -1.18657e-06
0.057 -1.20550e-06
0.058 -1.22433e-06
0.059 -1.24305e-06
0.060 -1.26166e-06
0.061 -1.28016e-06
0.062 -1.29855e-06
0.063 -1.31682e-06
0.064 -1.33499e-06
0.065 -1.35304e-06
0.066 -1.37098e-06
0.067 -1.38880e-06
0.068 -1.40650e-06
0.069 -1.42410e-06
0.070 -1.44157e-06
0.071 -1.45893e-06
0.072 -1.47617e-06
0.073 -1.49330e-06
0.074 -1.51030e-06
0.075 -1.52719e-06
0.076 -1.54396e-06
0.077 -1.56061e-06
0.078 -1.57714e-06
0.079 -1.59355e-06
0.080 -1.60985e-06
0.081 -1.62602e-06
0.082 -1.64208e-06
0.083 -1.65801e-06
0.084 -1.67382e-06
0.085 -1.68952e-06
0.086 -1.70510e-06
0.087 -1.72055e-06
0.088 -1.73589e-06
0.089 -1.75110e-06
0.090 -1.76620e-06
0.091 -1.78118e-06
0.092 -1.79604e-06
0.093 -1.81078e-06
0.094 -1.82540e-06
0.095 -1.83991e-06
0.096 -1.85429e-06
0.097 -1.86856e-06
0.098 -1.88271e-06
0.099 -1.89674e-06
0.100 -1.91066e-06
0.000 0.00000e+00
0.001 -2.23727e-08
0.002 -4.47430e-08
0.003 -6.71083e-08
0.004 -8.94664e-08
0.005 -1.11815e-07
0.006 -1.34151e-07
0.007 -1.56472e-07
0.008 -1.78777e-07
0.009 -2.01062e-07
0.010 -2.23326e-07
0.011 -2.45565e-07
0.012 -2.67777e-07
0.013 -2.89961e-07
0.014 -3.12113e-07
0.015 -3.34232e-07
0.016 -3.56315e-07
0.017 -3.78359e-07
0.018 -4.00363e-07
0.019 -4.22325e-07
0.020 -4.44241e-07
0.021 -4.66110e-07
0.022 -4.87930e-07
0.023 -5.09698e-07
0.024 -5.31412e-07
0.025 -5.53070e-07
0.026 -5.74671e-07
0.027 -5.96211e-07
0.028 -6.17689e-07
0.029 -6.39104e-07
0.030 -6.60452e-07
0.031 -6.81731e-07
0.032 -7.02941e-07
0.033 -7.24079e-07
0.034 -7.45144e-07
0.035 -7.66132e-07
0.036 -7.87044e-07
0.037 -8.07876e-07
0.038 -8.28627e-07
0.039 -8.49296e-07
0.040 -8.69880e-07
0.041 -8.90379e-07
0.042 -9.10790e-07
0.043 -9.31113e-07
0.044 -9.51344e-07
0.045 -9.71484e-07
0.046 -9.91530e-07
0.047 -1.01148e-06
0.048 -1.03134e-06
0.049 -1.05110e-06
0.050 -1.07075e-06
0.051 -1.09031e-06
0.052 -1.10977e-06
0.053 -1.12913e-06
0.054 -1.14838e-06
0.055 -1.16753e-06
0.056 -1.18657e-06
0.057 -1.20550e-06
0.058 -1.22433e-06
0.059 -1.24305e-06
0.060 -1.26166e-06
0.061 -1.28016e-06
0.062 -1.29855e-06
0.063 -1.31682e-06
0.064 -1.33499e-06
0.065 -1.35304e-06
0.066 -1.37098e-06
0.067 -1.38880e-06
0.068 -1.40650e-06
0.069 -1.42410e-06
0.070 -1.44157e-06
0.071 -1.45893e-06
0.072 -1.47617e-06
0.073 -1.49330e-06
0.074 -1.51030e-06
0.075 -1.52719e-06
0.076 -1.54396e-06
0.077 -1.56061e-06
0.078 -1.57714e-06
0.079 -1.59355e-06
0.080 -1.60985e-06
0.081 -1.62602e-06
0.082 -1.64208e-06
0.083 -1.65801e-06
0.084 -1.67382e-06
0.085 -1.68952e-06
0.086 -1.70510e-06
0.087 -1.72055e-06
0.088 -1.73589e-06
0.089 -1.75110e-06
0.090 -1.76620e-06
0.091 -1.78118e-06
0.092 -1.79604e-06
0.093 -1.81078e-06
0.094 -1.82540e-06
0.095 -1.83991e-06
0.096 -1.85429e-06
0.097 -1.86856e-06
0.098 -1.88271e-06
0.099 -1.89674e-06
0.100 -1.91066e-06
