0.000 0.00000e+00
0.001 -1.13626e-08
0.002 -2.27271e-08
0.003 -3.40955e-08
0.004 -4.54695e-08
0.005 -5.68513e-08
0.006 -6.82425e-08
0.007 -7.96453e-08
0.008 -9.10615e-08
0.009 -1.02493e-07
0.010 -1.13942e-07
0.011 -1.25409e-07
0.012 -1.36898e-07
0.013 -1.48410e-07
0.014 -1.59947e-07
0.015 -1.71510e-07
0.016 -1.83102e-07
0.017 -1.94725e-07
0.018 -2.06381e-07
0.019 -2.18071e-07
0.020 -2.29797e-07
0.021 -2.41562e-07
0.022 -2.53367e-07
0.023 -2.65214e-07
0.024 -2.77106e-07
0.025 -2.89043e-07
0.026 -3.01029e-07
0.027 -3.13064e-07
0.028 -3.25152e-07
0.029 -3.37293e-07
0.030 -3.49490e-07
0.031 -3.61745e-07
0.032 -3.74059e-07
0.033 -3.86435e-07
0.034 -3.98875e-07
0.035 -4.11380e-07
0.036 -4.23953e-07
0.037 -4.36595e-07
0.038 -4.49308e-07
0.039 -4.62095e-07
0.040 -4.74957e-07
0.041 -4.87896e-07
0.042 -5.00914e-07
0.043 -5.14013e-07
0.044 -5.27196e-07
0.045 -5.40463e-07
0.046 -5.53817e-07
0.047 -5.67260e-07
0.048 -5.80794e-07
0.049 -5.94421e-07
0.050 -6.08142e-07
0.051 -6.21960e-07
0.052 -6.35876e-07
0.053 -6.49893e-07
0.054 -6.64012e-07
0.055 -6.78235e-07
0.056 -6.92565e-07
0.057 -7.07002e-07
0.058 -7.21550e-07
0.059 -7.36209e-07
0.060 -7.50982e-07
0.061 -7.65871e-07
0.062 -7.80877e-07
0.063 -7.96002e-07
0.064 -8.11248e-07
0.065 -8.26618e-07
0.066 -8.42112e-07
0.067 -8.57732e-07
0.068 -8.73481e-07
0.069 -8.89360e-07
0.070 -9.05371e-07
0.071 -9.21516e-07
0.072 -9.37796e-07
0.073 -9.54213e-07
0.074 -9.70768e-07
0.075 -9.87465e-07
0.076 -1.00430e-06
0.077 -1.02129e-06
0.078 -1.03841e-06
0.079 -1.05569e-06
0.080 -1.07311e-06
0.081 -1.09068e-06
0.082 -1.10841e-06
0.083 -1.12628e-06
0.084 -1.14432e-06
0.085 -1.16251e-06
0.086 -1.18085e-06
0.087 -1.19936e-06
0.088 -1.21802e-06
0.089 -1.23685e-06
0.090 -1.25584e-06
0.091 -1.27499e-06
0.092 -1.29431e-06
0.093 -1.31379e-06
0.094 -1.33344e-06
0.095 -1.35326e-06
0.096 -1.37325e-06
0.097 -1.39342e-06
0.098 -1.41375e-06
0.099 -1.43426e-06
0.100 -1.45493e-06
