0.000 0.00000e+00
0.001 -2.39029e-18
0.002 -4.78081e-18
0.003 -7.17183e-18
0.004 -9.56357e-18
0.005 -1.19563e-17
0.006 -1.43502e-17
0.007 -1.67456e-17
0.008 -1.91427e-17
0.009 -2.15417e-17
0.010 -2.39429e-17
0.011 -2.63465e-17
0.012 -2.87528e-17
0.013 -3.11621e-17
0.014 -3.35745e-17
0.015 -3.59903e-17
0.016 -3.84097e-17
0.017 -4.08331e-17
0.018 -4.32606e-17
0.019 -4.56925e-17
0.020 -4.81291e-17
0.021 -5.05705e-17
0.022 -5.30171e-17
0.023 -5.54691e-17
0.024 -5.79268e-17
0.025 -6.03903e-17
0.026 -6.28600e-17
0.027 -6.53361e-17
0.028 -6.78189e-17
0.029 -7.03086e-17
0.030 -7.28055e-17
0.031 -7.53098e-17
0.032 -7.78218e-17
0.033 -8.03417e-17
0.034 -8.28699e-17
0.035 -8.54065e-17
0.036 -8.79519e-17
0.037 -9.05063e-17
0.038 -9.30700e-17
0.039 -9.56432e-17
0.040 -9.82263e-17
0.041 -1.00819e-16
0.042 -1.03423e-16
0.043 -1.06037e-16
0.044 -1.08662e-16
0.045 -1.11298e-16
0.046 -1.13946e-16
0.047 -1.16605e-16
0.048 -1.19277e-16
0.049 -1.21960e-16
0.050 -1.24657e-16
0.051 -1.27366e-16
0.052 -1.30088e-16
0.053 -1.32824e-16
0.054 -1.35574e-16
0.055 -1.38337e-16
0.056 -1.41115e-16
0.057 -1.43908e-16
0.058 -1.46715e-16
0.059 -1.49538e-16
0.060 -1.52377e-16
0.061 -1.55231e-16
0.062 -1.58101e-16
0.063 -1.60988e-16
0.064 -1.63892e-16
0.065 -1.66813e-16
0.066 -1.69751e-16
0.067 -1.72707e-16
0.068 -1.75681e-16
0.069 -1.78673e-16
0.070 -1.81684e-16
0.071 -1.84715e-16
0.072 -1.87764e-16
0.073 -1.90834e-16
0.074 -1.93923e-16
0.075 -1.97033e-16
0.076 -2.00164e-16
0.077 -2.03316e-16
0.078 -2.06489e-16
0.079 -2.09684e-16
0.080 -2.12901e-16
0.081 -2.16141e-16
0.082 -2.19404e-16
0.083 -2.22689e-16
0.084 -2.25999e-16
0.085 -2.29333e-16
0.086 -2.32690e-16
0.087 -2.36073e-16
0.088 -2.39481e-16
0.089 -2.42914e-16
0.090 -2.46374e-16
0.091 -2.49859e-16
0.092 -2.53371e-16
0.093 -2.56911e-16
0.094 -2.60478e-16
0.095 -2.64072e-16
0.096 -2.67695e-16
0.097 -2.71347e-16
0.098 -2.75028e-16
0.099 -2.78739e-16
0.100 -2.82479e-16
