0.000 0.00000e+00
0.001 -6.48115e-16
0.002 -1.29626e-15
0.003 -1.94448e-15
0.004 -2.59280e-15
0.005 -3.24125e-15
0.006 -3.88987e-15
0.007 -4.53870e-15
0.008 -5.18776e-15
0.009 -5.83709e-15
0.010 -6.48673e-15
0.011 -7.13671e-15
0.012 -7.78706e-15
0.013 -8.43781e-15
0.014 -9.08901e-15
0.015 -9.74068e-15
0.016 -1.03929e-14
0.017 -1.10456e-14
0.018 -1.16989e-14
0.019 -1.23528e-14
0.020 -1.30074e-14
0.021 -1.36626e-14
0.022 -1.43186e-14
0.023 -1.49753e-14
0.024 -1.56328e-14
0.025 -1.62911e-14
0.026 -1.69502e-14
0.027 -1.76103e-14
0.028 -1.82713e-14
0.029 -1.89332e-14
0.030 -1.95961e-14
0.031 -2.02601e-14
0.032 -2.09251e-14
0.033 -2.15912e-14
0.034 -2.22585e-14
0.035 -2.29269e-14
0.036 -2.35965e-14
0.037 -2.42674e-14
0.038 -2.49396e-14
0.039 -2.56130e-14
0.040 -2.62878e-14
0.041 -2.69640e-14
0.042 -2.76417e-14
0.043 -2.83208e-14
0.044 -2.90013e-14
0.045 -2.96834e-14
0.046 -3.03671e-14
0.047 -3.10524e-14
0.048 -3.17393e-14
0.049 -3.24280e-14
0.050 -3.31183e-14
0.051 -3.38104e-14
0.052 -3.45043e-14
0.053 -3.52000e-14
0.054 -3.58976e-14
0.055 -3.65971e-14
0.056 -3.72985e-14
0.057 -3.80019e-14
0.058 -3.87074e-14
0.059 -3.94149e-14
0.060 -4.01245e-14
0.061 -4.08363e-14
0.062 -4.15502e-14
0.063 -4.22664e-14
0.064 -4.29848e-14
0.065 -4.37055e-14
0.066 -4.44286e-14
0.067 -4.51540e-14
0.068 -4.58819e-14
0.069 -4.66122e-14
0.070 -4.73450e-14
0.071 -4.80804e-14
0.072 -4.88184e-14
0.073 -4.95590e-14
0.074 -5.03022e-14
0.075 -5.10482e-14
0.076 -5.17969e-14
0.077 -5.25484e-14
0.078 -5.33028e-14
0.079 -5.40600e-14
0.080 -5.48202e-14
0.081 -5.55834e-14
0.082 -5.63495e-14
0.083 -5.71187e-14
0.084 -5.78910e-14
0.085 -5.86665e-14
0.086 -5.94451e-14
0.087 -6.02270e-14
0.088 -6.10122e-14
0.089 -6.18007e-14
0.090 -6.25925e-14
0.091 -6.33878e-14
0.092 -6.41865e-14
0.093 -6.49888e-14
0.094 -6.57946e-14
0.095 -6.66040e-14
0.096 -6.74170e-14
0.097 -6.82338e-14
0.098 -6.90543e-14
0.099 -6.98786e-14
0.100 -7.07067e-14
