0.000 0.00000e+00
0.001 -6.41664e-24
0.002 -1.28349e-23
0.003 -1.92564e-23
0.004 -2.56827e-23
0.005 -3.21154e-23
0.006 -3.85562e-23
0.007 -4.50067e-23
0.008 -5.14684e-23
0.009 -5.79431e-23
0.010 -6.44323e-23
0.011 -7.09376e-23
0.012 -7.74608e-23
0.013 -8.40034e-23
0.014 -9.05670e-23
0.015 -9.71534e-23
0.016 -1.03764e-22
0.017 -1.10401e-22
0.018 -1.17065e-22
0.019 -1.23759e-22
0.020 -1.30484e-22
0.021 -1.37241e-22
0.022 -1.44033e-22
0.023 -1.50861e-22
0.024 -1.57727e-22
0.025 -1.64633e-22
0.026 -1.71579e-22
0.027 -1.78569e-22
0.028 -1.85604e-22
0.029 -1.92685e-22
0.030 -1.99814e-22
0.031 -2.06993e-22
0.032 -2.14225e-22
0.033 -2.21510e-22
0.034 -2.28850e-22
0.035 -2.36248e-22
0.036 -2.43705e-22
0.037 -2.51223e-22
0.038 -2.58804e-22
0.039 -2.66450e-22
0.040 -2.74162e-22
0.041 -2.81944e-22
0.042 -2.89795e-22
0.043 -2.97720e-22
0.044 -3.05719e-22
0.045 -3.13794e-22
0.046 -3.21949e-22
0.047 -3.30183e-22
0.048 -3.38501e-22
0.049 -3.46903e-22
0.050 -3.55392e-22
0.051 -3.63969e-22
0.052 -3.72638e-22
0.053 -3.81400e-22
0.054 -3.90258e-22
0.055 -3.99213e-22
0.056 -4.08268e-22
0.057 -4.17425e-22
0.058 -4.26686e-22
0.059 -4.36055e-22
0.060 -4.45532e-22
0.061 -4.55120e-22
0.062 -4.64822e-22
0.063 -4.74640e-22
0.064 -4.84577e-22
0.065 -4.94635e-22
0.066 -5.04816e-22
0.067 -5.15123e-22
0.068 -5.25559e-22
0.069 -5.36126e-22
0.070 -5.46827e-22
0.071 -5.57664e-22
0.072 -5.68640e-22
0.073 -5.79758e-22
0.074 -5.91020e-22
0.075 -6.02430e-22
0.076 -6.13989e-22
0.077 -6.25702e-22
0.078 -6.37570e-22
0.079 -6.49597e-22
0.080 -6.61786e-22
0.081 -6.74140e-22
0.082 -6.86661e-22
0.083 -6.99352e-22
0.084 -7.12218e-22
0.085 -7.25261e-22
0.086 -7.38483e-22
0.087 -7.51889e-22
0.088 -7.65482e-22
0.089 -7.79265e-22
0.090 -7.93241e-22
0.091 -8.07413e-22
0.092 -8.21786e-22
0.093 -8.36363e-22
0.094 -8.51146e-22
0.095 -8.66140e-22
0.096 -8.81349e-22
0.097 -8.96775e-22
0.098 -9.12424e-22
0.099 -9.28297e-22
0.100 -9.44401e-22
