0.000 0.00000e+00
0.001 -3.57900e-10
0.002 -7.15829e-10
0.003 -1.07381e-09
0.004 -1.43188e-09
0.005 -1.79007e-09
0.006 -2.14839e-09
0.007 -2.50689e-09
0.008 -2.86558e-09
0.009 -3.22450e-09
0.010 -3.58368e-09
0.011 -3.94314e-09
0.012 -4.30291e-09
0.013 -4.66302e-09
0.014 -5.02349e-09
0.015 -5.38437e-09
0.016 -5.74567e-09
0.017 -6.10742e-09
0.018 -6.46965e-09
0.019 -6.83239e-09
0.020 -7.19566e-09
0.021 -7.55951e-09
0.022 -7.92394e-09
0.023 -8.28899e-09
0.024 -8.65470e-09
0.025 -9.02108e-09
0.026 -9.38816e-09
0.027 -9.75598e-09
0.028 -1.01246e-08
0.029 -1.04939e-08
0.030 -1.08641e-08
0.031 -1.12351e-08
0.032 -1.16070e-08
0.033 -1.19798e-08
0.034 -1.23535e-08
0.035 -1.27282e-08
0.036 -1.31039e-08
0.037 -1.34805e-08
0.038 -1.38582e-08
0.039 -1.42370e-08
0.040 -1.46168e-08
0.041 -1.49978e-08
0.042 -1.53799e-08
0.043 -1.57632e-08
0.044 -1.61477e-08
0.045 -1.65334e-08
0.046 -1.69204e-08
0.047 -1.73087e-08
0.048 -1.76982e-08
0.049 -1.80892e-08
0.050 -1.84814e-08
0.051 -1.88751e-08
0.052 -1.92702e-08
0.053 -1.96667e-08
0.054 -2.00647e-08
0.055 -2.04642e-08
0.056 -2.08652e-08
0.057 -2.12678e-08
0.058 -2.16719e-08
0.059 -2.20777e-08
0.060 -2.24851e-08
0.061 -2.28942e-08
0.062 -2.33049e-08
0.063 -2.37174e-08
0.064 -2.41316e-08
0.065 -2.45476e-08
0.066 -2.49654e-08
0.067 -2.53850e-08
0.068 -2.58065e-08
0.069 -2.62299e-08
0.070 -2.66551e-08
0.071 -2.70823e-08
0.072 -2.75115e-08
0.073 -2.79426e-08
0.074 -2.83758e-08
0.075 -2.88110e-08
0.076 -2.92483e-08
0.077 -2.96877e-08
0.078 -3.01292e-08
0.079 -3.05729e-08
0.080 -3.10187e-08
0.081 -3.14668e-08
0.082 -3.19171e-08
0.083 -3.23697e-08
0.084 -3.28245e-08
0.085 -3.32817e-08
0.086 -3.37413e-08
0.087 -3.42032e-08
0.088 -3.46675e-08
0.089 -3.51343e-08
0.090 -3.56035e-08
0.091 -3.60752e-08
0.092 -3.65495e-08
0.093 -3.70263e-08
0.094 -3.75056e-08
0.095 -3.79876e-08
0.096 -3.84722e-08
0.097 -3.89595e-08
0.098 -3.94494e-08
0.099 -3.99421e-08
0.100 -4.04375e-08
