0.000 0.00000e+00
0.001 -4.43146e-07
0.002 -8.86257e-07
0.003 -1.32930e-06
0.004 -1.77224e-06
0.005 -2.21505e-06
0.006 -2.65769e-06
0.007 -3.10013e-06
0.008 -3.54233e-06
0.009 -3.98426e-06
0.010 -4.42589e-06
0.011 -4.86718e-06
0.012 -5.30810e-06
0.013 -5.74861e-06
0.014 -6.18869e-06
0.015 -6.62830e-06
0.016 -7.06740e-06
0.017 -7.50596e-06
0.018 -7.94396e-06
0.019 -8.38134e-06
0.020 -8.81809e-06
0.021 -9.25417e-06
0.022 -9.68955e-06
0.023 -1.01242e-05
0.024 -1.05581e-05
0.025 -1.09911e-05
0.026 -1.14234e-05
0.027 -1.18547e-05
0.028 -1.22852e-05
0.029 -1.27147e-05
0.030 -1.31433e-05
0.031 -1.35708e-05
0.032 -1.39974e-05
0.033 -1.44229e-05
0.034 -1.48472e-05
0.035 -1.52705e-05
0.036 -1.56926e-05
0.037 -1.61135e-05
0.038 -1.65332e-05
0.039 -1.69517e-05
0.040 -1.73689e-05
0.041 -1.77847e-05
0.042 -1.81993e-05
0.043 -1.86124e-05
0.044 -1.90242e-05
0.045 -1.94345e-05
0.046 -1.98434e-05
0.047 -2.02508e-05
0.048 -2.06567e-05
0.049 -2.10610e-05
0.050 -2.14638e-05
0.051 -2.18649e-05
0.052 -2.22645e-05
0.053 -2.26624e-05
0.054 -2.30586e-05
0.055 -2.34531e-05
0.056 -2.38459e-05
0.057 -2.42369e-05
0.058 -2.46261e-05
0.059 -2.50136e-05
0.060 -2.53992e-05
0.061 -2.57829e-05
0.062 -2.61648e-05
0.063 -2.65447e-05
0.064 -2.69228e-05
0.065 -2.72989e-05
0.066 -2.76730e-05
0.067 -2.80452e-05
0.068 -2.84153e-05
0.069 -2.87834e-05
0.070 -2.91494e-05
0.071 -2.95134e-05
0.072 -2.98753e-05
0.073 -3.02351e-05
0.074 -3.05928e-05
0.075 -3.09483e-05
0.076 -3.13017e-05
0.077 -3.16529e-05
0.078 -3.20019e-05
0.079 -3.23487e-05
0.080 -3.26932e-05
0.081 -3.30356e-05
0.082 -3.33757e-05
0.083 -3.37135e-05
0.084 -3.40491e-05
0.085 -3.43824e-05
0.086 -3.47133e-05
0.087 -3.50420e-05
0.088 -3.53684e-05
0.089 -3.56924e-05
0.090 -3.60141e-05
0.091 -3.63335e-05
0.092 -3.66505e-05
0.093 -3.69652e-05
0.094 -3.72775e-05
0.095 -3.75874e-05
0.096 -3.78949e-05
0.097 -3.82001e-05
0.098 -3.85029e-05
0.099 -3.88032e-05
0.100 -3.91012e-05
