0.000 0.00000e+00
0.001 -5.84711e-07
0.002 -1.16938e-06
0.003 -1.75395e-06
0.004 -2.33840e-06
0.005 -2.92266e-06
0.006 -3.50671e-06
0.007 -4.09048e-06
0.008 -4.67394e-06
0.009 -5.25705e-06
0.010 -5.83976e-06
0.011 -6.42202e-06
0.012 -7.00379e-06
0.013 -7.58502e-06
0.014 -8.16568e-06
0.015 -8.74572e-06
0.016 -9.32509e-06
0.017 -9.90375e-06
0.018 -1.04817e-05
0.019 -1.10588e-05
0.020 -1.16350e-05
0.021 -1.22104e-05
0.022 -1.27849e-05
0.023 -1.33583e-05
0.024 -1.39308e-05
0.025 -1.45022e-05
0.026 -1.50725e-05
0.027 -1.56416e-05
0.028 -1.62096e-05
0.029 -1.67763e-05
0.030 -1.73418e-05
0.031 -1.79059e-05
0.032 -1.84687e-05
0.033 -1.90301e-05
0.034 -1.95900e-05
0.035 -2.01485e-05
0.036 -2.07054e-05
0.037 -2.12608e-05
0.038 -2.18145e-05
0.039 -2.23667e-05
0.040 -2.29171e-05
0.041 -2.34658e-05
0.042 -2.40127e-05
0.043 -2.45578e-05
0.044 -2.51011e-05
0.045 -2.56425e-05
0.046 -2.61820e-05
0.047 -2.67195e-05
0.048 -2.72550e-05
0.049 -2.77885e-05
0.050 -2.83199e-05
0.051 -2.88492e-05
0.052 -2.93764e-05
0.053 -2.99013e-05
0.054 -3.04241e-05
0.055 -3.09446e-05
0.056 -3.14629e-05
0.057 -3.19788e-05
0.058 -3.24923e-05
0.059 -3.30035e-05
0.060 -3.35123e-05
0.061 -3.40186e-05
0.062 -3.45225e-05
0.063 -3.50238e-05
0.064 -3.55226e-05
0.065 -3.60189e-05
0.066 -3.65125e-05
0.067 -3.70036e-05
0.068 -3.74919e-05
0.069 -3.79776e-05
0.070 -3.84607e-05
0.071 -3.89409e-05
0.072 -3.94185e-05
0.073 -3.98932e-05
0.074 -4.03652e-05
0.075 -4.08343e-05
0.076 -4.13006e-05
0.077 -4.17640e-05
0.078 -4.22246e-05
0.079 -4.26822e-05
0.080 -4.31369e-05
0.081 -4.35887e-05
0.082 -4.40375e-05
0.083 -4.44833e-05
0.084 -4.49262e-05
0.085 -4.53660e-05
0.086 -4.58029e-05
0.087 -4.62366e-05
0.088 -4.66674e-05
0.089 -4.70951e-05
0.090 -4.75197e-05
0.091 -4.79412e-05
0.092 -4.83596e-05
0.093 -4.87749e-05
0.094 -4.91871e-05
0.095 -4.95962e-05
0.096 -5.00022e-05
0.097 -5.04050e-05
0.098 -5.08047e-05
0.099 -5.12013e-05
0.100 -5.15947e-05
