0.000 0.00000e+00
0.001 -2.24876e-07
0.002 -4.49796e-07
0.003 -6.74805e-07
0.004 -8.99947e-07
0.005 -1.12527e-06
0.006 -1.35081e-06
0.007 -1.57662e-06
0.008 -1.80274e-06
0.009 -2.02921e-06
0.010 -2.25609e-06
0.011 -2.48340e-06
0.012 -2.71121e-06
0.013 -2.93955e-06
0.014 -3.16847e-06
0.015 -3.39801e-06
0.016 -3.62821e-06
0.017 -3.85913e-06
0.018 -4.09080e-06
0.019 -4.32327e-06
0.020 -4.55659e-06
0.021 -4.79079e-06
0.022 -5.02593e-06
0.023 -5.26204e-06
0.024 -5.49918e-06
0.025 -5.73738e-06
0.026 -5.97669e-06
0.027 -6.21716e-06
0.028 -6.45883e-06
0.029 -6.70174e-06
0.030 -6.94593e-06
0.031 -7.19147e-06
0.032 -7.43837e-06
0.033 -7.68670e-06
0.034 -7.93650e-06
0.035 -8.18780e-06
0.036 -8.44066e-06
0.037 -8.69512e-06
0.038 -8.95122e-06
0.039 -9.20901e-06
0.040 -9.46853e-06
0.041 -9.72982e-06
0.042 -9.99293e-06
0.043 -1.02579e-05
0.044 -1.05248e-05
0.045 -1.07936e-05
0.046 -1.10645e-05
0.047 -1.13373e-05
0.048 -1.16123e-05
0.049 -1.18893e-05
0.050 -1.21686e-05
0.051 -1.24500e-05
0.052 -1.27338e-05
0.053 -1.30198e-05
0.054 -1.33081e-05
0.055 -1.35989e-05
0.056 -1.38920e-05
0.057 -1.41877e-05
0.058 -1.44858e-05
0.059 -1.47865e-05
0.060 -1.50898e-05
0.061 -1.53958e-05
0.062 -1.57044e-05
0.063 -1.60158e-05
0.064 -1.63299e-05
0.065 -1.66468e-05
0.066 -1.69666e-05
0.067 -1.72893e-05
0.068 -1.76149e-05
0.069 -1.79434e-05
0.070 -1.82750e-05
0.071 -1.86096e-05
0.072 -1.89474e-05
0.073 -1.92882e-05
0.074 -1.96322e-05
0.075 -1.99794e-05
0.076 -2.03299e-05
0.077 -2.06837e-05
0.078 -2.10407e-05
0.079 -2.14012e-05
0.080 -2.17650e-05
0.081 -2.21322e-05
0.082 -2.25030e-05
0.083 -2.28772e-05
0.084 -2.32550e-05
0.085 -2.36363e-05
0.086 -2.40212e-05
0.087 -2.44098e-05
0.088 -2.48021e-05
0.089 -2.51980e-05
0.090 -2.55978e-05
0.091 -2.60012e-05
0.092 -2.64085e-05
0.093 -2.68196e-05
0.094 -2.72346e-05
0.095 -2.76534e-05
0.096 -2.80762e-05
0.097 -2.85029e-05
0.098 -2.89336e-05
0.099 -2.93682e-05
0.100 -2.98069e-05
