0.000 0.00000e+00
0.001 -4.00413e-08
0.002 -8.00868e-08
0.003 -1.20141e-07
0.004 -1.60207e-07
0.005 -2.00290e-07
0.006 -2.40394e-07
0.007 -2.80523e-07
0.008 -3.20681e-07
0.009 -3.60872e-07
0.010 -4.01101e-07
0.011 -4.41371e-07
0.012 -4.81687e-07
0.013 -5.22053e-07
0.014 -5.62473e-07
0.015 -6.02952e-07
0.016 -6.43492e-07
0.017 -6.84099e-07
0.018 -7.24776e-07
0.019 -7.65528e-07
0.020 -8.06358e-07
0.021 -8.47272e-07
0.022 -8.88272e-07
0.023 -9.29363e-07
0.024 -9.70548e-07
0.025 -1.01183e-06
0.026 -1.05322e-06
0.027 -1.09472e-06
0.028 -1.13632e-06
0.029 -1.17804e-06
0.030 -1.21988e-06
0.031 -1.26184e-06
0.032 -1.30393e-06
0.033 -1.34615e-06
0.034 -1.38851e-06
0.035 -1.43100e-06
0.036 -1.47364e-06
0.037 -1.51642e-06
0.038 -1.55935e-06
0.039 -1.60244e-06
0.040 -1.64568e-06
0.041 -1.68909e-06
0.042 -1.73266e-06
0.043 -1.77640e-06
0.044 -1.82032e-06
0.045 -1.86441e-06
0.046 -1.90868e-06
0.047 -1.95313e-06
0.048 -1.99778e-06
0.049 -2.04261e-06
0.050 -2.08764e-06
0.051 -2.13287e-06
0.052 -2.17830e-06
0.053 -2.22394e-06
0.054 -2.26978e-06
0.055 -2.31584e-06
0.056 -2.36211e-06
0.057 -2.40861e-06
0.058 -2.45533e-06
0.059 -2.50227e-06
0.060 -2.54944e-06
0.061 -2.59685e-06
0.062 -2.64450e-06
0.063 -2.69238e-06
0.064 -2.74051e-06
0.065 -2.78888e-06
0.066 -2.83750e-06
0.067 -2.88638e-06
0.068 -2.93551e-06
0.069 -2.98490e-06
0.070 -3.03455e-06
0.071 -3.08447e-06
0.072 -3.13466e-06
0.073 -3.18511e-06
0.074 -3.23584e-06
0.075 -3.28685e-06
0.076 -3.33814e-06
0.077 -3.38971e-06
0.078 -3.44156e-06
0.079 -3.49370e-06
0.080 -3.54614e-06
0.081 -3.59886e-06
0.082 -3.65189e-06
0.083 -3.70521e-06
0.084 -3.75883e-06
0.085 -3.81275e-06
0.086 -3.86699e-06
0.087 -3.92152e-06
0.088 -3.97637e-06
0.089 -4.03153e-06
0.090 -4.08701e-06
0.091 -4.14280e-06
0.092 -4.19892e-06
0.093 -4.25535e-06
0.094 -4.31211e-06
0.095 -4.36919e-06
0.096 -4.42659e-06
0.097 -4.48433e-06
0.098 -4.54240e-06
0.099 -4.60080e-06
0.100 -4.65953e-06
