0.000 0.00000e+00
0.001 -1.13601e-07
0.002 -2.27212e-07
0.003 -3.40842e-07
0.004 -4.54501e-07
0.005 -5.68198e-07
0.006 -6.81943e-07
0.007 -7.95745e-07
0.008 -9.09615e-07
0.009 -1.02356e-06
0.010 -1.13759e-06
0.011 -1.25172e-06
0.012 -1.36595e-06
0.013 -1.48030e-06
0.014 -1.59477e-06
0.015 -1.70937e-06
0.016 -1.82411e-06
0.017 -1.93900e-06
0.018 -2.05406e-06
0.019 -2.16928e-06
0.020 -2.28468e-06
0.021 -2.40026e-06
0.022 -2.51604e-06
0.023 -2.63203e-06
0.024 -2.74823e-06
0.025 -2.86464e-06
0.026 -2.98129e-06
0.027 -3.09817e-06
0.028 -3.21530e-06
0.029 -3.33269e-06
0.030 -3.45033e-06
0.031 -3.56825e-06
0.032 -3.68644e-06
0.033 -3.80491e-06
0.034 -3.92368e-06
0.035 -4.04275e-06
0.036 -4.16212e-06
0.037 -4.28181e-06
0.038 -4.40182e-06
0.039 -4.52216e-06
0.040 -4.64283e-06
0.041 -4.76385e-06
0.042 -4.88521e-06
0.043 -5.00693e-06
0.044 -5.12900e-06
0.045 -5.25145e-06
0.046 -5.37427e-06
0.047 -5.49746e-06
0.048 -5.62104e-06
0.049 -5.74501e-06
0.050 -5.86938e-06
0.051 -5.99415e-06
0.052 -6.11932e-06
0.053 -6.24491e-06
0.054 -6.37091e-06
0.055 -6.49733e-06
0.056 -6.62418e-06
0.057 -6.75146e-06
0.058 -6.87918e-06
0.059 -7.00733e-06
0.060 -7.13593e-06
0.061 -7.26497e-06
0.062 -7.39447e-06
0.063 -7.52443e-06
0.064 -7.65484e-06
0.065 -7.78572e-06
0.066 -7.91706e-06
0.067 -8.04888e-06
0.068 -8.18117e-06
0.069 -8.31393e-06
0.070 -8.44718e-06
0.071 -8.58091e-06
0.072 -8.71513e-06
0.073 -8.84983e-06
0.074 -8.98503e-06
0.075 -9.12073e-06
0.076 -9.25692e-06
0.077 -9.39362e-06
0.078 -9.53082e-06
0.079 -9.66852e-06
0.080 -9.80674e-06
0.081 -9.94546e-06
0.082 -1.00847e-05
0.083 -1.02245e-05
0.084 -1.03647e-05
0.085 -1.05055e-05
0.086 -1.06469e-05
0.087 -1.07887e-05
0.088 -1.09311e-05
0.089 -1.10740e-05
0.090 -1.12174e-05
0.091 -1.13614e-05
0.092 -1.15059e-05
0.093 -1.16510e-05
0.094 -1.17966e-05
0.095 -1.19428e-05
0.096 -1.20895e-05
0.097 -1.22367e-05
0.098 -1.23845e-05
0.099 -1.25329e-05
0.100 -1.26818e-05
