0.000 0.00000e+00
0.001 -1.51960e-07
0.002 -3.03911e-07
0.003 -4.55840e-07
0.004 -6.07740e-07
0.005 -7.59598e-07
0.006 -9.11406e-07
0.007 -1.06315e-06
0.008 -1.21483e-06
0.009 -1.36642e-06
0.010 -1.51792e-06
0.011 -1.66932e-06
0.012 -1.82061e-06
0.013 -1.97178e-06
0.014 -2.12281e-06
0.015 -2.27371e-06
0.016 -2.42445e-06
0.017 -2.57502e-06
0.018 -2.72543e-06
0.019 -2.87565e-06
0.020 -3.02568e-06
0.021 -3.17551e-06
0.022 -3.32512e-06
0.023 -3.47452e-06
0.024 -3.62368e-06
0.025 -3.77259e-06
0.026 -3.92126e-06
0.027 -4.06966e-06
0.028 -4.21779e-06
0.029 -4.36564e-06
0.030 -4.51320e-06
0.031 -4.66046e-06
0.032 -4.80740e-06
0.033 -4.95403e-06
0.034 -5.10032e-06
0.035 -5.24627e-06
0.036 -5.39188e-06
0.037 -5.53713e-06
0.038 -5.68200e-06
0.039 -5.82650e-06
0.040 -5.97062e-06
0.041 -6.11434e-06
0.042 -6.25765e-06
0.043 -6.40055e-06
0.044 -6.54302e-06
0.045 -6.68507e-06
0.046 -6.82667e-06
0.047 -6.96782e-06
0.048 -7.10851e-06
0.049 -7.24874e-06
0.050 -7.38849e-06
0.051 -7.52776e-06
0.052 -7.66654e-06
0.053 -7.80481e-06
0.054 -7.94258e-06
0.055 -8.07983e-06
0.056 -8.21655e-06
0.057 -8.35274e-06
0.058 -8.48840e-06
0.059 -8.62350e-06
0.060 -8.75805e-06
0.061 -8.89204e-06
0.062 -9.02546e-06
0.063 -9.15830e-06
0.064 -9.29056e-06
0.065 -9.42223e-06
0.066 -9.55330e-06
0.067 -9.68377e-06
0.068 -9.81363e-06
0.069 -9.94288e-06
0.070 -1.00715e-05
0.071 -1.01995e-05
0.072 -1.03269e-05
0.073 -1.04536e-05
0.074 -1.05797e-05
0.075 -1.07051e-05
0.076 -1.08299e-05
0.077 -1.09540e-05
0.078 -1.10774e-05
0.079 -1.12002e-05
0.080 -1.13223e-05
0.081 -1.14438e-05
0.082 -1.15645e-05
0.083 -1.16846e-05
0.084 -1.18040e-05
0.085 -1.19226e-05
0.086 -1.20406e-05
0.087 -1.21579e-05
0.088 -1.22745e-05
0.089 -1.23904e-05
0.090 -1.25056e-05
0.091 -1.26200e-05
0.092 -1.27338e-05
0.093 -1.28468e-05
0.094 -1.29591e-05
0.095 -1.30708e-05
0.096 -1.31816e-05
0.097 -1.32918e-05
0.098 -1.34012e-05
0.099 -1.35100e-05
0.100 -1.36179e-05
