0.000 0.00000e+00
0.001 -9.23462e-07
0.002 -1.84685e-06
0.003 -2.77009e-06
0.004 -3.69312e-06
0.005 -4.61585e-06
0.006 -5.53822e-06
0.007 -6.46016e-06
0.008 -7.38158e-06
0.009 -8.30243e-06
0.010 -9.22261e-06
0.011 -1.01421e-05
0.012 -1.10607e-05
0.013 -1.19785e-05
0.014 -1.28954e-05
0.015 -1.38112e-05
0.016 -1.47259e-05
0.017 -1.56395e-05
0.018 -1.65519e-05
0.019 -1.74629e-05
0.020 -1.83726e-05
0.021 -1.92808e-05
0.022 -2.01875e-05
0.023 -2.10926e-05
0.024 -2.19961e-05
0.025 -2.28978e-05
0.026 -2.37977e-05
0.027 -2.46957e-05
0.028 -2.55918e-05
0.029 -2.64859e-05
0.030 -2.73779e-05
0.031 -2.82677e-05
0.032 -2.91553e-05
0.033 -3.00407e-05
0.034 -3.09236e-05
0.035 -3.18042e-05
0.036 -3.26822e-05
0.037 -3.35577e-05
0.038 -3.44306e-05
0.039 -3.53007e-05
0.040 -3.61681e-05
0.041 -3.70326e-05
0.042 -3.78943e-05
0.043 -3.87530e-05
0.044 -3.96087e-05
0.045 -4.04613e-05
0.046 -4.13107e-05
0.047 -4.21569e-05
0.048 -4.29998e-05
0.049 -4.38394e-05
0.050 -4.46756e-05
0.051 -4.55084e-05
0.052 -4.63376e-05
0.053 -4.71632e-05
0.054 -4.79852e-05
0.055 -4.88035e-05
0.056 -4.96181e-05
0.057 -5.04288e-05
0.058 -5.12357e-05
0.059 -5.20386e-05
0.060 -5.28376e-05
0.061 -5.36326e-05
0.062 -5.44235e-05
0.063 -5.52103e-05
0.064 -5.59929e-05
0.065 -5.67712e-05
0.066 -5.75453e-05
0.067 -5.83151e-05
0.068 -5.90805e-05
0.069 -5.98415e-05
0.070 -6.05980e-05
0.071 -6.13501e-05
0.072 -6.20976e-05
0.073 -6.28405e-05
0.074 -6.35788e-05
0.075 -6.43125e-05
0.076 -6.50414e-05
0.077 -6.57657e-05
0.078 -6.64851e-05
0.079 -6.71998e-05
0.080 -6.79096e-05
0.081 -6.86146e-05
0.082 -6.93146e-05
0.083 -7.00098e-05
0.084 -7.07000e-05
0.085 -7.13852e-05
0.086 -7.20654e-05
0.087 -7.27406e-05
0.088 -7.34107e-05
0.089 -7.40758e-05
0.090 -7.47357e-05
0.091 -7.53906e-05
0.092 -7.60403e-05
0.093 -7.66849e-05
0.094 -7.73243e-05
0.095 -7.79585e-05
0.096 -7.85876e-05
0.097 -7.92114e-05
0.098 -7.98300e-05
0.099 -8.04434e-05
0.100 -8.10516e-05
