0.000 0.00000e+00
0.001 -3.80476e-09
0.002 -7.60920e-09
0.003 -1.14130e-08
0.004 -1.52158e-08
0.005 -1.90172e-08
0.006 -2.28171e-08
0.007 -2.66149e-08
0.008 -3.04105e-08
0.009 -3.42035e-08
0.010 -3.79935e-08
0.011 -4.17803e-08
0.012 -4.55635e-08
0.013 -4.93428e-08
0.014 -5.31180e-08
0.015 -5.68887e-08
0.016 -6.06546e-08
0.017 -6.44154e-08
0.018 -6.81709e-08
0.019 -7.19207e-08
0.020 -7.56645e-08
0.021 -7.94022e-08
0.022 -8.31333e-08
0.023 -8.68577e-08
0.024 -9.05751e-08
0.025 -9.42853e-08
0.026 -9.79879e-08
0.027 -1.01683e-07
0.028 -1.05370e-07
0.029 -1.09048e-07
0.030 -1.12719e-07
0.031 -1.16380e-07
0.032 -1.20033e-07
0.033 -1.23677e-07
0.034 -1.27311e-07
0.035 -1.30936e-07
0.036 -1.34552e-07
0.037 -1.38157e-07
0.038 -1.41753e-07
0.039 -1.45339e-07
0.040 -1.48915e-07
0.041 -1.52480e-07
0.042 -1.56035e-07
0.043 -1.59579e-07
0.044 -1.63112e-07
0.045 -1.66635e-07
0.046 -1.70147e-07
0.047 -1.73648e-07
0.048 -1.77138e-07
0.049 -1.80617e-07
0.050 -1.84085e-07
0.051 -1.87542e-07
0.052 -1.90988e-07
0.053 -1.94422e-07
0.054 -1.97845e-07
0.055 -2.01257e-07
0.056 -2.04658e-07
0.057 -2.08048e-07
0.058 -2.11427e-07
0.059 -2.14795e-07
0.060 -2.18151e-07
0.061 -2.21497e-07
0.062 -2.24832e-07
0.063 -2.28155e-07
0.064 -2.31469e-07
0.065 -2.34771e-07
0.066 -2.38063e-07
0.067 -2.41345e-07
0.068 -2.44617e-07
0.069 -2.47878e-07
0.070 -2.51129e-07
0.071 -2.54371e-07
0.072 -2.57603e-07
0.073 -2.60826e-07
0.074 -2.64039e-07
0.075 -2.67243e-07
0.076 -2.70438e-07
0.077 -2.73625e-07
0.078 -2.76803e-07
0.079 -2.79973e-07
0.080 -2.83136e-07
0.081 -2.86290e-07
0.082 -2.89437e-07
0.083 -2.92577e-07
0.084 -2.95710e-07
0.085 -2.98837e-07
0.086 -3.01957e-07
0.087 -3.05071e-07
0.088 -3.08180e-07
0.089 -3.11283e-07
0.090 -3.14382e-07
0.091 -3.17475e-07
0.092 -3.20565e-07
0.093 -3.23650e-07
0.094 -3.26733e-07
0.095 -3.29811e-07
0.096 -3.32887e-07
0.097 -3.35961e-07
0.098 -3.39033e-07
0.099 -3.42103e-07
0.100 -3.45172e-07
