0.000 0.00000e+00
0.001 -1.64988e-09
0.002 -3.29986e-09
0.003 -4.95008e-09
0.004 -6.60064e-09
0.005 -8.25166e-09
0.006 -9.90325e-09
0.007 -1.15555e-08
0.008 -1.32086e-08
0.009 -1.48626e-08
0.010 -1.65176e-08
0.011 -1.81738e-08
0.012 -1.98313e-08
0.013 -2.14901e-08
0.014 -2.31505e-08
0.015 -2.48125e-08
0.016 -2.64762e-08
0.017 -2.81418e-08
0.018 -2.98095e-08
0.019 -3.14792e-08
0.020 -3.31512e-08
0.021 -3.48256e-08
0.022 -3.65026e-08
0.023 -3.81821e-08
0.024 -3.98645e-08
0.025 -4.15498e-08
0.026 -4.32381e-08
0.027 -4.49297e-08
0.028 -4.66246e-08
0.029 -4.83229e-08
0.030 -5.00249e-08
0.031 -5.17307e-08
0.032 -5.34404e-08
0.033 -5.51542e-08
0.034 -5.68722e-08
0.035 -5.85946e-08
0.036 -6.03216e-08
0.037 -6.20533e-08
0.038 -6.37898e-08
0.039 -6.55314e-08
0.040 -6.72782e-08
0.041 -6.90304e-08
0.042 -7.07881e-08
0.043 -7.25516e-08
0.044 -7.43210e-08
0.045 -7.60964e-08
0.046 -7.78782e-08
0.047 -7.96664e-08
0.048 -8.14612e-08
0.049 -8.32629e-08
0.050 -8.50717e-08
0.051 -8.68876e-08
0.052 -8.87110e-08
0.053 -9.05421e-08
0.054 -9.23810e-08
0.055 -9.42279e-08
0.056 -9.60831e-08
0.057 -9.79467e-08
0.058 -9.98191e-08
0.059 -1.01700e-07
0.060 -1.03591e-07
0.061 -1.05490e-07
0.062 -1.07400e-07
0.063 -1.09319e-07
0.064 -1.11248e-07
0.065 -1.13187e-07
0.066 -1.15137e-07
0.067 -1.17098e-07
0.068 -1.19069e-07
0.069 -1.21052e-07
0.070 -1.23046e-07
0.071 -1.25052e-07
0.072 -1.27070e-07
0.073 -1.29101e-07
0.074 -1.31143e-07
0.075 -1.33198e-07
0.076 -1.35267e-07
0.077 -1.37348e-07
0.078 -1.39443e-07
0.079 -1.41552e-07
0.080 -1.43675e-07
0.081 -1.45812e-07
0.082 -1.47963e-07
0.083 -1.50129e-07
0.084 -1.52311e-07
0.085 -1.54508e-07
0.086 -1.56720e-07
0.087 -1.58948e-07
0.088 -1.61193e-07
0.089 -1.63453e-07
0.090 -1.65731e-07
0.091 -1.68025e-07
0.092 -1.70337e-07
0.093 -1.72666e-07
0.094 -1.75013e-07
0.095 -1.77378e-07
0.096 -1.79761e-07
0.097 -1.82163e-07
0.098 -1.84584e-07
0.099 -1.87024e-07
0.100 -1.89483e-07
